
0.000843093974917024, 0.0001568658553620581, 1.736933493736347e-06, -0.0007360180455023463, -0.0012661931913823456, -0.0011094003410156508, 0.0021099148141275254
type_1_errors: 195 ; type_2_errors: 10933; hits: 6 ; ratio: 0.03076923076923077
3.6450417649256694e-20, -6.66060828365571e-21, -9.668834264512429e-20, -1.1272871240222342e-19, -4.043309475891536e-21, 1.0811402292233795e-18, 1.7267298956012724e-20
type_1_errors: 179 ; type_2_errors: 10937; hits: 2 ; ratio: 0.0111731843575419
3.708295678828089e-10, -4.419188373448325e-10, 9.357969391455751e-11, -7.561144585956657e-11, -8.160333248623678e-11, 3.3924638487515773e-13, 1.3438518335383522e-10
type_1_errors: 222 ; type_2_errors: 10938; hits: 1 ; ratio: 0.0045045045045045045
-0.0036113338814715962, 0.0014200563831411332, 0.0015056447134678985, 0.0019006239115465346, 0.0014747714081827742, -0.00010627203175298062, -0.0025834905031138083
type_1_errors: 348 ; type_2_errors: 10938; hits: 1 ; ratio: 0.0028735632183908046
0.000843093974917024, 0.0001568658553620581, 1.736933493736347e-06, -0.0007360180455023463, -0.0012661931913823456, -0.0011094003410156508, 0.0021099148141275254
type_1_errors: 195 ; type_2_errors: 10933; hits: 6 ; ratio: 0.03076923076923077
3.6450417649256694e-20, -6.66060828365571e-21, -9.668834264512429e-20, -1.1272871240222342e-19, -4.043309475891536e-21, 1.0811402292233795e-18, 1.7267298956012724e-20
type_1_errors: 179 ; type_2_errors: 10937; hits: 2 ; ratio: 0.0111731843575419
3.708295678828089e-10, -4.419188373448325e-10, 9.357969391455751e-11, -7.561144585956657e-11, -8.160333248623678e-11, 3.3924638487515773e-13, 1.3438518335383522e-10
type_1_errors: 222 ; type_2_errors: 10938; hits: 1 ; ratio: 0.0045045045045045045
-0.0036113338814715962, 0.0014200563831411332, 0.0015056447134678985, 0.0019006239115465346, 0.0014747714081827742, -0.00010627203175298062, -0.0025834905031138083
type_1_errors: 348 ; type_2_errors: 10938; hits: 1 ; ratio: 0.0028735632183908046
0.1160883767526168, 0.04655554277135323, -0.0257082771362083, -0.09151563925524415, -0.16303840646559237, -0.225851135130717, 0.34346953846379175
type_1_errors: 0 ; type_2_errors: 10939; hits: 0 ; ratio: 0
-0.051736835664689965, -0.12332881292834565, 0.15807199514936573, 0.09092851008916561, 0.02681161243696368, -0.031631657109019676, -0.06911481197343979
type_1_errors: 0 ; type_2_errors: 10939; hits: 0 ; ratio: 0
-5.219734758267066e-09, 4.673760823805507e-09, 1.090127845168746e-09, 1.2884964547253865e-09, -6.343982689489413e-10, 9.92400359090405e-10, -2.190652414369838e-09
type_1_errors: 326 ; type_2_errors: 10938; hits: 1 ; ratio: 0.003067484662576687
-0.007108973867239673, -0.0052480881899836795, 0.017762745661740433, -0.0008488891818860313, 0.0021903354940665826, -0.003990701936080403, -0.0027564279806172585
type_1_errors: 152 ; type_2_errors: 10939; hits: 0 ; ratio: 0.0
0.0026246254050525555, -0.002240407221451974, -0.003664235959315355, 0.002215296886698925, 0.0023183720199733736, -0.0011714071858373134, -8.224394512011316e-05
type_1_errors: 239 ; type_2_errors: 10936; hits: 3 ; ratio: 0.012552301255230125
-0.006724263718925686, 0.0006034404702382217, 0.011975162454505917, 0.00036434632357820046, -0.003650102302470156, -0.0043651042214549384, 0.0017965209945284522
type_1_errors: 377 ; type_2_errors: 10939; hits: 0 ; ratio: 0.0
0.1575773963180986, 0.06304799319836686, -0.03152545137697613, -0.1259539384955937, -0.22036334628470236, -0.3160140303363365, 0.4732313769771432
type_1_errors: 0 ; type_2_errors: 10939; hits: 0 ; ratio: 0
-0.001149776605346962, -0.0019517940294093074, -0.008658310627502828, 0.010118553631305581, 0.009366088122925796, 0.0022030351493711256, -0.009927795641343462
type_1_errors: 176 ; type_2_errors: 10937; hits: 2 ; ratio: 0.011363636363636364
-0.004399126112127764, 0.01791314275123519, 0.008445487941406366, -0.021131303533157623, -0.015614053790045112, -0.002330890669472164, 0.01711674341216096
type_1_errors: 45 ; type_2_errors: 10939; hits: 0 ; ratio: 0.0
-0.07690131206749372, 0.09307661223144342, 0.018998646127097337, -0.003341867447840001, -0.021260833114878117, -0.02742250468736801, 0.016851258959039096
type_1_errors: 0 ; type_2_errors: 10939; hits: 0 ; ratio: 0
-0.00011620920701037524, -0.0007531865325001265, 0.0011503902886145717, 0.00023642783031330682, -6.79042411591348e-05, -0.0007118482585171039, 0.00026233012025884896
type_1_errors: 241 ; type_2_errors: 10938; hits: 1 ; ratio: 0.004149377593360996
-0.0016079299339554747, -0.00021257945831181242, 0.002604299174638929, 0.0005096539516622917, 9.59806502123269e-05, -0.001427642958675315, 3.8218574429050624e-05
type_1_errors: 330 ; type_2_errors: 10939; hits: 0 ; ratio: 0.0
0.0030404897442764625, -0.002570902742980067, -0.0006572540976534284, -0.0011052656591944742, 0.00045467778609703985, -0.0003529669547551845, 0.001191221924209711
type_1_errors: 382 ; type_2_errors: 10938; hits: 1 ; ratio: 0.002617801047120419
-0.0007085622938761283, -0.00214368176899054, 0.00047398709345113815, 0.0038869277240230864, 0.0010652011501225407, -0.0007173512379094439, -0.0018565206668206724
type_1_errors: 355 ; type_2_errors: 10939; hits: 0 ; ratio: 0.0
-0.010030136638690686, 0.0009362534312379076, 0.005305001166077269, 0.006849780944171173, 0.006707521953557727, 0.00031516127201660754, -0.010083582128369972
type_1_errors: 428 ; type_2_errors: 10938; hits: 1 ; ratio: 0.002336448598130841
0.0077073836463534395, -0.00017356653471671668, -0.012438641695971373, -0.000677504342939212, 0.0034472453570062686, -0.00048388010584646805, 0.0026189636761140564
type_1_errors: 228 ; type_2_errors: 10936; hits: 3 ; ratio: 0.013157894736842105
-0.006238273842985909, -0.004129411218980974, 0.01633213026090543, -0.0017129369960392437, 0.0001343410598940984, -0.0023816930224717847, -0.0020041562403215903
type_1_errors: 183 ; type_2_errors: 10939; hits: 0 ; ratio: 0.0
-0.01276969285200799, -0.008226589215669093, 0.011618541780560002, 0.017215037348692924, 0.012316241891684862, -0.005000659761295302, -0.015152879191965476
type_1_errors: 278 ; type_2_errors: 10939; hits: 0 ; ratio: 0.0
0.0111663529531164, -0.014806580264756477, -0.01511816550341352, 0.015086902459799146, 0.01101126729339295, 0.00022420365255490515, -0.007563980590693346
type_1_errors: 32 ; type_2_errors: 10939; hits: 0 ; ratio: 0.0
-9.023120052004809e-05, -8.706490678555539e-06, 5.852038571626367e-05, 9.274108440072e-05, 3.2776642413297714e-05, 7.061575619246442e-06, -9.216199695092745e-05
type_1_errors: 243 ; type_2_errors: 10939; hits: 0 ; ratio: 0.0
0.0016733629890113293, -0.0007822278164239874, -0.0006019576402542723, -0.001017500567573324, -0.0005599668299631951, 0.0004512270717155182, 0.0008370627934879667
type_1_errors: 256 ; type_2_errors: 10935; hits: 4 ; ratio: 0.015625
0.00017098804963799376, 0.0017804246328710534, 0.0010343366773744186, -0.0024651189967975604, -0.0031223516008541, -0.00042533797957996155, 0.0030270592173481836
type_1_errors: 314 ; type_2_errors: 10923; hits: 16 ; ratio: 0.050955414012738856
0.001769272098554107, 0.001121840147801309, -0.00013953862987523452, -0.0026045408228594, -0.0031681254899168496, -0.00151680536241857, 0.004537898058714569
type_1_errors: 236 ; type_2_errors: 10925; hits: 14 ; ratio: 0.059322033898305086
-0.0030248375031451374, 0.0032035004725533404, -0.0006270791190158606, 0.000986627256163622, 0.0008048166397999978, 7.032408407657547e-05, -0.0014133518304325814
type_1_errors: 239 ; type_2_errors: 10938; hits: 1 ; ratio: 0.0041841004184100415
-0.002690491787625056, 0.0075086248785113646, -0.0001923343939261874, -0.006147052299615461, -0.0026124031758024586, 0.003035127159349437, 0.0010985296191083186
type_1_errors: 299 ; type_2_errors: 10939; hits: 0 ; ratio: 0.0
0.001787585583097638, -0.003563113473447102, 0.00256533752619048, -0.00020098800344772123, -0.0013067930183279165, 4.525381088649402e-05, 0.00067271757504805
type_1_errors: 290 ; type_2_errors: 10938; hits: 1 ; ratio: 0.0034482758620689655
-0.005222697138470192, 0.00333739880503928, -0.008670121905656334, 0.008424347089674666, 0.009446888245263789, 0.005162858668698972, -0.01247867376455004
type_1_errors: 235 ; type_2_errors: 10937; hits: 2 ; ratio: 0.00851063829787234
0.034340155729771754, 0.01324264669266286, -0.005034942253029176, -0.03362870415337855, -0.04808550168881821, -0.055057282992056054, 0.09422362866484742
type_1_errors: 0 ; type_2_errors: 10939; hits: 0 ; ratio: 0
0.012156649798949926, 0.04997872132144583, -0.035475526764577894, -0.04551645052968292, -0.02957291084727031, 0.014763774940972302, 0.03366574208016311
type_1_errors: 0 ; type_2_errors: 10939; hits: 0 ; ratio: 0
-0.10621189578696777, -0.19286695325859354, 0.3708671992760878, 0.036478608925739675, 0.03745973838470855, -0.06621795963621299, -0.07950873790476157
type_1_errors: 0 ; type_2_errors: 10939; hits: 0 ; ratio: 0
-0.00045229348059597354, -0.000180693032391163, 0.00010932056004852134, 0.00044564599707864094, 0.0005561884837009799, 0.0007306288466996957, -0.0012087973745406996
type_1_errors: 165 ; type_2_errors: 10937; hits: 2 ; ratio: 0.012121212121212121
-0.002018672381159029, -0.0008010199571472934, 0.0004064972154029576, 0.0020884172377083985, 0.0025630842792929718, 0.003099724939367706, -0.005338031333465704
type_1_errors: 165 ; type_2_errors: 10938; hits: 1 ; ratio: 0.006060606060606061
-0.0005247233850595315, -0.001062021306663499, -0.0001506858590536904, 0.0012988188307679412, 0.0020542537834934314, 0.001056226220598893, -0.002671868284083502
type_1_errors: 300 ; type_2_errors: 10939; hits: 0 ; ratio: 0.0
0.0004965229548559849, 0.0007171661916800637, -0.0011188943748954708, -0.0007933451692684984, -5.741637322997444e-05, 0.0004054770663110576, 0.0003504897045468265
type_1_errors: 231 ; type_2_errors: 10937; hits: 2 ; ratio: 0.008658008658008658