[0, 3, 5, 7, 12] 0.11849605232207079 1.142406788830093
[0, 4, 10, 11, 14] 0.1115212467812691 1.1628786124252728
[0, 2, 7, 9, 13] 0.11726076983465138 1.1660665977346383
[3, 7, 9, 13, 14] 0.11469377422823973 1.1615484808509626
[0, 3, 8, 11, 13] 0.11467553384490956 1.1653847039773513
[2, 9, 10, 12, 14] 0.10919866665816821 1.1806214120970628
[2, 4, 5, 10, 14] 0.11321310895368203 1.1618543184977925
[3, 4, 8, 10, 12] 0.11641187524636205 1.1743722434110377
[0, 1, 3, 7, 14] 0.11963504191690606 1.1447320154136675
[0, 1, 6, 7, 14] 0.11759583144533067 1.1634542455968617
[4, 5, 7, 12, 14] 0.12013680425680585 1.1479634219607744
[3, 10, 12, 13, 14] 0.11937754182915673 1.1630225047758878
[0, 5, 7, 10, 12] 0.12706523335403933 1.1430269078297448
[1, 3, 7, 8, 10] 0.11586650295069234 1.1526036256588064
[0, 2, 3, 6, 14] 0.11844287395750916 1.1486359427568404
[0, 1, 2, 4, 14] 0.12011365729909614 1.1512996280289378
[2, 4, 9, 12, 14] 0.12180119153342953 1.158970000215826
[0, 9, 11, 13, 14] 0.11421552539656751 1.1702116602523942
[1, 3, 6, 8, 11] 0.116782072312642 1.152077756485855
[0, 6, 7, 10, 11] 0.11759581674623128 1.159862225334633
[0, 2, 4, 6, 11] 0.11362214446117826 1.1754815983922813
[0, 6, 7, 10, 14] 0.11413421253228236 1.166384401916722
[0, 3, 9, 11, 14] 0.11949857945308597 1.1524317499860977
[0, 1, 3, 7, 14] 0.11963504191690606 1.1447320154136675
[0, 5, 6, 8, 10] 0.11616873353319669 1.1614117524569054
[1, 5, 6, 7, 13] 0.10532186755286807 1.1842260957131276
[0, 2, 7, 11, 14] 0.12027860994420785 1.1545948778189281
[0, 5, 8, 10, 14] 0.12153194608671858 1.1523989353564112
[2, 3, 5, 10, 12] 0.11438671779193364 1.1606906844618994
[2, 4, 7, 12, 14] 0.12301675089728697 1.158656964680503
[1, 3, 6, 10, 11] 0.11741563717041188 1.155221255275998
[1, 2, 6, 11, 12] 0.11621050031389257 1.145154237664698
[2, 4, 5, 7, 8] 0.11565428808069225 1.156735348076272
[0, 7, 12, 13, 14] 0.11755981988517665 1.1690199046453051
[1, 6, 7, 8, 9] 0.11045289598854133 1.1754695197885892
[1, 3, 8, 10, 11] 0.1191487413054215 1.1447199329127422
[1, 2, 5, 11, 12] 0.11604214826994366 1.1506018045060131
[0, 6, 7, 9, 12] 0.113727940217302 1.165502263733397
[2, 3, 4, 6, 12] 0.11371791999857679 1.1608989082489682
[6, 9, 12, 13, 14] 0.11368530527079206 1.1754901271568685
[2, 3, 5, 6, 14] 0.12188958193447991 1.1586488967209871
[1, 4, 10, 11, 14] 0.11169135778317332 1.1752552613669518
[2, 4, 6, 8, 12] 0.11315114590914718 1.1766105524398551
[4, 5, 6, 8, 14] 0.11856369334177819 1.1569879509747705
[0, 1, 7, 12, 14] 0.12079961870493841 1.1517940269579634
[0, 5, 8, 9, 10] 0.11612363390330656 1.154368992365976
[4, 5, 6, 9, 13] 0.11582475638051781 1.176132774768009
[1, 2, 3, 8, 13] 0.12374283311695222 1.1535422199153171
[0, 4, 7, 9, 14] 0.12170762756686813 1.1521699201523035
[1, 2, 5, 9, 10] 0.11857759721387462 1.145308852450191
[4, 7, 9, 11, 13] 0.11647908198195016 1.150307660616501
