0.00463258504114655, 0.00035483546152242294, -0.0008598970084772267, -0.001218757135308668, -0.0010820287009802143, -0.0014070395700603944, -0.0011448334652928783, -0.0007674812379414722, -0.00031342374554292857, -0.0003275230048932687, -0.001045199141067931, -0.0005899730785493211, 0.0003586175983527077, 0.0010223586434960738, 0.00238775934359655
-0.0033259615748087576, -0.0018143526441063626, -0.0009166420886374729, 5.1879420591542926e-05, 0.0003641336770521221, 0.0013831517842363204, 0.0025702806763310652, 0.0029665186571648542, 0.002756491405640042, 0.0013980837073892516, 0.0008488813725138819, 0.0003100281574182036, -0.0013036063951383065, -0.0020862651244223716, -0.0032026210312239775
-0.017549280316054277, -0.004400681686194883, 0.0037327405003530242, 0.006505031731800544, 0.0071017974413018934, 0.005403442758851784, 0.005008347188427832, 0.004047188707835205, 0.001681579011395661, 0.0009413710464954821, -0.00045159909375486917, -0.001993543340660775, -0.0028060148890883423, -0.002892779539376489, -0.0043275995213318845
0.0067800046115928814, 0.004857795938908631, -0.0069805527410445834, -0.01733697613164434, -0.01121080947927863, -0.0059958163007175136, -0.004379195316385027, 0.010801917403400823, 0.0020938466420545193, 0.007220373609576586, 0.027187643620696002, 0.02053488750743227, 0.013903894695215083, -0.004935433516692174, -0.042541580543114445
-0.007581168410208223, -0.003474078232761468, -0.002406820304654359, 0.0015290667853827208, 0.005791001910068859, 0.004745633927363661, 0.003789792219221552, 0.0030676142883396427, 0.0021482862144928043, 0.0006700706798965408, -0.0001680457807592336, -8.977312026213453e-05, -0.000751949678971562, -0.0028455472783275437, -0.0044240832188212065
-0.0005109647284372488, -0.0006916335203909326, -0.003700582017786699, 0.0033001337311427447, -0.007242964469202695, -0.006947678877333944, 0.004005105286819495, 0.007995648668677717, 0.009096486820167284, 0.009701826297113532, -0.0063918204702810445, -0.0007292761774163801, -0.0009007896709580129, -0.0023327359044757667, -0.00465075496763807
0.004572755700333217, -0.00652665086134591, -0.009418631822659673, -0.014396332990080633, -0.006263498788719034, 0.005013182258879692, 0.008173582153973869, 0.018987228193954205, 0.013192584938017534, 0.007793067706591321, 0.004192449163812213, 0.0007629017687037343, -0.007941451722527635, -0.009868227553928766, -0.008272958145004082
-0.0005406748201566445, 0.0001246202212384305, -0.0028817075004718916, 0.004763826272776629, -0.005515768475188015, -0.006847806126464298, 0.003833048836647873, 0.005549148020955827, 0.005694398477602614, 0.006560764295939478, -0.007071799922146647, -0.0006084689698351112, -0.0004243969084873767, -0.0006015132688480439, -0.0020336701335628197
-0.0031025394326501497, -0.0006276376084139138, -0.002401941154571466, -0.0010169920840203813, 0.0006735411097125553, 0.0019400659215956385, 0.002990452609974632, 0.0006957849825291419, 0.0032854827014609823, 0.005442663819453856, 0.002028080694987284, -0.002635541753409264, -0.003100143255906134, -0.0023166987173666434, -0.0018545778333761119
-0.004575839935465445, -0.0032960896308114997, -0.00616943575772603, -0.007881956758618055, -0.001618645931017381, 0.009683095964986326, 0.007274618918578748, 0.006248055890794721, 0.014333377216366197, 0.011863442090387654, -0.003498399046606944, -0.007531516400557354, -0.00265342058324997, -0.00867155641985518, -0.00350572961720579
-0.7377036021314984, 0.21023369964239552, 0.18563976471044738, 0.16331378723756343, 0.1380957482078118, 0.11375069738191854, 0.08956990552877377, 0.06539197720748581, 0.03789409061138891, 0.016145256277441997, -0.00798833215598557, -0.031147115635910817, -0.05491581403314514, -0.08119786630428479, -0.10708219654440251
-1.3902934064490237e-19, -3.152784336156798e-20, 8.869587916735151e-21, 3.898226230313912e-20, 8.815414857632666e-20, 2.917706298775188e-20, 4.285451190773804e-20, 1.4304088256621184e-20, 6.795214897405558e-20, 5.0406591036851085e-20, -5.584879066662059e-18, -6.150412584294378e-20, -3.308944539362033e-20, -5.2517181011822393e-20, 7.089233654554995e-21
-0.012798392930711801, -0.0056758334066042354, -0.00937179959712509, -0.009423450262821499, 0.0014592556715306848, 0.01669035466020202, 0.012105721654389806, 0.00788964271480011, 0.021153014630538335, 0.018859710704195322, -0.0047866555510459995, -0.009064165702974258, -0.0024307011582718847, -0.017812257198042743, -0.006794444228058812
0.008106301855821414, -0.007190013012683999, 0.002115191634020283, 0.009422526547689356, 0.006870246540147534, -0.007404828645517361, -0.012191340889997043, 0.0014424176119060134, -0.00820826837831864, 0.009234246027456797, -0.00575126636240568, -0.012967752527792229, -0.0017235863303106252, 0.004760523621628457, 0.01348560230835558
0.016744722453794717, 0.005257143934961103, -0.0024039799535149355, -0.005057745741386238, -0.008249987479778648, -0.005748934773824582, -0.005805356201753463, -0.004171248433565064, -0.0025260427523817485, -0.0006634413434955484, 9.514284137689469e-06, 0.00013874354848282777, 0.002456742434926375, 0.00470154408091525, 0.005318325942482354
0.01862558920388277, 0.008975560548571054, 0.0001980627341461705, 0.0009859263683874326, -0.0029781724714021893, -0.013456943368682204, -0.010466583041200765, -0.01100802684503599, -0.011295896819004551, -0.007331571371009905, 0.0014048560638981384, 0.0006707607758668618, 0.003778250994308956, 0.010265617626486312, 0.011632569600787753
0.020854468320617197, 0.011381984421142069, 0.004148212829214883, -0.0024584740786864805, -0.004966494309369712, -0.008111856462753263, -0.01059534926108529, -0.0151571272913972, -0.010878257035994338, -0.012707109344194287, -0.009729026008053402, -0.0014894281017290428, 0.0067290484640574215, 0.009602023684649373, 0.023377384173582323
0.007231086829688381, 0.00893380598947369, 0.005498355579251718, 0.009022855246645114, 0.002253601577644355, 0.0018633010574104602, -0.006700517981089787, -0.02254472047921078, -0.0237944594737651, -0.015475791344902437, -0.008255115726051233, 0.003949522797363801, 0.009054118052535608, 0.012714465741287779, 0.016249492133718273
0.03687358988868277, 0.012271135943606341, -0.004895333356235185, -0.012760670977943967, -0.013472000449545279, -0.016398597104176824, -0.014151089766224525, -0.011949909850843501, -0.006340146591061591, -0.0009573659585866902, 0.0020050705125599596, 0.005120950550909391, 0.006965523882745214, 0.008035348713355617, 0.009653494562758484
0.11918265627897544, 0.10406116625235584, 0.07095231630677375, -0.048831400536513705, -0.11706953181692956, -0.10172143778474556, -0.08309406291638152, -0.061819543366205695, -0.03669006473869689, -0.0230760542846994, 0.001992462898727932, 0.019737285641794767, 0.032049346873631264, 0.0522830837486989, 0.07204377744321414
0.02629735017292018, 0.0038639312437108633, -0.0076668842394193495, -0.01185907432452995, -0.014474722297442219, -0.008579390535062395, -0.00813446414156582, -0.005788550223390828, 0.004008549212165935, 0.02400064952192046, 0.006922126207612567, -0.00781995830141755, -0.007131626999390514, -0.002404196470028649, 0.008766261173917548
0.0027665872377455646, 0.0017050783143757518, 0.00014985132477022726, -0.0006681879581767346, -0.0016358000610227543, -0.0014696318215439814, -0.001535754361280733, -0.001875055061454246, -0.0013325472689845448, -0.0002882099605113685, 0.0005617375149632245, 0.0013295332875722778, 0.0010441138588342506, 0.0007622753281534871, 0.0004860096265595772
-0.01019418774976966, -0.0016045283568041748, 0.004290513822235741, 0.0035242231804627545, 0.0030676023971578964, 0.006811239703201872, -0.0033879559229281603, -0.0006948910087887404, 0.0007318267861080218, 0.0012829321451416585, -0.002943109524303253, 0.0019082870375762599, 0.005394475898888096, -0.00223141682778782, -0.005955011580390557
-0.013280201864027388, -0.006300079059349946, -0.00890560824688719, -0.007471237393628628, 0.0032801136165798396, 0.015355374151686469, 0.011645889909266927, 0.0072935863350841075, 0.01875988977523955, 0.01665228576466325, -0.0024091353040270134, -0.00709556434309967, -0.0037202854421624133, -0.015803925335226836, -0.00800110256411079
-0.022760115055452643, 0.004663209603545843, 0.005262391374251885, 0.005732348784487334, 0.004205574465015234, 0.004712566840065431, 0.00448750670898972, 0.0020508629379268864, 0.0011485812503287498, 0.00038498012786202293, -0.0008829772385037166, -0.0002722547901608245, -0.0019066368912968408, -0.0035640286724812472, -0.003262009444577871
0.018793640843009725, 0.002215311441056743, -0.004166066905742117, -0.0080884146697192, -0.006557444755456201, -0.0040699304592342915, -0.0043354403389138235, -0.0011159103032618346, -0.0010239490598411153, -0.0009673627416905519, -0.001534070118886845, 0.00016273323705591516, 0.0025430583794974846, 0.003296532294642009, 0.004847313157484269
0.02785949378497456, 0.014558386347826299, -0.005395007713135796, -0.012914741038764993, -0.013370610507246883, -0.012407063293348316, -0.008981773381669445, -0.005624771661099827, -0.0015990763056693595, -0.001394247436380851, -0.0031075811405547604, 0.000699428544123216, 0.0015056813503728304, 0.00799394311134087, 0.012177939339232448
-0.0468366112241895, -0.009778025257047292, 0.04778640815334002, 0.029778031496813198, 0.023824111528953484, 0.014191552411425645, -0.008794439736409079, -0.01495176771813372, -0.019081545989924432, -0.02633753241378775, -0.019519169139195297, -0.01004697729158271, 0.013809278944878595, 0.01766043465134205, 0.00829625158351667
0.04435181056964127, 0.001521756666215831, -0.0020592913715742054, -0.013199045622541547, -0.03300833484766691, -0.022644047044870268, -0.0009407078305389355, 0.02177111844879004, 0.019956870073622634, 0.006296499996918807, -0.033397049197514586, -0.029413357300890147, -0.01478628207262212, 0.018377531465987394, 0.037172528067042424
-0.007526229747298103, -0.002317181603589973, -0.0020969840341309052, -0.0001737329376748849, 0.0034047975415773266, 0.0032511885618673676, 0.0044075045821853455, -8.672874356462388e-05, 0.0042560188645955534, 0.009071979910763956, 0.0036196803038481343, -0.0035525283417627957, -0.0032241834683951975, -0.003664941886980607, -0.005368659001440812
0.01927602077537683, 0.011238105735224475, 0.0007270519744832666, -0.0074443470417105, -0.013877097462219148, -0.010434632387238543, -0.008755571075959496, -0.005871108054364894, -0.00348304854097388, -0.0002933464582978139, 2.5250921335078255e-05, 0.001884189028705532, 0.004971194933311073, 0.007697582346647279, 0.00433975530568116
-0.002159624337902138, 0.00965860471372477, 0.007067203520645092, 0.008895248188109677, 0.007761513435462243, -0.0006088815093615146, -0.005587428703933396, -0.012350341468985351, -0.01294214883016779, -0.023929934327548363, -0.012190728467477525, -0.002087490475337013, 0.010486741972782333, 0.0123897922483626, 0.01559747404162656
-0.00013370097015471784, 0.006187701811768705, 0.004297563078058945, 0.004252005849426321, 0.011782909076225472, 0.00368585657725545, -0.007211494664540384, -0.01745843472479487, -0.0174976358298331, -0.012608651362291765, -0.0027682693906863004, 0.0057349963856895, 0.0022198841991215397, 0.009445460979004113, 0.0100718089857516
0.026705364745351304, 0.016853683872661677, 0.006705480779280111, -0.0028350474535522464, -0.013315612282949203, -0.006615094790845658, -0.008840867565605778, -0.015790422024409122, -0.021366517859516803, -0.02247314431891729, -0.01395973920904329, -0.0039004071727377614, 0.00878956015559104, 0.022224513295900326, 0.02781824982879302
0.02940770455939443, 0.016898062680895092, 0.009047548708194337, -0.0009364257013441062, -0.0012031726039527018, -0.008473985953847268, -0.015488304846141462, -0.02317938161844728, -0.02757543129225857, -0.03701536338040892, -0.013165277590757652, -0.0030236925445242353, 0.014292584968628353, 0.028483551970651125, 0.03193158264391863
-0.6747559529232223, 0.19471417093140506, 0.16887841170658827, 0.1454139481003714, 0.1271750331603902, 0.10534612448103418, 0.08134534284300719, 0.05915778343275567, 0.03446650967792454, 0.018569793142829534, -0.006512529088416387, -0.02959960424858425, -0.05244515963117315, -0.0754367048927857, -0.09631716669212438
0.0670259437408448, 0.027332777179375836, 0.025064246168290217, 0.011057761395499487, -0.01467742123501145, -0.038709122030027826, -0.05041422602566471, -0.06362746688918836, -0.04826226894596054, -0.03125401241544992, -0.007227717551005037, 0.007466203158259654, 0.022423473685954345, 0.03527573108665663, 0.05852609867742694
1.3002424172791338e-07, 6.541634331068877e-08, 8.867228419956463e-09, -3.1002907811725924e-08, -7.646828453741223e-08, -5.9007957906121884e-08, -7.066975441576439e-08, -4.4392667719900914e-08, -2.8074341938900324e-08, -4.67574137482785e-08, -2.1680491560999805e-08, 1.7563068412850633e-08, 5.917533605537823e-08, 5.364978405749087e-08, 4.335781784321139e-08
-0.03278970055675921, -0.00978062427453958, -0.018641627556034643, 0.004306962992897267, 0.035428804725549705, 0.032230554512030066, 0.00916192911563201, 0.014696714749964382, 0.007619077296708091, -0.003831154924506914, -0.008852120728549014, -0.009495969606273332, -0.008285325767721471, -0.004100258813639484, -0.007667261164757799
-0.0035259544026889854, 1.9995831277501855e-05, 0.0013791586379947444, 0.002026144514670385, 0.002272579988493968, 0.0020751977070345325, -0.000797427302209447, -0.00226057924582364, -0.0012829229689894576, -1.8720786877961536e-05, 0.0002501500088025417, -0.0004093241331968488, -0.00038357124017544657, -0.00014752700302454519, 0.000802800394712651
0.006229171297320832, 0.0013554602042506493, -0.00012099932554143766, 0.0008675971885161624, 0.0006280161297720008, -0.002872494582435672, -0.0048764237483014065, -0.005286449295627647, -0.004009047386033303, -0.001968682831675046, 0.00049636518460757, 0.001565571901039356, 0.003452002408720874, 0.002979384230663697, 0.0015605286247238725
0.0052091760104912895, 0.003397356976583773, 0.0007075980109669778, 0.0020161174364287694, -0.004774405254645843, -0.0029724829270943915, -0.005916172400447641, -0.002288441985116662, 0.0012117963870595138, 0.002391023404983808, -0.005057063122387699, -0.0036765104185535274, 0.0011910173928465332, -0.0002678471728383686, 0.008828837661723616
-0.009098268417583603, -0.006352190959111169, -0.00399095480229176, -0.0017069297342607224, 0.003207993209411994, 0.002119271558914575, 0.007093191350932306, 0.010635947752634916, 0.008050189792662652, 0.007101019495196492, 0.0038955631046103632, 0.0035227700192056563, -0.0032203183692042004, -0.009244778150878537, -0.012012505850239092
0.015868270382883607, 0.010897101506850262, 0.0006741639194535546, -0.004529599656832502, -0.005685007087551721, -0.01198609170640732, -0.005377410493414506, 0.004743054323570319, -0.0020483528666620215, -0.014685128252777742, -0.012488578130511163, -0.010158795699504512, 0.003856459239857583, 0.010893863762501873, 0.02002605075854431
-0.0011894207519330816, 0.003683725940979943, 0.00396197111740266, 0.003115451899706729, -0.00012607146029776958, -0.0029055205912404836, -0.0030129718555447836, -0.008911049452406946, -0.003934087682596424, -0.001797849288801322, 0.002016576793944164, 0.004662484676050828, 0.004729375307508947, 0.0019226106447054322, -0.002215225297477833
0.03763179781351989, 0.01450447663829999, 0.007866422147758493, -0.0004547009467707801, 0.000411436265152962, -0.016532655957889508, -0.027606930758994574, -0.02993979511446452, -0.024517236001106855, -0.017835215695065954, -0.0070551621309660325, 0.0017874722307928642, 0.004059148388081697, 0.021334261334172905, 0.03634668178747907
-0.43904241538464356, 0.12032087738242327, 0.10980662602466974, 0.09649467028683739, 0.0819255383111926, 0.0640122776848657, 0.06138501706719372, 0.040264524802412785, 0.027669699208772595, 0.00962492883825421, 0.00010780650242425693, -0.020383620017854785, -0.03423263901898242, -0.04995409582997305, -0.06799919585759265
-0.03289195838901378, -0.02608617043566984, -0.006603192591081016, 0.004345207527002105, 0.01532492712101068, 0.02737588093772349, 0.04894200854113682, 0.08752806693003128, 0.025037643921536065, -0.06562077488387784, -0.0682279326266387, -0.04397783143800977, 0.0008465821957760458, 0.008213996236120888, 0.02579354695395336
-0.003521131268255944, -0.0028112471303768324, -0.0003200004150068215, 0.0009103791263714738, 0.00409673199278967, 0.002733058644488307, 0.0019916055075580264, 0.0012752576741991684, 8.048412179351361e-05, -0.00050681953228208, -0.0006901528101769724, -0.0012022477143413572, -0.0009103956203948712, -0.0005172719125010948, -0.0006082506638641771
-0.0004531706555080506, 7.668915096539525e-05, 1.5095419105818372e-05, 0.00048172679891078543, -0.000593190068392313, -0.00024913098010504283, -0.0010158876334215058, -0.0011394246771026246, 0.0005035339355382973, 0.0019307037008856986, 0.0016544659573079728, 0.0009973046317160433, 0.0008985378797861023, 6.286810762171194e-05, -0.0031701215673084066
-0.007111195719600118, -0.0024165381941293, 0.0023897874902879413, 0.0015450783825891744, 0.002857892759769883, 0.004392800498278192, -0.001919957985218937, 0.0009051532610662298, 0.002589175330380317, 0.002220857482812665, -0.0011980239231479263, 0.00014225897574777287, 0.002816890878640065, -0.0016999189100452706, -0.005514260327430688
-0.025523846290870962, 0.004862744094075619, -0.022928985008240827, -0.015196652060585951, 0.015494291993911877, 0.01589097308227469, 0.0015230024697743885, 0.012899032793087895, 0.03358050847370475, 0.030672904524059526, -0.00254975386084673, 0.008777983487949455, -0.003956929255317164, -0.027078409347207972, -0.0264668650957685
0.005188312868996629, 0.000545789876863401, -0.004319128646345642, -0.010156171448559402, -0.008343959607659419, 0.0019470184467255958, 0.005617408021244594, 0.012685369897079569, 0.005023709417416409, -0.0006739185428038218, -0.0031802687103321577, 0.0011140978532323646, 0.0015631467915437243, -0.004524818360260466, -0.00248658785714128
0.01488323818423676, 0.006384770358073732, 0.001841153182897723, -0.00403337981670815, -5.824332600674713e-05, -0.007048267802274581, -0.009519324946155738, -0.011960667565380112, -0.008809952537827095, -0.003217689060124351, -0.0010095309993125743, 0.003764515168845568, 0.005183027903867395, 0.006128789772754857, 0.007471561483113682
-0.03291428890799879, -0.017895037173240504, -0.0051442534219085295, 0.01217421904204773, 0.02190355824283747, 0.010139030880365059, 0.015144614933011901, 0.020810414692552362, 0.016257907348281357, 0.0025237592170800826, -0.006402429908185171, -0.009470934664003165, -0.004172399095649952, -0.0036654414581753585, -0.01928871972701478
-0.006137347543740837, -0.002157968500805602, 0.005023233651013145, 0.0038152922070929427, 0.005127728510948176, -1.3294095654388773e-05, -0.0005211555567261997, -0.002203595096494022, -0.0006744620075949158, 0.009949871498313313, -0.00438915293022415, -0.00416063363172101, -0.0106117832523808, -0.014274296411838663, 0.021227563159812633
-0.01854783881667501, 0.0034035430156671266, 0.011560891097652848, 0.005895161368217916, 0.015842934254485706, 0.014086880739784882, -0.004803076481920991, -0.014897707095271185, -0.0224245522737608, -0.004575251749588795, 0.010902676794118424, 0.003924841177632991, -0.010625085860810166, -0.007367978270351983, 0.017624562100819044
0.0008411672315450027, 0.0024880501616515002, 0.007153803463540241, -0.001903240899376368, 0.017420229050495298, -0.0019773912776425476, -0.00704896745934727, -0.015491894022470486, -0.010972608909431848, -0.017800006442459996, 0.0028503962171934905, 0.009401188173503421, 0.0020348135926727736, 0.010559152907720807, 0.002445308212406039
0.6096229651558872, -0.17197659844374177, -0.15316448965027712, -0.13178052689154643, -0.11376273701431729, -0.09332289874635272, -0.07589329913794285, -0.056599595428192415, -0.036089238589690736, -0.016035140051293605, 0.006586991234154208, 0.025493990931710283, 0.04742911059181534, 0.06843393203703, 0.09105753400275798
-0.06222638588972243, -0.032645171552903536, 0.012481717312636096, 0.01701375829368234, 0.02408142551220383, 0.02435138768461089, 0.02315231534499295, 0.018995550323007395, 0.015084013531943934, 0.014856693222133508, 0.013146165255186682, 0.000676951936504527, -0.008850508170544258, -0.02124148343431441, -0.03887642936941766
-0.08309844289967724, -0.03825638837427802, -0.007454802792263343, 0.020800545727149337, 0.033167498883042795, 0.04058626433292835, 0.043674093143846, 0.037684649343360105, 0.026202088976616463, 0.018686736265412694, 0.010037053453410891, -0.003894549719845145, -0.016436803048746673, -0.0350109521548351, -0.04668699113612104
-0.007762589619402096, 0.0011398393453958527, 0.003917941912757619, 0.00292086946533051, 0.01437069444818714, 0.005743747998722435, 0.00793871166874115, 0.006159209658477265, -0.0009401611557728687, -0.01808359329412148, -0.024629367171155242, -0.024744494326252062, -0.009700401517529534, 0.0008993267837999596, 0.04277026580282221
-0.011595796675918223, -0.007817072371986557, -0.016853020402408603, -0.009828334907403084, -0.020798027393584564, -0.004207840021054709, 0.015892517265474436, 0.038673049557032026, 0.03225710968041537, 0.025381066141614374, 0.024018984750614463, 0.01182061550587525, -0.0012459050450217054, -0.027183592009265404, -0.04851375407438266
0.09199559307056543, 0.05856692330940551, -0.014305569152337603, -0.04027849818962377, -0.04223137228699558, -0.0395219699611323, -0.03590017846011625, -0.02899342373974407, -0.02816095701141249, -0.015227468474930735, -0.002975773147306777, 0.008547455946907352, 0.016592319715392715, 0.031768020043855996, 0.04012489833747222
-0.04537356724826775, -0.01891807060496416, 0.009951794031451898, 0.010611861318875895, 0.023366668142897073, 0.0028223804623013827, 0.028179258710231223, 0.0525367137067155, 0.03496293625998306, -0.014081346556729305, -0.036246329070134295, -0.04758703717461669, -0.018266582973648842, -0.022337605787882922, 0.04037892678378796
0.029711228345527477, 0.011010552505063508, -0.011359608917746714, -0.03311424214107073, -0.0278275940675312, -0.015949218019523974, -0.012034587060345, -0.0016816736056035322, 0.003174568680054235, 0.0175978156196059, 0.048017473720268454, 0.04141807110748228, 0.029455207361374375, -0.010926107370080632, -0.06749188615747398
-0.01151927293116675, -0.004922778534955667, -0.007881498442665018, -0.0071764070923112135, 0.0030886967946086364, 0.014009038870763168, 0.010385880997437143, 0.00642262726522469, 0.015443240448857077, 0.013929091357830358, -0.00238094977794574, -0.0065268683904517715, -0.003112053259620177, -0.013205743980778836, -0.00655300332482592
-0.0014303995458116682, -0.0006298027305951734, 6.753328134846729e-05, 0.0005364848597384048, 0.0015595713592734097, 0.0009465331924929973, 0.0009567341178180773, 0.00031064234864664955, 0.00010689372678008866, -0.00032866445536425796, -0.001253084170524789, -0.0012017259413022526, -0.0016391478301158373, 0.00045618467993277804, 0.001542247107683121
0.001398441440600765, 0.0030619066147714296, 0.006523874626893659, 0.004798707970631673, 0.008198136047535689, -0.0003509584838046203, -0.010147625414450377, -0.018493333890261986, -0.014871117429584845, -8.330970536173979e-05, 0.000894974998070427, 0.002023774116608928, 0.007512838075831035, 0.006322711676754615, 0.0032109793557649627
-0.007843152812421187, 0.001043405533054539, 0.002011568204298237, 0.001772643275870904, 0.0017252053242845908, 0.001766192075995097, 0.0017849200319397047, 0.0006221415835636807, 0.00034889484546048985, 0.00024831539222593845, -5.7117992122121133e-05, -2.179607006424072e-06, -0.0002449546398929657, -0.0017901862738355914, -0.0013856949414149356
-0.001739908982316076, -0.003994209539939879, 0.0005957338004080234, 0.005174555893878918, 0.008407776634895206, 0.002816192163392526, -0.002205816067143801, -0.006089309235955261, -0.001384830943261354, 0.0025403037441488734, -0.00485910228165262, -0.005326907623909135, -0.005090469279453848, 0.004268264199502621, 0.006887727517406073
0.02589371558048004, 0.0066367445483759835, -0.006428465886836267, -0.0009021924597502746, -0.014315977369206423, -0.009951915600521121, -0.008224020971645093, 0.008189745050987457, -0.011252639716761098, -0.013480354277958628, -0.005868637860197249, 0.006567359262868599, 0.001404922919539651, 0.01534721446014473, 0.006384502320479437
-0.010040387543392364, -0.004952949420930688, -0.0034896839134217965, -0.0011074029820937563, 0.0021745066588508724, 0.0060707240736853135, 0.008314722455921348, 0.009495869716144946, 0.007086675702194691, 0.002737256780893017, 0.0015353648227655013, 0.00023069460690800607, -0.004018510624325131, -0.005361903049145332, -0.00867497728405453
0.0009847437804012752, -0.0022483928442698486, 0.002077357764085923, 0.0039771000146083335, 0.006088355999000807, 0.001143218444259777, 0.000489460794827724, 0.0005200844702280247, -0.005042456204944643, -0.012546504233940152, -0.011762304282201855, -6.256796898166708e-05, 0.00239431959235047, 0.003473037332025247, 0.010514547342550832
0.012760552835866098, 0.006596277252298195, 0.0021382247272002165, 0.0005011749211018454, -0.001907341416558242, -0.014873475364619339, -0.0066734145652859265, -0.006683051714913055, -0.006760551752002899, -0.005738032857039453, 0.002145006295088635, 0.0018494150290603306, 0.003701597213169448, 0.005254416236649939, 0.007689203159984129
0.011785442301605279, 0.008549957127256343, 0.012071540074382459, -0.00011832037810347307, -0.015785914833230694, -0.012532692584010761, -0.01125257316077769, -0.00924722497285759, -0.0031349806770732125, -0.00034688977575390487, 0.00261050945282, 0.0009925325718257243, 0.0027841964339425313, 0.007258254620937278, 0.00636616379903769
-0.0023549496442732045, -0.0032155342236003543, -0.0023226927322426054, -0.0007491569080286602, -0.0009448139696671495, 0.00231993298052873, 0.0014596947990821749, 0.0007051555360530118, 0.0006554336251201877, 0.00581378352197882, 0.005640089525883129, 0.00724771908627408, 0.004764668834862079, -0.003994997963952784, -0.015024332468017328
0.006060525531674045, 0.00476531029419097, 0.002362445073149513, 0.0009095754736027801, 0.0001800263267445333, 0.0007915242395800585, -0.0006658272507162399, -0.010312506315865095, -0.00945450327977691, -0.014133691699160046, -0.004514065863201262, 0.0019721246550156494, 0.007283829876728811, 0.008406826346539322, 0.0063484065914940786
-0.010702098384139689, -0.009417368127171654, -0.00945470763578869, -0.006788631555835504, 0.015178570988925744, 0.010136076967084847, 0.0071545873943864545, 0.01212746186685689, 0.00872099706184292, 0.00604996243750855, 0.002102407463209446, 0.0012768723930975663, -0.006053510812748399, -0.007461753006501316, -0.012868867050726948
-0.02024757065660654, -0.01366193266564156, -0.00034988031410684015, 0.009589225668165894, 0.014779136858703586, 0.021596175124742885, 0.016314200904667675, 0.010828320216219073, -0.007343979128363305, -0.011569873641149597, -0.011199206761909004, -0.011353654194069163, -0.004633310660787604, 0.0013570557320357864, 0.0058952935180982685
-0.021412996984671265, -0.017666565784507125, 0.002714359616301416, 0.004736861473594738, 0.0016907374625287075, -0.0013197979803594763, -0.015931806360461098, -0.01837035858970477, 0.04046506377771744, 0.060945371740297044, 0.03880954033770523, 0.017539721497012786, -0.01282127988736359, -0.03394471784652162, -0.04543413247156862
-0.03755464021372555, -0.02824418137460157, -0.0025011005727647384, 0.01577750273034063, 0.023951085594818677, 0.024085427118946352, 0.02125266119360043, 0.014827008881759392, 0.007137420314530472, 0.0038119723514825105, -0.0004943758528985893, -0.0014202275816145979, -0.012391396240865323, -0.01155345904484439, -0.0166836973041641
0.010763284639152833, 0.0017900983872006448, 0.01954038249393294, 0.02177832247441313, 0.008779158914909406, -0.007574206292657837, -0.008461414786921724, -0.03643434941882343, -0.028850623578641304, -0.021866126807017813, -0.00660855839868986, -0.01347162363589715, -0.006695295324001189, 0.01777870124186481, 0.049532250091176316
0.014802337967151484, 0.007136768851856878, -0.004840268911757147, -0.01704191206779619, -0.011247095236707827, -0.00979579939944026, -0.012378672205412618, -0.005040330150552686, 0.0006263170945917773, 0.010025476067343376, 0.032408103357098754, 0.025809068917081495, 0.016163581975469375, -0.012793698303055075, -0.0338338779558718
0.015221833436362003, -0.0011189084170950784, -0.007700111165031962, -0.004693161047875011, -0.0009279178940774781, -0.010216719486426678, -0.0025877865211526535, 0.0001491395134367209, -0.0009091555119901645, 0.012016317811014452, 0.004885489117740277, 0.0017241905249389866, -0.0034651783951405116, -0.006056610524673028, 0.0036785785599700808
0.028716877732945977, 0.017773728807583915, 0.011844329525813891, 0.0055407643460214815, -0.005729227733011466, -0.012871202407671522, -0.027757865480879593, -0.03589167539971085, -0.025703555175875567, -0.01497379076296234, -0.00369841895611004, 0.0032483903189738927, 0.01297389563281534, 0.0184536242402852, 0.028074125311781547
0.05593665219736487, 0.029494485242743614, -0.011092115088335077, -0.027463483242003577, -0.026657474010764924, -0.021042499675904252, -0.017971887561757733, -0.014017151522615401, -0.01099707330626721, -0.004667106829067678, 0.0032290034117074353, 0.004014978950973091, 0.008554582053045245, 0.013762515523544011, 0.018916573857337537
0.20951510145989177, -0.05248809719248704, -0.057969133078826195, -0.04482588776828641, -0.04146656915953213, -0.03528168166209485, -0.02596834852686496, -0.01799087123686792, -0.010448590768069591, -0.004168001929692993, 0.002183318537753582, 0.009715439847418118, 0.013117154035009978, 0.02314957138167463, 0.03292659606097391
-0.14412658711432602, 0.032605295854251655, 0.03235698528822555, 0.03072352161618202, 0.0307663914129725, 0.03019058370185727, 0.024145220537141632, 0.015680616828598844, 0.008253233998167736, 0.006434061312263504, -0.0058509394488599235, -0.008177316517864108, -0.013828025839228392, -0.020742388808016134, -0.018430652821366043
0.0399187482236367, 0.018070270512935912, 0.002796488625594227, -0.004836043425769621, -0.011244201254753138, -0.016988161729051952, -0.01500918083875211, -0.026564092292305344, -0.021396676843852554, -0.01939053928132958, -0.011955143155089287, 0.007411504548094928, 0.015574135832651513, 0.016990728022934817, 0.026622163055054715
0.034226674823155334, 0.013187835592224669, 0.009252352139624847, -0.001781001838301244, -0.011900239402123702, -0.012659368149019938, -0.007131441421724139, -0.008702564401932834, -0.030170437121368583, -0.03335886341718779, -0.021424306490503885, -0.003778757567400515, 0.015168938422164114, 0.02336623550650296, 0.035704943325891296
0.285079572531962, 0.12215982585806653, -0.058024388610775406, -0.11815843588307753, -0.12002877206067263, -0.10120078194673197, -0.08656631444220553, -0.07889034093017185, -0.04971790506419781, -0.02233423493117771, -0.008570707025326621, 0.018273787939720215, 0.04503917173321001, 0.0720630924737872, 0.10087643035759117
0.37885215069387457, 0.19247916437794751, -0.09245048188592137, -0.1629514184176393, -0.18278084351495902, -0.15003806045550042, -0.11385882743441261, -0.08109367170592008, -0.06074624949400087, -0.03344416271789393, -0.0035504911009939864, 0.029102930749454105, 0.057062525248377634, 0.09685587147569555, 0.12656156418189216
-0.0010602076944102481, 0.0041033503374640085, 0.012818733909248729, 0.009405269458109957, 0.004112698606781639, -0.012922422908353071, 0.003847316355667121, -0.010009630421552328, -0.01779469068620809, -0.014721690531843686, -0.005026407742426496, -0.0007196153504004188, 0.00010126643241229314, 0.021118825529957568, 0.006747204705553021
-0.0004060707279131972, 9.839402027462221e-05, 0.0001669119509199017, 0.00028354044133353237, 0.00020792806470781795, -3.98340257016242e-05, -5.017754732565432e-05, -0.00048551861543403397, -5.376330112468522e-05, 0.00031080674625535645, 9.453026890833546e-05, -8.919922144696863e-05, 1.542559140588346e-06, 1.8193478284606842e-05, -5.728409087860047e-05
-0.0018813491825989995, -0.0011933641311776956, -0.0007044273802682948, 0.0008394010732312546, 0.00042238882073225174, 0.000388727361239434, 0.000565473033695682, 0.001611414702721682, 0.001940394509972923, 0.0011754863142147529, -7.449882670578516e-07, 0.000670650906250945, -0.0005818065006444269, -0.000818941023029082, -0.0024333035160732474
-0.018265840758152015, -0.00847481309041979, -0.000570590038603741, 0.005503693062510057, 0.009651938830789837, 0.0010641048123423305, 0.012610697028025673, 0.018364078550696272, 0.01412002325954842, -0.0008385161303417646, -0.008119828403928267, -0.016182322317693492, -0.005318816022025457, -0.012193306425577382, 0.008649497642829145
-0.003129755969698022, -0.0014278525719647176, 0.0017325789357471434, 0.0010119052317426338, 0.0014585746213329233, 0.0036386451873529195, -0.0025648338426643713, -0.00038807694960102764, -6.967828942365017e-05, 0.0009585346124978747, -0.002239762286918901, 0.0017351542276357052, 0.003289952036199873, -0.000842502211382991, -0.003162882730855377
-0.020595575374688247, 0.002655451287509702, 0.007745736578024657, 0.011783031040382847, 0.002074278356743776, -0.00013503386932461545, 0.005016874533299484, -0.006090098765851349, 0.0007038295158526533, 0.00819955161267451, -0.002578596704325198, -0.00286720778388462, -0.004876507673768684, -0.0023284851634468133, 0.0012927524108019134
-0.0011355466709705405, -0.0003883058546649252, -0.00018803537933207687, -0.00012897412015892002, -0.00031679197898676397, 0.0002469137862815967, 0.0008418946456552908, 0.0008209687870982527, 0.0011701634941308897, 0.001011630785075934, 0.00037874837313351393, 0.00031018845305400423, -0.00027344160063572077, -0.000893284124221636, -0.0014561285954588687
-0.004216925159614808, -0.0011362926843926184, -0.0024173952457891795, -0.0003083713067283962, 0.001803587516520333, 0.002520214897379191, 0.004279621713574426, 0.001134251512881387, 0.0021140264258844932, 0.004496138756373676, 0.0008468474653211931, -0.0031158715677563112, -0.00222001142006663, -0.0014495637402453915, -0.00233025716334139
0.0033604210638612663, 0.0031420939455235534, 0.0029673788777859716, 0.0010898878885800543, -0.0005100429310561506, 0.0010053403116231823, -0.0006270598830727502, -0.007679113174802281, -0.009642223794679624, -0.0022347722820876686, -0.0023543308459559333, -0.001389407670139524, -0.0016771817273971254, 0.005299322328028114, 0.00924968789378904
-0.0005506582092798569, -0.00015718909360955412, 1.2203585889858674e-05, -9.661377567667169e-05, -0.0013662846861006242, -0.0010369384023016916, 0.0006028458574181895, 0.0012075674598704398, 0.0014562662166237024, 0.0012085598144769471, 0.0015140846535681414, 0.0004537719516236908, -0.00045820663677948847, -0.0008931025158213552, -0.0018963062199017122
-0.01021239292827454, -0.00504286601173351, -0.006012772566726264, -0.003096858910650057, 0.005944580664806411, 0.01108427632851672, 0.006120845436633777, 0.004511159084410824, 0.009699920132023301, 0.011728697333949005, -0.0016996114344737473, -0.006625218325759376, -0.004350842378694533, -0.006466914711738666, -0.005582001712289416
0.010844735111557797, 0.0017973168905196513, -0.0028638718003501443, -0.0027047586181186264, -0.0021851938829644, -0.002601733874605757, -0.0038854123724587444, -0.003996235778515185, -0.0013491485945693693, 0.00022354201128400367, 0.0002701622695174454, -0.0018018415085357784, 9.385845517978695e-06, 0.004535173662812669, 0.0037078806389085712
-0.015378104949622431, -0.007080131313954201, 0.003070462596500377, 0.005909998521616643, 0.011459264010051151, -2.1940688684115744e-05, 0.008005554443625431, 0.012558466960782, 0.015265921800049018, -0.004673399576961644, -0.01249596481291354, -0.017422833388689076, -0.007250967006713032, -0.012343476180837318, 0.020397149585751007
0.0009917203720045409, -0.0018614192775529398, 0.0024084530348554853, 0.003687173719480282, 0.0014088267688780116, 3.747017498615182e-05, -0.0019479813313925225, 0.00014833905704559908, -0.0016051283544620404, -0.0025613886695108777, -0.005460542145894558, -0.0044353567777145105, -0.001788940728620191, 0.002137829904029626, 0.008840944253867904
0.003132151534977084, 0.000914238730910825, -0.0004076574044533364, -0.0013469207007416138, -0.0008708711636356519, -0.001032700806923961, -7.389136062792191e-05, -0.0004994160030139361, -0.0011543829825625305, -0.0014854806087429408, -0.0007974998727301938, 1.9920087651228942e-05, 0.0010692361861919023, 0.0014083211695444446, 0.0011249531941566503
-0.002312958193269429, -0.0009086453731073388, 0.0007097036728560913, 0.001429814651393349, 0.002903596423206385, 0.001836013858617728, 0.0004257326626235048, -5.0347520016282704e-05, -0.0017378454022014722, -0.001960610793015112, -0.0018428073128703923, 5.026196872867941e-05, -0.0009719639283649939, 0.0007303792763802504, 0.0016996760090390718
-0.0004941750740980996, 0.0013208800956632555, 0.0017304010470310528, 0.0022357718506539276, -0.0015557949536248758, -0.000511777064340526, -0.0005424595864167127, 2.7622702886326177e-05, -0.00234741904593425, -0.0010287538502909176, -0.0015046726887340267, -0.0018644854399277367, -0.0010010781890170213, 0.0015415547384409853, 0.0039943854577085235
-0.035380363339648536, -0.022810505513159742, 0.0008423946553189893, 0.015641964315292658, 0.022188230689472694, 0.014632012826207089, 0.015111282509324466, 0.01161520132877852, 0.007270387048576159, 0.004202933367893402, 0.003928605021628155, -0.0036685894056285883, -0.004443480153105904, -0.0065344573068663115, -0.022595616044083104
-0.008768950357855954, -0.005185720260961828, -0.0015263872441070542, -0.0008358529003117799, 0.0030802291209007307, 0.005308784149992531, 0.006672790917493504, 0.006036838558314113, 0.004830302890279553, 0.004470246064887997, 0.0017708082645567457, -0.000810481298663066, -0.003121940144697285, -0.006271805110846895, -0.005648862648981415
-0.008033081471332937, -0.004208037702971526, -0.008668508278471154, -0.009108123016426916, 0.0007131961345122241, 0.013856967462683278, 0.008926450654746688, 0.006723579654353267, 0.01545543867984361, 0.014057661014852127, -0.0022266151646155624, -0.004834741714497636, -0.0035224355893969245, -0.011507628240648568, -0.007624122422629684
-0.022538703465754522, -0.00633638698036952, -0.006084859498766841, -0.0105148359863883, 0.010251925102875328, 0.013118844049716905, 0.02357049601717726, 0.004838753437532546, 0.0090945376245293, 0.011828786028011509, 0.006318884992016739, 0.004391047790148124, 0.0024282085329985848, -0.013443956867256074, -0.02692274077647155
-0.002220215854987062, -5.6917148993088406e-05, -0.000298427516326622, 0.0005854036998309466, 0.0018916164020362782, 0.0018088173592188032, 0.003021152894436549, 0.0022525948778832658, -0.0009104167331511031, -0.004424177615952209, -0.002852593146532577, -0.0027689398847924257, -0.0004966412384385981, 0.002125590046553855, 0.0023431538592140646
0.002529881446568634, 0.00236242935671555, 0.002409055926742838, 0.0008579305845817883, -0.004846994254282519, -0.004645284060872596, -9.760731686754651e-05, -0.004054170182330049, -0.0005609951041602391, 0.0029001015921413043, 0.0010872073456891884, -0.0009883842603585515, -0.0001534708398359709, 0.0027504472035995123, 0.00044985256266884315
-0.012768391693356277, -0.0036826222819224164, -0.0001807066013642317, 0.0036058545855869218, 0.004225161788886378, 0.00505536332790898, 0.002669985462534691, 0.0033471548622932825, 0.0059787593418718695, 0.004653504334552869, 0.0018725008231922483, -0.0002652437270322792, -0.0015058425558521335, -0.006226868153444483, -0.006778609513855405
0.031626355127539744, 0.015569664366939264, 0.026640015144549372, -0.0035333421591471903, -0.01578742237648379, -0.028740489369288167, -0.003078593834327562, -0.006663207375089257, -0.011321081036302963, -0.01677882866931694, -0.03410524476619864, -0.04277329524654188, -0.03304614969293419, 0.04447559760362572, 0.07751602228297624
-0.009402644993254217, -0.0036536773033669693, -0.0020112806927345085, 0.009967309618234488, 0.012097372495484494, 0.006742787268608553, 0.0009635989578726852, -0.0034491918621771286, -0.0045108174781552015, -0.007352169566781032, -0.0033502505239145905, -6.072570662973495e-05, 0.0027218973401090286, 0.00037167559966834164, 0.0009261168470360208
0.010812286607939437, 0.005004953480849908, -0.0010069066439354238, -0.0006850243374590452, 5.823189778161181e-05, -0.0033252684584965625, -0.010085934727032694, -0.008044106727709046, -0.004284744064462861, -0.000632000420076661, 6.420363462549256e-05, -0.0021911549828121726, 0.00031828424380254267, 0.004071610145443231, 0.00992557035154252
0.008801612985132384, 0.0018602724388535707, 0.005964729755420251, 0.004567923476113257, 0.0044422317913437055, -0.002455587222239657, -0.007308616852684661, -0.017494333074789946, -0.014046431118958003, -0.00902825032513572, -0.0038231126454467577, 0.004199443079262779, 0.007617674918656129, 0.006255804478602014, 0.0104466383158708
0.020410991815478917, 0.00202116605276381, -0.006298628477121975, -0.007645193076797947, -0.010086467448248497, -0.007092187980247383, -0.006612463743368792, -0.004799142659594199, 0.0010302428511664258, 0.002971813403838058, 0.008115313921359568, 0.010673210928016688, 0.007021839126628702, -0.0007253945125076655, -0.008985100201365849
0.09482976421732928, -0.026875604942893223, -0.023231264713389734, -0.02009160927021506, -0.01782938233212687, -0.015189927755630736, -0.012690790917912332, -0.0083185153008098, -0.006497581777235104, -0.001153558969826311, 0.0013052340952553123, 0.00453459107941822, 0.005854725746113058, 0.010527275719998248, 0.014826645121925216
-0.048790144237516826, -0.01940676125250463, 0.008867158031448214, 0.012171709457841934, 0.023376063366829163, 0.003101765562518441, 0.03162743636537508, 0.044665193824000075, 0.03185653874612094, -0.007189772022232879, -0.025591243946287732, -0.042277091953424675, -0.014632670181326227, -0.02902593658528111, 0.031247754824440938
0.023714589910133917, 0.011448657868372649, -0.0021153580987156714, -0.00992332310133639, -0.015404204751300379, -0.014154520454029897, -0.0155926144357096, -0.008416651392482818, -0.0005859938337519216, 0.008242974383258182, 0.010274708897297488, 0.008381798558504561, 0.0063096782289019234, 0.0022317504646108396, -0.004411492243753014
0.006727021043682619, -0.008973566640348716, -0.007968888555013124, -0.007483441159112947, -0.0017245915629486841, 0.0031517603772792716, 0.003722103582849435, 0.017952364944800108, 0.003363626281435561, 0.0004964713179867722, 0.004845055367808315, 0.002782199145783786, -0.004270215596463776, -0.007991225913250782, -0.004628672634487866
-0.011658984402864515, -0.002660917421189491, 0.0032825502525736577, -0.002562183622955773, -0.006506365795622388, 0.0006025437750737314, -0.007049640008083018, -0.011404750881927689, 0.01111612384212394, 0.03587637523953946, 0.029853086491444438, 0.01715849269689785, -0.00733244673445399, -0.019819284682091525, -0.028894598748464968
0.03932245551777396, 0.02461403013524865, 0.00650480620793664, -0.006603916980610657, -0.031684245375736504, -0.02318179042674279, -0.018489705242048213, -0.01650565164348898, -0.010727459774366302, -0.011883576626555373, -0.0028546132603730653, 0.003821567153370356, 0.011021749460977932, 0.01471730876166579, 0.02192904209294824
-0.02874972833950897, -0.0007977441385413857, 0.016536606223180948, 0.018586223467328484, 0.03104623526466089, 0.01883070911864747, -0.0036761023711271807, -0.017075505365033574, -0.025669171194512487, -0.02507840646805809, -0.008428403292176085, 0.002618104985513755, -0.012513075912152673, 0.009270269089029897, 0.025099988932749097
0.12714812058797542, -0.030727141671138002, -0.041678971317731364, -0.041608029672563066, -0.033572181510768836, -0.019725786061468704, -0.011921501037767701, -0.002759222345853425, 0.005234775284473349, 0.01161106429002321, 0.015824608512158393, 0.007026139012873282, 0.010705464757024106, 0.009903836329873208, -0.005461175157109842
0.18389921635995637, -0.13065659476258454, -0.18328539717538922, -0.07793030686167032, 0.13677415077587285, 0.020587603187961677, 0.05445219967493843, 0.11916969830268813, 0.08497318174312286, -0.21405526216674037, -0.020922126863467887, -0.00020449558770207647, -0.01767537606402412, 0.037859389208539276, 0.0070141202284992755
0.002746439711073416, 0.0009619335238047504, -0.002877025919353786, -0.0036086508851981944, 0.00013290842385003007, 0.0008384991070025647, 0.00078097306875764, 0.0019177525438427803, 0.0012822012770473692, -0.0011755950730657052, -0.0010205907430288009, 2.962174250972542e-05, -0.0017212376607641773, 0.00033729121561054464, 0.0013754796679118215
0.0058689758976734835, 0.0055489855181230785, 0.0020358358521421673, -0.000723308996610883, 0.0019823144515448508, 0.00027866957512224957, -0.006628808383662698, -0.013110935922716475, -0.01308063070627036, -0.00020025979348300757, 0.00020352663422369368, 0.004641633506999441, 0.0060877910166215006, 0.004270236384653464, 0.0028259749656393976
-0.001476001394557683, -0.00103626470557949, -0.003978623427412616, 0.0051244350954275245, -0.005345145430380888, -0.00600598994882756, 0.004707246778284929, 0.007450050690129712, 0.006912807210407917, 0.008086247183372572, -0.007508527856963312, -0.0012232493600425674, -0.0017983625162382151, -0.001400304077194856, -0.00250831824042561
-0.00421637736286141, -0.0005990394602192566, 0.0010760675523196722, 0.0003448698805311505, -0.0006979430831541057, 0.0009766271149681334, 0.0011557301262434924, 0.002029670988756929, 0.0024637235994566234, 0.0020231378461188594, 0.0012111260010711613, -3.322561859640131e-05, -0.0014482413666426694, -0.0018997096277308763, -0.002386416590261232
0.008627894844028716, 0.004798441391624047, 0.0009121331993780259, 0.0020234487363601492, 0.0019652089999497146, -0.006129229940254024, -0.0014114683964449965, -0.0050990774083781824, -0.009659249486183595, -0.01333005360449893, -0.008175827871318257, 0.001167036276326086, 0.002913235124154692, 0.01410396544056554, 0.007293542694691026
0.0026779176958810578, 0.0005286238085589644, -0.0006059163214203361, -0.0009505202389703484, 0.0004942646676296083, -0.0005691924871868847, -0.001416046656878474, -0.001346811587426079, -0.0005438565895896219, -0.0009006301594587288, -0.0004746850257960526, 0.0002330298510125163, 0.0008954663808984412, 0.0014749094306944664, 0.0005034472320515546
-0.02516221585083899, -0.013146043058908695, 4.154739732741237e-05, 0.008893467592715622, 0.01717786478531994, 0.012399780850558519, 0.003374494574526118, 0.008371481467216434, 0.006573148664002077, 0.0011437558922041161, 0.0038517606360654617, 0.0016266511491400055, 0.0026557643219085945, -0.014886329065722946, -0.012915129355513512
0.01186274335405109, 0.00978795130976165, 0.003767866305081569, -0.0033132561703416528, -0.0070955940943706825, -0.003946823222549981, -0.005694943524198185, -0.00627656055169768, -0.00884779461567627, -0.008437794063913652, -0.005312197650075766, -0.0005309704091490002, 0.0028088995154047, 0.0063821110418502075, 0.014846362775822965
-0.011859747656891233, 0.002363761166517253, 0.003832358261749683, 0.0032444864570954665, 0.002075243052673822, 0.0018991818513772398, 0.0012609109152259235, 0.0007283433963698447, 0.00041188520675051874, 0.00042392398427308577, -5.628065797156535e-05, -0.00036916068260048834, -0.0005932733585739503, -0.0014726161878559742, -0.001889015748139639
-0.0038813714678283965, 0.0002801367291244757, 0.0015660056950581671, 0.0015846686653787619, 0.0010001455979479624, 0.0005394431463063502, -0.00072354234849717, -0.0018603215931113231, 0.0004752292805384257, 0.0016900641783806657, 0.0017044328006305407, 0.00039089271625093454, -5.508091834067523e-05, -0.0007537990350924867, -0.00195690344674621
-0.002006590500095859, -0.0036330916664379285, -0.0027644201006866943, -0.0022723958654981796, 0.0005050122728942646, 0.0016538189278082437, 0.0026113543042415952, 0.004772550316623008, 0.0050352922457373266, 0.005415535584483832, 0.0025775978786671577, 0.00018207857724761515, -0.002563836756072593, -0.003759710466862092, -0.005753194752049316
0.016162134772842923, -0.007008784179667115, -0.006154259818547019, -0.023084898060903247, -0.020830451319920697, -0.024832976853259255, -0.027689151248655945, 0.0008146693874562858, 0.0630701005260209, 0.05261432353459468, 0.03283990092082775, 0.007014072157315327, 0.043416378637420525, -0.04048566509523289, -0.06584539336029241
-0.00411712755285055, -0.0015587841331102744, -0.001506511657242302, 0.0009921392545258036, -0.0007922699826070872, 0.005375088261773546, 0.006529874947431858, 0.004852401206305991, 0.0017532334660828942, -1.604255747216555e-05, -0.006457050952989384, -0.0052148414115482525, -0.004800184653522221, -0.0009564056515118622, 0.005916481416734107
0.0034367020556165763, -0.006434990441991071, -0.0010821205231004332, 0.0017054218402595689, 0.00614665789072057, -0.0009555320242350909, -0.0019161083936775837, 0.0026627299514532074, -0.004831720306830955, 0.00555791137310097, -0.00010947654511013376, -0.007199813391166983, -0.002193921514589935, 0.001215774160365557, 0.00399848586918619
-0.00773376375599412, 0.0032121857365028077, 0.003193532021660339, 0.002786732474202732, -0.006705114283464436, -0.0010186324152701514, -0.002011842464916263, 0.0037733968142769575, 0.003813467094686619, 0.006861396291680489, 0.0028518091034563557, 0.004391932393699942, -0.005851914677871717, -0.006629355141011175, -0.0009338291916385819
-0.004327555876738562, -0.0028872114868864923, -0.0026296274658257368, 0.004184888591155635, 0.00372952859755542, 0.004478849576076586, 0.0061888243445907855, 0.0025874485829812826, -0.0022517865681779704, -0.007901558000897882, -0.003319313545678438, 0.00012088364371614827, 0.0014996956571756267, 0.0013473410439934228, -0.0008204070930398574
-0.0006837797082935421, -0.0014488389688504283, -0.00012880605294177504, 0.002068980061862999, 0.004889285978592086, 0.0025179762236012143, -0.0016440150648641485, -0.004514198974478801, -0.0012801473150598293, 0.004955442753660591, -0.004250193341322114, -0.0054016676624688105, -0.00450232874932784, 0.00550568598131656, 0.00391660483857434
0.01020038756742183, 0.0025994818436283562, 0.0005949406332143709, -0.002511658736808593, -0.005526752840368605, -0.006196033298842955, -0.005136599173729527, -0.0038210762671738218, -0.00376341302136973, 0.002428065166345761, 0.004180394408838004, 0.00335511328673429, 0.002893978167343794, 0.0006277024148205223, 7.546984994630246e-05
-0.0021975746042120934, -0.0006163205891735719, -0.00252521306692062, -0.0014374343474066495, 0.0016156434245724724, 0.001316900479476468, -4.09108512949064e-05, 0.007648706739561608, 0.0029387800223376077, 0.001831589646610358, 0.0006682359639990855, -0.004840108977317927, -0.005023492062249376, -0.0012259133514572285, 0.0018871115734751477