[8, 13, 7, 5, 11]
[10, 6, 13, 12, 4]
[11, 9, 3, 12, 8]
[8, 1, 7, 12, 2]
[2, 1, 3, 14, 8]
[8, 7, 12, 1, 3]
[4, 8, 10, 3, 12]
[0, 8, 1, 10, 2]
[9, 10, 14, 8, 4]
[1, 10, 12, 8, 5]
[0, 11, 7, 4, 5]
[5, 11, 2, 1, 14]
[9, 13, 5, 14, 11]
[4, 3, 6, 9, 11]
[11, 3, 12, 9, 0]
[9, 5, 7, 12, 4]
[12, 0, 6, 7, 14]
[1, 14, 12, 6, 7]
[5, 7, 8, 10, 2]
[10, 7, 3, 13, 8]
[9, 6, 12, 4, 2]
[5, 12, 7, 10, 9]
[7, 12, 1, 11, 10]
[8, 9, 10, 1, 5]
[12, 8, 1, 6, 3]
[8, 2, 3, 10, 12]
[2, 13, 4, 12, 6]
[4, 13, 10, 8, 9]
[12, 10, 4, 0, 5]
[1, 0, 2, 6, 12]
[4, 7, 2, 11, 9]
[6, 13, 14, 9, 11]
[14, 8, 5, 2, 7]
[5, 0, 3, 4, 9]
[4, 10, 6, 14, 11]
[8, 11, 6, 9, 14]
[14, 6, 10, 1, 11]
[14, 10, 2, 13, 6]
[1, 12, 3, 11, 7]
[2, 13, 8, 11, 12]
[13, 11, 3, 7, 4]
[10, 11, 5, 7, 4]
[14, 3, 4, 7, 5]
[5, 10, 14, 1, 7]
[0, 10, 12, 4, 8]
[5, 8, 6, 1, 3]
[4, 5, 10, 14, 6]
[12, 0, 8, 3, 10]
[4, 6, 13, 10, 8]
[12, 2, 13, 5, 8]
[5, 9, 1, 6, 3]
[2, 13, 4, 14, 11]
[11, 2, 0, 5, 6]
[8, 11, 3, 10, 9]
[13, 9, 4, 7, 1]
[7, 11, 13, 12, 2]
[5, 3, 10, 12, 13]
[11, 4, 1, 13, 5]
[5, 6, 14, 1, 11]
[10, 4, 14, 8, 1]
[13, 2, 10, 8, 11]
[6, 1, 4, 13, 3]
[5, 0, 8, 3, 2]
[6, 1, 2, 8, 0]
[8, 9, 3, 13, 7]
[5, 3, 4, 12, 7]
[0, 5, 13, 2, 1]
[12, 13, 14, 2, 7]
[12, 13, 8, 3, 1]
[0, 14, 5, 6, 1]
[8, 2, 3, 0, 11]
[2, 13, 8, 11, 12]
[8, 14, 7, 2, 1]
[14, 11, 12, 6, 5]
[14, 12, 5, 13, 7]
[8, 6, 2, 12, 11]
[5, 10, 1, 9, 14]
[5, 1, 4, 2, 9]
[4, 9, 7, 2, 12]
[8, 2, 0, 11, 13]
[2, 1, 12, 8, 3]
[5, 7, 3, 13, 10]
[9, 7, 4, 8, 11]
[6, 5, 3, 13, 10]
[13, 11, 0, 6, 7]
[2, 12, 8, 6, 1]
[6, 9, 12, 0, 8]
[10, 9, 4, 5, 8]
[0, 7, 11, 12, 4]
[14, 12, 10, 3, 6]
[11, 2, 7, 10, 6]
[7, 14, 4, 6, 13]
[8, 1, 10, 4, 6]
[2, 6, 10, 12, 8]
[12, 11, 3, 7, 14]
[7, 1, 2, 10, 4]
[10, 7, 13, 0, 4]
[10, 14, 5, 13, 7]
[8, 4, 7, 13, 12]
[1, 11, 14, 12, 6]
