
0.000843093974917024, 0.0001568658553620581, 1.736933493736347e-06, -0.0007360180455023463, -0.0012661931913823456, -0.0011094003410156508, 0.0021099148141275254
type_1_errors: 2173 ; type_2_errors: 10848; hits: 91 ; ratio: 0.041877588587206624
0.000843093974917024, 0.0001568658553620581, 1.736933493736347e-06, -0.0007360180455023463, -0.0012661931913823456, -0.0011094003410156508, 0.0021099148141275254
type_1_errors: 2173 ; type_2_errors: 10848; hits: 91 ; ratio: 0.041877588587206624
3.6450417649256694e-20, -6.66060828365571e-21, -9.668834264512429e-20, -1.1272871240222342e-19, -4.043309475891536e-21, 1.0811402292233795e-18, 1.7267298956012724e-20
type_1_errors: 1762 ; type_2_errors: 10926; hits: 13 ; ratio: 0.0073779795686719635
3.708295678828089e-10, -4.419188373448325e-10, 9.357969391455751e-11, -7.561144585956657e-11, -8.160333248623678e-11, 3.3924638487515773e-13, 1.3438518335383522e-10
type_1_errors: 2547 ; type_2_errors: 10925; hits: 14 ; ratio: 0.005496662740478995
-0.0036113338814715962, 0.0014200563831411332, 0.0015056447134678985, 0.0019006239115465346, 0.0014747714081827742, -0.00010627203175298062, -0.0025834905031138083
type_1_errors: 3036 ; type_2_errors: 10932; hits: 7 ; ratio: 0.00230566534914361
0.1160883767526168, 0.04655554277135323, -0.0257082771362083, -0.09151563925524415, -0.16303840646559237, -0.225851135130717, 0.34346953846379175
type_1_errors: 0 ; type_2_errors: 10939; hits: 0 ; ratio: 0
-0.051736835664689965, -0.12332881292834565, 0.15807199514936573, 0.09092851008916561, 0.02681161243696368, -0.031631657109019676, -0.06911481197343979
type_1_errors: 0 ; type_2_errors: 10939; hits: 0 ; ratio: 0
-5.219734758267066e-09, 4.673760823805507e-09, 1.090127845168746e-09, 1.2884964547253865e-09, -6.343982689489413e-10, 9.92400359090405e-10, -2.190652414369838e-09
type_1_errors: 2908 ; type_2_errors: 10919; hits: 20 ; ratio: 0.0068775790921595595
-0.007108973867239673, -0.0052480881899836795, 0.017762745661740433, -0.0008488891818860313, 0.0021903354940665826, -0.003990701936080403, -0.0027564279806172585
type_1_errors: 2854 ; type_2_errors: 10924; hits: 15 ; ratio: 0.005255781359495445
0.0026246254050525555, -0.002240407221451974, -0.003664235959315355, 0.002215296886698925, 0.0023183720199733736, -0.0011714071858373134, -8.224394512011316e-05
type_1_errors: 1887 ; type_2_errors: 10934; hits: 5 ; ratio: 0.002649708532061473
-0.006724263718925686, 0.0006034404702382217, 0.011975162454505917, 0.00036434632357820046, -0.003650102302470156, -0.0043651042214549384, 0.0017965209945284522
type_1_errors: 3093 ; type_2_errors: 10931; hits: 8 ; ratio: 0.0025864856126737797
0.1575773963180986, 0.06304799319836686, -0.03152545137697613, -0.1259539384955937, -0.22036334628470236, -0.3160140303363365, 0.4732313769771432
type_1_errors: 0 ; type_2_errors: 10939; hits: 0 ; ratio: 0
-0.001149776605346962, -0.0019517940294093074, -0.008658310627502828, 0.010118553631305581, 0.009366088122925796, 0.0022030351493711256, -0.009927795641343462
type_1_errors: 2130 ; type_2_errors: 10934; hits: 5 ; ratio: 0.002347417840375587
-0.004399126112127764, 0.01791314275123519, 0.008445487941406366, -0.021131303533157623, -0.015614053790045112, -0.002330890669472164, 0.01711674341216096
type_1_errors: 3468 ; type_2_errors: 10903; hits: 36 ; ratio: 0.010380622837370242
-0.07690131206749372, 0.09307661223144342, 0.018998646127097337, -0.003341867447840001, -0.021260833114878117, -0.02742250468736801, 0.016851258959039096
type_1_errors: 0 ; type_2_errors: 10939; hits: 0 ; ratio: 0
-0.00011620920701037524, -0.0007531865325001265, 0.0011503902886145717, 0.00023642783031330682, -6.79042411591348e-05, -0.0007118482585171039, 0.00026233012025884896
type_1_errors: 1996 ; type_2_errors: 10933; hits: 6 ; ratio: 0.003006012024048096
-0.0016079299339554747, -0.00021257945831181242, 0.002604299174638929, 0.0005096539516622917, 9.59806502123269e-05, -0.001427642958675315, 3.8218574429050624e-05
type_1_errors: 2744 ; type_2_errors: 10933; hits: 6 ; ratio: 0.002186588921282799
0.0030404897442764625, -0.002570902742980067, -0.0006572540976534284, -0.0011052656591944742, 0.00045467778609703985, -0.0003529669547551845, 0.001191221924209711
type_1_errors: 3286 ; type_2_errors: 10930; hits: 9 ; ratio: 0.002738892270237371
-0.0007085622938761283, -0.00214368176899054, 0.00047398709345113815, 0.0038869277240230864, 0.0010652011501225407, -0.0007173512379094439, -0.0018565206668206724
type_1_errors: 2773 ; type_2_errors: 10938; hits: 1 ; ratio: 0.0003606202668589975
-0.010030136638690686, 0.0009362534312379076, 0.005305001166077269, 0.006849780944171173, 0.006707521953557727, 0.00031516127201660754, -0.010083582128369972
type_1_errors: 3637 ; type_2_errors: 10931; hits: 8 ; ratio: 0.0021996150673632116