data 0 loaded
0 1 2
-0.44315911340169445
4.347205360460564
0 1 3
-0.4714464884088077
4.813583126417148
0 1 4
-0.44679049100869206
4.321925933918575
0 1 5
-0.4447444336458748
4.604093804849888
0 1 6
-0.4198934389760475
4.073920760109853
0 2 3
-0.4774799626433615
4.963770751471257
0 2 4
-0.47805427956433655
4.84960320253047
0 2 5
-0.482142619465697
5.248763783170391
0 2 6
-0.4422165640080757
4.3673248253825285
0 3 4
-0.4333436205941633
4.254457241812443
0 3 5
-0.4578357586152162
4.581752007039923
0 3 6
-0.4216547893066638
3.927937652684917
0 4 5
-0.44439020109207794
4.504322200622722
0 4 6
-0.4446779612269992
4.253150547477874
0 5 6
-0.430182154999574
3.9906433111508757
1 2 3
-0.4820763888153798
5.252398527172364
1 2 4
-0.47968741787229685
4.8100384708923025
1 2 5
-0.5014212125276336
5.779474125865172
1 2 6
-0.43406399510361204
4.344723274234418
1 3 4
-0.4744070051291209
4.918001348300658
1 3 5
-0.49031780274117764
5.438029865671936
1 3 6
-0.44583524610906083
4.5673366411783185
1 4 5
-0.49122532156308524
5.80089699618378
1 4 6
-0.4651944280751252
4.989297972942187
1 5 6
-0.44022855103990666
4.427566456854002
2 3 4
-0.4497196064467111
4.448896306555329
2 3 5
-0.4548057296250283
4.83893084935853
2 3 6
-0.42506782780856756
4.09559940069435
2 4 5
-0.45165030145413937
4.716857458038644
2 4 6
-0.44942924861308187
4.649991052180768
2 5 6
-0.43418423371621706
4.181211014402661
3 4 5
-0.44572231659461203
4.6981475690785075
3 4 6
-0.46159175503491473
4.590312897317681
3 5 6
-0.4495299532580181
4.547820662988951
4 5 6
-0.4260440983071516
4.284327680697467
data 1 loaded
0 1 2
-0.4098957513992106
4.017140259569824
0 1 3
-0.4147894999057921
4.552583920002423
0 1 4
-0.3828710894041859
4.061846709397193
0 1 5
-0.3946903720486465
4.159406810723769
0 1 6
-0.36892615513742183
3.6120357381156967
0 2 3
-0.4251882044541398
4.635827981854306
0 2 4
-0.4240440201067732
4.517480200979821
0 2 5
-0.43976370393475284
4.6372909304561825
0 2 6
-0.3851260422723794
3.9951986786555707
0 3 4
-0.39291040381844505
4.040853652125793
0 3 5
-0.41135674341531325
4.188561504660212
0 3 6
-0.3615829430636228
3.697333652512378
0 4 5
-0.3993792931002084
4.174124194772109
0 4 6
-0.39208860391511396
4.221108271647545
0 5 6
-0.37655519334800325
3.8625054340278986
1 2 3
-0.42842991379501183
4.77297014459465
1 2 4
-0.44166804108445
4.77002874161122
1 2 5
-0.4521493755544139
5.155834622876803
1 2 6
-0.39846915480421735
4.205347903093715
1 3 4
-0.4189769545170427
4.5833513483471755
1 3 5
-0.4367959499622999
4.772172780635277
1 3 6
-0.39596949458915626
4.096717674265614
1 4 5
-0.44304672810273876
4.828510228038098
1 4 6
-0.4232956258283508
4.582272645161322
1 5 6
-0.3855863228900623
4.18264791133042
2 3 4
-0.40926154845932466
4.23126027912269
2 3 5
-0.4191155916588185
4.480141138015071
2 3 6
-0.37220308867811913
3.741617674469627
2 4 5
-0.4081605702450649
4.413000267637687
2 4 6
-0.3988565392802808
4.2851663976668855
2 5 6
-0.37808130610301155
3.790097218507847
3 4 5
-0.40270612451292426
4.247292816812106
3 4 6
-0.4058038558460633
4.122630375190717
3 5 6
-0.401721452538694
4.042316374600332
4 5 6
-0.38258351919880046
3.7556697257810114
data 2 loaded
0 1 2
-0.4537428636784865
4.4747203485844835
0 1 3
-0.48278197117947363
4.996296736663129
0 1 4
-0.4567031334325805
4.420534209608032
0 1 5
-0.4504699833458936
4.555561700193948
0 1 6
-0.4180595536043684
4.055518709715119
0 2 3
-0.4728326898425645
5.158922861526896
0 2 4
-0.4763469525610885
4.898042442025811
0 2 5
-0.47349324993254455
5.103454701561358
0 2 6
-0.4447660896887097
4.347251822058921
0 3 4
-0.4441569480784077
4.6391522509375305
0 3 5
-0.4596864717214798
4.741228467711925
0 3 6
-0.4292610282636233
4.0186414171409375
0 4 5
-0.444682079931451
4.268648722288563
0 4 6
-0.42558067620921214
4.306123273703605
0 5 6
-0.4282052705652516
3.858951680460229
1 2 3
-0.4895749417592073
5.479093029322621
1 2 4
-0.47662605221101856
5.097119298701851
1 2 5
-0.5000832663694134
5.913463248523262
1 2 6
-0.4428794223200838
4.360932261478448
1 3 4
-0.48965235425226106
5.247619013362095
1 3 5
-0.48455260208988393
5.294168074298983
1 3 6
-0.4494436537225763
4.537053687023721
1 4 5
-0.49003975683425777
5.7666220830332495
1 4 6
-0.46123347618218713
4.987435461699866
1 5 6
-0.44981029795929695
4.47157182302299
2 3 4
-0.4674078043613845
4.737410803435254
2 3 5
-0.4705540768009323
4.926360850552487
2 3 6
-0.4267448550228815
4.109937150505361
2 4 5
-0.45531969457583077
4.710239633192305
2 4 6
-0.4478970599431191
4.517931382891459
2 5 6
-0.44076484945495914
4.175557061351756
3 4 5
-0.46208672569438447
4.815151747094586
3 4 6
-0.45833319831645813
4.720775994303594
3 5 6
-0.4515954200299851
4.678777336444359
4 5 6
-0.42918236091235124
4.144428102382986
data 3 loaded
0 1 2
-0.43888849368886135
4.291109854475523
0 1 3
-0.4448230532484057
4.744713050234273
0 1 4
-0.41854776063438015
4.434109775886937
0 1 5
-0.43260089856759454
4.503699063559305
0 1 6
-0.4222615143424674
4.038610387881779
0 2 3
-0.4560747724094787
4.878057065787766
0 2 4
-0.4416384002337381
4.835709938527902
0 2 5
-0.47314976624633764
5.211722681466206
0 2 6
-0.4256179194636643
4.2608000618174025
0 3 4
-0.4177849380445723
4.234726157359093
0 3 5
-0.43226404880302655
4.663779950820502
0 3 6
-0.4117898236966536
3.9611932305341004
0 4 5
-0.42599335361793106
4.389089646377868
0 4 6
-0.41170465353666
4.186226362950154
0 5 6
-0.39595948952433835
4.015808425078826
1 2 3
-0.46938533677104394
5.177752081195357
1 2 4
-0.45583235388512927
4.753392613273406
1 2 5
-0.49212537858077643
5.741651400542583
1 2 6
-0.4206926119191811
4.252416891811622
1 3 4
-0.4607902672709398
4.949163470845466
1 3 5
-0.4820058473814499
5.362892121822461
1 3 6
-0.43668518732002076
4.633919204665089
1 4 5
-0.4800815154329191
5.619979071533902
1 4 6
-0.44444968675649066
4.778115083814075
1 5 6
-0.42727034813928105
4.389528017677101
2 3 4
-0.44030947398989073
4.402999815539024
2 3 5
-0.4575084608029393
4.897011455113384
2 3 6
-0.420327507811278
4.13010821735979
2 4 5
-0.44563044066539803
4.832560029884624
2 4 6
-0.4291529986813239
4.426741034757015
2 5 6
-0.4062669254190121
4.279597948755307
3 4 5
-0.4511734397439187
4.850585308379262
3 4 6
-0.43232683305282427
4.590543942402776
3 5 6
-0.4322365866524461
4.6072902259254365
4 5 6
-0.41782081388290604
4.376248789055232
data 4 loaded
0 1 2
-0.437726895758985
4.393790567276598
0 1 3
-0.4701119146813844
4.867230737734846
0 1 4
-0.4381824217082997
4.446292197624621
0 1 5
-0.44156379967195364
4.367469569895971
0 1 6
-0.42775239043626473
3.983953377667269
0 2 3
-0.46878114431884726
5.041356493459844
0 2 4
-0.453044368643801
4.802569767887558
0 2 5
-0.4776719128880392
5.193674755851166
0 2 6
-0.43158172373858156
4.236038725249936
0 3 4
-0.4264676478101588
4.294193078153752
0 3 5
-0.44532113698889275
4.7247664498497794
0 3 6
-0.4246039759565969
3.9947619947114754
0 4 5
-0.43299646414815723
4.60242775571489
0 4 6
-0.4230009787241479
4.402167511557138
0 5 6
-0.42571611891096833
4.221266726801203
1 2 3
-0.47604793006662427
5.361402594457522
1 2 4
-0.47021376673752835
4.9830740704536876
1 2 5
-0.4891241167896429
5.602885978356794
1 2 6
-0.43675040163455364
4.397425562137454
1 3 4
-0.4732059228859099
5.06356929357496
1 3 5
-0.4842251434884633
5.467382279297919
1 3 6
-0.45013565864640187
4.58351605477375
1 4 5
-0.47897739123192107
5.56676200449279
1 4 6
-0.4572568177506457
5.0250187049158015
1 5 6
-0.4438923643646885
4.616689420993972
2 3 4
-0.4332017478823168
4.698794510752412
2 3 5
-0.4577932034933029
5.067438373505331
2 3 6
-0.41542105963899145
4.188059636679435
2 4 5
-0.45883897911289373
4.742487583828867
2 4 6
-0.44247512960229846
4.544168819713813
2 5 6
-0.4264318190228645
4.356128222970459
3 4 5
-0.4568713021916302
4.836327424743961
3 4 6
-0.43859568836520624
4.6008807841917925
3 5 6
-0.4405706547236586
4.643230360679119
4 5 6
-0.42181652023912947
4.338686382722482
data 5 loaded
0 1 2
-0.42882300133624374
4.282216709554881
0 1 3
-0.44150309727044434
4.673208122442355
0 1 4
-0.4197928837147533
4.335084294909795
0 1 5
-0.4287428102535856
4.27607505782787
0 1 6
-0.401452256959367
3.8962168323696837
0 2 3
-0.45076370195577936
4.791787976840443
0 2 4
-0.444612093849303
4.74474452004435
0 2 5
-0.456950561482086
4.832413898053035
0 2 6
-0.4268707706072541
4.260542373384281
0 3 4
-0.4180189673319614
4.18546053825467
0 3 5
-0.42752212384595395
4.445564465442962
0 3 6
-0.388192048811646
3.824401293460972
0 4 5
-0.4099401471809687
4.2290838890525135
0 4 6
-0.4081354823633177
4.098710808160243
0 5 6
-0.3990752614019878
3.8840466608594557
1 2 3
-0.4618944491990316
4.9988687248761
1 2 4
-0.46118809689112605
4.899383407869193
1 2 5
-0.4777136269253921
5.388610683832666
1 2 6
-0.42235695856749456
4.2290029012006585
1 3 4
-0.45370923122490864
4.874828117472042
1 3 5
-0.45878169674067715
5.172893848730753
1 3 6
-0.421340252867351
4.235907215808692
1 4 5
-0.46314101051477935
5.209570909321913
1 4 6
-0.4531874433608333
4.721935451397035
1 5 6
-0.4148688013486966
4.228686743302023
2 3 4
-0.42929418007818404
4.4801600040352145
2 3 5
-0.44928972495526937
4.709552563994383
2 3 6
-0.4112340760352687
4.132181323372757
2 4 5
-0.43666005070053837
4.714949611286101
2 4 6
-0.43216971160195977
4.40282692753124
2 5 6
-0.4144745157987669
4.174172464347197
3 4 5
-0.4374103111728088
4.520842450634439
3 4 6
-0.42170695431641636
4.460756652350363
3 5 6
-0.4335005564390402
4.358234727952811
4 5 6
-0.41390089248500467
4.1932199688605145
data 6 loaded
0 1 2
-0.42596018586773143
4.385904781546659
0 1 3
-0.4452761783736087
4.7078423462299614
0 1 4
-0.43876089729448675
4.231748090736488
0 1 5
-0.43022117985150593
4.479944519714792
0 1 6
-0.41796984868275516
3.9088429412080323
0 2 3
-0.45917440494862255
4.81389977176556
0 2 4
-0.45573095090475224
4.850301627028398
0 2 5
-0.4624035611410996
4.997283588259463
0 2 6
-0.42329346421571623
4.346449514205509
0 3 4
-0.42064633901278753
4.210692038511144
0 3 5
-0.4421300549027313
4.37375105233623
0 3 6
-0.40462557104315394
3.9931275875179826
0 4 5
-0.42102060758964666
4.397207005519692
0 4 6
-0.4224776447997173
4.240119510861025
0 5 6
-0.4094909904420694
3.995713154114575
1 2 3
-0.4683207714069806
5.096540719499307
1 2 4
-0.45463248957205976
4.823135806296441
1 2 5
-0.4789310677744702
5.445912877574174
1 2 6
-0.4275028960107809
4.191723687243735
1 3 4
-0.45112461821486044
5.043218632815581
1 3 5
-0.473805791103411
5.269649751305174
1 3 6
-0.4352067586800498
4.3442870394702595
1 4 5
-0.47373315882185624
5.503757147976147
1 4 6
-0.45539095787476686
4.662729844881926
1 5 6
-0.4366026855295087
4.3822425804929805
2 3 4
-0.434225884728035
4.422601649445401
2 3 5
-0.45157873081311084
4.729849695389288
2 3 6
-0.4212537631963623
3.9965423932239506
2 4 5
-0.45309231801386296
4.797240368733088
2 4 6
-0.4379188766649235
4.466700135064083
2 5 6
-0.42159079477065864
4.123464049261641
3 4 5
-0.4527187679074652
4.7666266582589945
3 4 6
-0.42198667020034897
4.343124129704695
3 5 6
-0.4377778843592735
4.617594576686557
4 5 6
-0.4252688732318724
4.379893627292735
data 7 loaded
0 1 2
-0.41734458187066625
4.182465259990786
0 1 3
-0.4390955463010644
4.801669493714225
0 1 4
-0.4178318638573902
4.303854352574628
0 1 5
-0.4248937215631064
4.477436811824586
0 1 6
-0.39681568822537794
4.0170997602562055
0 2 3
-0.4379500998534678
4.6877392184420135
0 2 4
-0.44916251412040853
4.747771052724689
0 2 5
-0.44666159238078873
4.942629346821023
0 2 6
-0.4236212350869629
4.1962604606218985
0 3 4
-0.40674043792864556
4.158164573433344
0 3 5
-0.4215387716667079
4.4649313112427285
0 3 6
-0.3938588830582827
3.8518260736791063
0 4 5
-0.4130490376103743
4.366948506460312
0 4 6
-0.41361209405653093
4.222274362524914
0 5 6
-0.39839607260341353
4.0354263092129194
1 2 3
-0.44793917391386806
5.0415504823571435
1 2 4
-0.4490511512053124
4.6761861475502515
1 2 5
-0.4712836397356956
5.447947465740977
1 2 6
-0.4095018148062037
4.22241089145062
1 3 4
-0.4485186700750576
4.696691568649959
1 3 5
-0.453381018284759
4.9846909464429805
1 3 6
-0.4322601071608014
4.398279051208275
1 4 5
-0.46956823399544045
5.37354849028787
1 4 6
-0.4320920094255031
4.644983172477358
1 5 6
-0.417536921761005
4.314726000600796
2 3 4
-0.4230023564329714
4.438406593069817
2 3 5
-0.43977479301016675
4.728229311781749
2 3 6
-0.40330547654621623
3.9796274440772224
2 4 5
-0.43606165926536294
4.887008021497189
2 4 6
-0.41509757302912964
4.433553720988437
2 5 6
-0.39524862366990665
4.242825830401788
3 4 5
-0.4238222358199072
4.766907376766456
3 4 6
-0.42179238933417107
4.56844906132449
3 5 6
-0.4176178024981517
4.569630744019289
4 5 6
-0.40713258515105794
4.33363759761538
