[0, 3, 5, 7, 12] 0.18066352319964937 1.1272909928676629
[0, 4, 10, 11, 14] 0.1775261782024849 1.12103707737564
[0, 2, 7, 9, 13] 0.18081106239816216 1.1081003879467577
[3, 7, 9, 13, 14] 0.1758925126578786 1.1220174847312148
[0, 3, 8, 11, 13] 0.17289776136817517 1.1019558907558447
[2, 9, 10, 12, 14] 0.17816832444805658 1.116159694096943
[2, 4, 5, 10, 14] 0.1714747738208132 1.118651367718776
[3, 4, 8, 10, 12] 0.17462263063296182 1.109373159427681
[0, 1, 3, 7, 14] 0.18819051358399616 1.0868767770640355
[0, 1, 6, 7, 14] 0.18681584835780848 1.0881704876370477
[4, 5, 7, 12, 14] 0.1844670287168351 1.0799400354531012
[3, 10, 12, 13, 14] 0.1758592921201632 1.1087842648822877
[0, 5, 7, 10, 12] 0.17995095097636923 1.1040008936121675
[1, 3, 7, 8, 10] 0.17879053507120668 1.1066722705633638
[0, 2, 3, 6, 14] 0.18178828515278408 1.0994369971331963
[0, 1, 2, 4, 14] 0.17815056332025023 1.1078771604536617
[2, 4, 9, 12, 14] 0.1808862136155588 1.0903937990226023
[0, 9, 11, 13, 14] 0.18294257509767523 1.1143595016901995
[1, 3, 6, 8, 11] 0.18138373046508474 1.1022135996070725
[0, 6, 7, 10, 11] 0.18577808571802393 1.1259285580594356
[0, 2, 4, 6, 11] 0.18085835410477183 1.1213708410748564
[0, 6, 7, 10, 14] 0.17701655535745264 1.1264665751357674
[0, 3, 9, 11, 14] 0.17398658985665033 1.1463959432490851
[0, 1, 3, 7, 14] 0.18819051358399616 1.0868767770640355
[0, 5, 6, 8, 10] 0.17513101343499746 1.1940018129264194
[1, 5, 6, 7, 13] 0.17071215622143948 1.1141721530774957
[0, 2, 7, 11, 14] 0.18728014162676956 1.0911411957774027
[0, 5, 8, 10, 14] 0.18214864278861184 1.1179839142720673
[2, 3, 5, 10, 12] 0.1805528962039229 1.1238012385833471
[2, 4, 7, 12, 14] 0.17715330289058495 1.099193520362805
[1, 3, 6, 10, 11] 0.17192239257972583 1.112986276341566
[1, 2, 6, 11, 12] 0.17520392996141332 1.1182342521653492
[2, 4, 5, 7, 8] 0.16829375540447788 1.124389067920808
[0, 7, 12, 13, 14] 0.1779356132472253 1.162921331309088
[1, 6, 7, 8, 9] 0.17221504661299378 1.1111348684160018
[1, 3, 8, 10, 11] 0.18591848968759175 1.1683064336538345
[1, 2, 5, 11, 12] 0.17625820237552914 1.1192694226745206
[0, 6, 7, 9, 12] 0.18028027430380583 1.1256278748498123
[2, 3, 4, 6, 12] 0.17871353916627736 1.1121305485406063
[6, 9, 12, 13, 14] 0.17198357607512454 1.1371223048522512
[2, 3, 5, 6, 14] 0.1741512071476287 1.1149865068505271
[1, 4, 10, 11, 14] 0.17765823335732986 1.1189915478718047
[2, 4, 6, 8, 12] 0.17104327395809268 1.1124199538650774
[4, 5, 6, 8, 14] 0.17699225589939188 1.104756922739527
[0, 1, 7, 12, 14] 0.19059843796260686 1.095008861171936
[0, 5, 8, 9, 10] 0.17507342266507164 1.1287173538067086
[4, 5, 6, 9, 13] 0.17608401715812225 1.115972527118254
[1, 2, 3, 8, 13] 0.17619435617822887 1.0909612708334648
[0, 4, 7, 9, 14] 0.1912244305305498 1.0841198363290108
[1, 2, 5, 9, 10] 0.1713832434541705 1.121899974657646
[4, 7, 9, 11, 13] 0.17049369681574628 1.1137350863231306
