
0.0008249422322007771, 0.00019760472706644892, -3.775247803716959e-08, -0.0008875161904825579, -0.001106446302503337, -0.0010620848421704172, 0.002033538128367123
type_1_errors: 2169 ; type_2_errors: 10848 ; hits: 91 ; ratio: 0.041954817888427844
1.082833944696268e-18, -6.440375798727122e-19, 1.6361700034173402e-19, -1.8374588964708293e-18, 1.2010534377926765e-18, 2.6992629478804437e-18, -4.688715936918632e-19
type_1_errors: 2939 ; type_2_errors: 10924 ; hits: 15 ; ratio: 0.005103776794828173
-0.002461363951766861, 0.00253394304042206, 0.0026766884711876197, -0.0026474701980605435, -0.00017790148732247104, -0.0003100718074330363, 0.00038617593297324114
type_1_errors: 2744 ; type_2_errors: 10924 ; hits: 15 ; ratio: 0.005466472303206997
-0.1059379671710893, -0.08295382332195762, -0.0010201217497675034, 0.2800354241176015, 0.1979453716974616, -0.18151960911233328, -0.1065492744599153
type_1_errors: 0 ; type_2_errors: 10939 ; hits: 0 ; ratio: 0
5.432410256663591e-09, 1.2901772403114417e-09, -4.4437244970193934e-09, -5.677307504337074e-09, -2.099804545863174e-09, -3.891839755378653e-11, 5.537167359118908e-09
type_1_errors: 2586 ; type_2_errors: 10876 ; hits: 63 ; ratio: 0.024361948955916472
0.008570724349253836, -0.011855306419014923, -0.0024151237947424202, 0.005560254887423326, 0.0026293903881798057, -0.004426864260108241, 0.0019369248490086399
type_1_errors: 2519 ; type_2_errors: 10920 ; hits: 19 ; ratio: 0.007542675664946407
0.280319959654157, -0.20032170337909436, -0.04082656835767037, -0.13999295288050756, -0.04774116077962875, -0.0015437873980080519, 0.15010621314075215
type_1_errors: 0 ; type_2_errors: 10939 ; hits: 0 ; ratio: 0
0.12003889870040181, -0.29492698813624235, 0.08781124596257925, 0.10284984645156056, 0.04001872089133773, 0.014569583491127414, -0.0703613073607642
type_1_errors: 0 ; type_2_errors: 10939 ; hits: 0 ; ratio: 0
-0.005846027954528071, -0.0007743368049223974, 0.005348225167056418, 0.004176739449404609, 0.00252313967020907, -2.1546605077164768e-05, -0.0054061929221424455
type_1_errors: 2583 ; type_2_errors: 10933 ; hits: 6 ; ratio: 0.0023228803716608595
-0.0015963156557440613, -0.0039053402344320157, 0.0029181531011769797, 0.004629231633570552, 0.0022719975583885637, -0.0009997073155720165, -0.003318019087387922
type_1_errors: 2863 ; type_2_errors: 10937 ; hits: 2 ; ratio: 0.0006985679357317499
0.028138022932656204, 0.012238984269793035, -0.01556094563472858, -0.0359805786276296, -0.03154416484489306, 0.00325078916668708, 0.03945789273811503
type_1_errors: 1413 ; type_2_errors: 10932 ; hits: 7 ; ratio: 0.004953998584571833
0.0009727430997631877, -0.000591892019154723, -0.0005240102921324368, 9.696417040730452e-05, -0.00015144082958801309, -0.0007689681863217892, 0.0009666040570264191
type_1_errors: 2217 ; type_2_errors: 10922 ; hits: 17 ; ratio: 0.007668019846639603
0.001778164119260462, -0.011605392481751218, 0.0022255554906287565, 0.009407957612618027, 0.0071093727088398515, -0.003986862524855442, -0.004928794924740439
type_1_errors: 3036 ; type_2_errors: 10937 ; hits: 2 ; ratio: 0.0006587615283267457
-0.008331965767316542, -0.014766556004682902, 0.0035075396971434893, 0.03809477673603463, -8.494363243463945e-05, -0.004320027104494856, -0.01409882392424922
type_1_errors: 2575 ; type_2_errors: 10937 ; hits: 2 ; ratio: 0.0007766990291262136
0.003022195295442728, 0.0012010919586476936, -0.0017997593467438888, -0.0024148866534572035, -0.003417078360431382, -0.0028607774976849272, 0.006269214604226974
type_1_errors: 2340 ; type_2_errors: 10847 ; hits: 92 ; ratio: 0.039316239316239315
-0.0007877781208304596, 0.0011498325389853515, -0.0015278045886406293, 0.0010299040810179837, 0.0005680526830417653, 0.0008629067754811005, -0.00129511336905509
type_1_errors: 2973 ; type_2_errors: 10919 ; hits: 20 ; ratio: 0.006727211570803902
-0.0051492222421566786, -0.011526598748410532, 0.009169042923026385, 0.014609232197971483, 0.004338127388587133, -0.0006517958682013096, -0.01078878565081643
type_1_errors: 3091 ; type_2_errors: 10937 ; hits: 2 ; ratio: 0.0006470397929472663
0.008262080081753373, -0.010437710988503825, -0.007998136948429458, 0.011319695355069935, 4.202887826637541e-05, 0.0005654784239743783, -0.0017534348021307023
type_1_errors: 2920 ; type_2_errors: 10930 ; hits: 9 ; ratio: 0.0030821917808219177
0.009218655371617672, -0.0009543900906837289, -0.010205589482280925, 0.0003511052541854548, -0.004691964374261424, -0.001387010861197273, 0.007669194182620207
type_1_errors: 3142 ; type_2_errors: 10847 ; hits: 92 ; ratio: 0.02928071292170592
-0.009836985259704138, 0.022162819479737028, -0.0069114996009720505, -0.0026936524945008716, -0.005455552382502662, -0.005154125188064413, 0.007888995446007034
type_1_errors: 3337 ; type_2_errors: 10856 ; hits: 83 ; ratio: 0.024872640095894516
-0.023100175734709624, 0.0024045868511738994, 0.01609227985986912, 0.01696504478805976, 0.008075337125704506, -0.004836807902676483, -0.015600264987421168
type_1_errors: 3762 ; type_2_errors: 10932 ; hits: 7 ; ratio: 0.0018607123870281765
-0.019419905049304943, 0.0070868857010003535, 0.025591679110953957, -0.007718722406439085, -0.0023482031910387687, 0.0065708589484066915, -0.009762593113578286
type_1_errors: 2115 ; type_2_errors: 10933 ; hits: 6 ; ratio: 0.0028368794326241137
-0.001975088104675312, 0.000354749588945948, 0.00024348704981872328, 0.003975441435663096, -0.0011835853744556503, -0.0004563210740307371, -0.0009586835212660497
type_1_errors: 2978 ; type_2_errors: 10919 ; hits: 20 ; ratio: 0.006715916722632639
-0.0015816128834998924, 0.002452455441265213, 7.537384183472233e-05, -0.0011187568699586783, 0.0001298783293172155, 2.241867857610056e-05, 2.024346246534386e-05
type_1_errors: 2318 ; type_2_errors: 10935 ; hits: 4 ; ratio: 0.001725625539257981
-0.015226076389420631, -0.008778937136834785, 0.015115317367581503, 0.014557446590642141, 0.01608795965936106, -0.0010583845402768169, -0.020697325551052474
type_1_errors: 2394 ; type_2_errors: 10931 ; hits: 8 ; ratio: 0.003341687552213868
0.13425380855938934, 0.05488772807521074, -0.02781298039350924, -0.10763421164642765, -0.18902421961862648, -0.2677584959818175, 0.40308837100578077
type_1_errors: 0 ; type_2_errors: 10939 ; hits: 0 ; ratio: 0
1.1102230246251565e-16, 1.1102230246251565e-16, 1.1102230246251565e-16, 1.1102230246251565e-16, 1.1102230246251565e-16, 1.1102230246251565e-16, 1.1102230246251565e-16
type_1_errors: 1943 ; type_2_errors: 10924 ; hits: 15 ; ratio: 0.007720020586721565
0.00031177530342776444, -0.0009784200224526463, -0.00033425209510407213, 0.0012253423730171457, 0.000559588687155605, -0.0004367478212495956, -0.00034728642479416104
type_1_errors: 2252 ; type_2_errors: 10921 ; hits: 18 ; ratio: 0.007992895204262877
0.00046800229290927243, 0.0016009245137599101, -0.00032967377112987984, -0.0030565644522534243, -0.0005693064096272006, 0.0008143649342789126, 0.0010722528920623794
type_1_errors: 2984 ; type_2_errors: 10902 ; hits: 37 ; ratio: 0.012399463806970509
0.039179079894136395, 0.015712748286636415, -0.006736325975320838, -0.03218254935209831, -0.05610527270761474, -0.07793472342519273, 0.11806704327945383
type_1_errors: 1 ; type_2_errors: 10939 ; hits: 0 ; ratio: 0.0
0.004521460191007416, -0.004997792221660419, -0.0037046441371694633, 0.0052814451993837535, -0.0018340639271166748, 0.0005025687670175452, 0.00023102612853783885
type_1_errors: 2866 ; type_2_errors: 10929 ; hits: 10 ; ratio: 0.0034891835310537334
-0.001237355767564925, 0.004246709353176656, -0.0016902127394862194, -0.0006504308951502114, -0.001920315786863358, -0.0012566369433715118, 0.002508242779259575
type_1_errors: 3416 ; type_2_errors: 10853 ; hits: 86 ; ratio: 0.025175644028103045
0.0061403242156441865, 0.0031695939359639427, -0.0027732458156674534, -0.012204271908282707, -0.004747330975207601, 0.004510545964247885, 0.005904384583301601
type_1_errors: 3454 ; type_2_errors: 10866 ; hits: 73 ; ratio: 0.02113491603937464
0.007345020616622955, -0.001566591238673156, -0.006777574904592618, -0.00111264798260315, -0.002128944167979162, -0.0015310356042335074, 0.0057717732814587044
type_1_errors: 2924 ; type_2_errors: 10847 ; hits: 92 ; ratio: 0.03146374829001368
-0.002372572473582046, 0.0013595500083226366, 0.007393162329575292, -0.0066992989185103245, -0.0021457825565685306, 0.002254497350245557, 0.0002104442605172935
type_1_errors: 2353 ; type_2_errors: 10933 ; hits: 6 ; ratio: 0.0025499362515937103
0.009248658591885553, 0.0016680690444827201, -0.007101642295864524, -0.006242444526291185, -0.006289968603980256, -0.0041184568034349205, 0.012835784593202582
type_1_errors: 3149 ; type_2_errors: 10846 ; hits: 93 ; ratio: 0.02953318513813909
0.00764410912312502, -0.004727089661693216, -0.004637726073082799, 0.0017224527111509911, -0.0024602206939515043, -0.003925218883502805, 0.0063836934779543195
type_1_errors: 2272 ; type_2_errors: 10921 ; hits: 18 ; ratio: 0.007922535211267605
0.00852068667970474, 0.0035723082684140928, -8.082086496731395e-05, -0.018553643246287135, -0.00775340599729393, 0.0025053637730196392, 0.011789511387409937
type_1_errors: 3649 ; type_2_errors: 10865 ; hits: 74 ; ratio: 0.020279528637983008
0.013091328842236733, -0.009119244813341774, -0.01234715987090506, 0.00522338724770534, 0.0009340656573703466, -0.0011014025609478685, 0.0033190254978823232
type_1_errors: 2314 ; type_2_errors: 10932 ; hits: 7 ; ratio: 0.003025064822817632
-0.023523378400069794, 0.0005614154871179274, 0.013276216353749168, 0.029305438579828407, 0.0030371474667810297, -0.008762283123214601, -0.013894556364192064
type_1_errors: 3605 ; type_2_errors: 10932 ; hits: 7 ; ratio: 0.001941747572815534
-0.009771290046809966, 0.038489890087718644, 0.08390531931209251, -0.15330027014569417, -0.009584726491438425, 0.009627276013856361, 0.040633801270275154
type_1_errors: 0 ; type_2_errors: 10939 ; hits: 0 ; ratio: 0
8.72249633528073e-05, -0.00012097746265846363, -3.2323748564640126e-05, 4.120004483495159e-06, 9.302934164992704e-05, 1.2413830683689579e-05, -4.348692894681563e-05
type_1_errors: 3230 ; type_2_errors: 10936 ; hits: 3 ; ratio: 0.0009287925696594427
-0.002637780616739833, 0.0016514915973329782, 0.0015527259205928726, 0.0008519007684278099, -0.00045028017484898144, -0.00029681992418277125, -0.0006712375705820574
type_1_errors: 2066 ; type_2_errors: 10928 ; hits: 11 ; ratio: 0.005324298160696999
0.0025318954146195936, -0.0013542004097430362, -0.0032852466048361685, 0.0015525954922162328, 0.0005907996391731617, -0.0011187697746526295, 0.0010829262432228788
type_1_errors: 2299 ; type_2_errors: 10932 ; hits: 7 ; ratio: 0.003044802087864289
0.00011116889350324064, 0.0004464061150774336, -0.0006632158302596081, 0.0015568094927972786, -0.001903407605789818, -0.0011097938821801596, 0.0015620328168516986
type_1_errors: 3285 ; type_2_errors: 10853 ; hits: 86 ; ratio: 0.026179604261796042
0.005649124618501382, -0.0060142875244539274, -0.004914380631578954, 0.00633718535852451, -0.0020141700181793075, 0.0008509963983622641, 0.00010553179882403186
type_1_errors: 2888 ; type_2_errors: 10929 ; hits: 10 ; ratio: 0.0034626038781163434
0.001638892412505207, 0.002685610456503643, -0.0052997142934658875, -0.0016473784245293237, 0.0017570078376168466, -0.0006344299853314918, 0.0015000119967010536
type_1_errors: 2746 ; type_2_errors: 10931 ; hits: 8 ; ratio: 0.0029133284777858705
-0.004687826592140554, -0.004280252758066137, 0.004145976733022862, 0.0059568783599791035, 0.0068295281882445385, 0.0014146249546560109, -0.009378928885695883
type_1_errors: 3222 ; type_2_errors: 10935 ; hits: 4 ; ratio: 0.0012414649286157666
-0.009191276954261906, 0.008784400139234472, 0.010441906801325593, -0.009867247541121407, -0.006780105272411653, 0.01261998699228459, -0.006007664165049581
type_1_errors: 2392 ; type_2_errors: 10933 ; hits: 6 ; ratio: 0.002508361204013378
-0.0028205723448534643, 0.0058602734508577834, -0.0067092699503909295, 0.005522019449826508, -0.00047761299080853887, -0.00115168575146662, -0.0002231518631646549
type_1_errors: 3137 ; type_2_errors: 10917 ; hits: 22 ; ratio: 0.007013069811922219
-0.006684702885704706, -0.002244378778290961, 0.004577985127513884, 0.014009532733770804, -0.001343094001289551, -0.006324239503105809, -0.001991102692893666
type_1_errors: 3742 ; type_2_errors: 10929 ; hits: 10 ; ratio: 0.002672367717797969
-0.010418514426139917, 0.006187905531952407, 0.006340186041121462, 0.00021594472304280727, 0.002324144220103002, 0.0009146921232569626, -0.005564358213336806
type_1_errors: 2503 ; type_2_errors: 10932 ; hits: 7 ; ratio: 0.002796644027167399
-0.005445324688046145, -0.01663119552972605, 0.013714582274141305, 0.013436341254042554, 0.012033832769313666, -0.0034070926204132017, -0.013701143459312188
type_1_errors: 1904 ; type_2_errors: 10935 ; hits: 4 ; ratio: 0.0021008403361344537
-0.007523496973469981, 0.015175708418518633, 0.0009249804719498432, -0.008230882049297665, -0.005478931848024599, 0.0012130277043691999, 0.003919594275954459
type_1_errors: 3350 ; type_2_errors: 10901 ; hits: 38 ; ratio: 0.011343283582089553
-0.014411496485729357, 0.004643190667042066, 0.007043848155810505, 0.011430644160885371, 0.0014961648348317338, -0.002206629196395721, -0.007995722136444597
type_1_errors: 3638 ; type_2_errors: 10932 ; hits: 7 ; ratio: 0.0019241341396371632
0.02125962822936749, -0.008263137239467982, -0.009709995636605512, -0.012479296976516913, -0.006811061586793048, 0.003657913470694082, 0.012345949739321972
type_1_errors: 3567 ; type_2_errors: 10875 ; hits: 64 ; ratio: 0.01794224838800112
-0.008002735930692605, 0.007953790924353828, 0.002050756523769911, 0.00678507893737891, -0.007609641104610588, -0.005091519735608535, 0.00391427038540913
type_1_errors: 3468 ; type_2_errors: 10854 ; hits: 85 ; ratio: 0.024509803921568627
0.020734785778533545, -0.022094258110640537, 0.00383260913628582, -0.01290293571112721, 0.003801874520776009, 0.001837197428687842, 0.00479072695748458
type_1_errors: 2924 ; type_2_errors: 10929 ; hits: 10 ; ratio: 0.003419972640218878
0.04037988120935691, 0.00342547786722523, -0.03605024692820886, -0.0223545341954202, -0.01879849625444211, -0.010545093784287302, 0.04394301208577642
type_1_errors: 647 ; type_2_errors: 10939 ; hits: 0 ; ratio: 0.0
-0.015170890585030227, 0.09315068789961016, 0.20228465899089812, -0.46212648959967634, 0.05157871186299048, 0.0993553131215867, 0.030928008309621103
type_1_errors: 0 ; type_2_errors: 10939 ; hits: 0 ; ratio: 0
-0.00615612007269528, 0.009635528978002692, -0.0048866534483201, 0.008228638699688833, -0.00608899936897647, -0.00420222802167575, 0.003469833233975804
type_1_errors: 3565 ; type_2_errors: 10854 ; hits: 85 ; ratio: 0.023842917251051893
1.858294595520943e-05, 0.0003266946911585394, -0.00032182984120507336, -0.0001604462177161262, 4.807051417785874e-06, 1.4072783609343963e-05, 0.00011811858678038471
type_1_errors: 1995 ; type_2_errors: 10896 ; hits: 43 ; ratio: 0.02155388471177945
-0.0010085296754794666, -0.00012064141602592492, 0.0003971191564235294, 0.0017397963177723534, -5.082680940426644e-05, -5.182682719643121e-05, -0.0009050907460898656
type_1_errors: 2873 ; type_2_errors: 10934 ; hits: 5 ; ratio: 0.001740341106856944
0.00022427801597130377, -2.7986971539371006e-06, -2.713867171838387e-05, -0.0004793508108987464, 3.987974391870841e-05, 0.00013517302167423526, 0.00010995739820682813
type_1_errors: 1778 ; type_2_errors: 10926 ; hits: 13 ; ratio: 0.007311586051743532
-0.0008636937413403684, -0.0005435833083580913, 0.00020971786931532374, 0.001659375477498766, 0.0012067231997299902, -0.0003303653193849599, -0.00133817417746068
type_1_errors: 2907 ; type_2_errors: 10934 ; hits: 5 ; ratio: 0.0017199862401100791
0.0006429722796261164, -0.001399215772173506, 0.0014758744478175082, -0.0015613709723918004, 0.0006536809101215647, 0.000611498488773146, -0.0004234393817730081
type_1_errors: 2928 ; type_2_errors: 10936 ; hits: 3 ; ratio: 0.0010245901639344263
-0.0013564423313860274, 2.870870058931329e-05, 0.0010168885725614315, 0.001021458591963206, 0.0005977222691558241, -0.0003322641190773529, -0.0009760716838063831
type_1_errors: 2878 ; type_2_errors: 10934 ; hits: 5 ; ratio: 0.0017373175816539264
0.0012827106683897256, -0.0011213188224878544, -0.0016370640599134962, 0.0005915250546835538, 0.0011593284392246357, 0.0003653542992551641, -0.000640535579151656
type_1_errors: 2235 ; type_2_errors: 10936 ; hits: 3 ; ratio: 0.0013422818791946308
-0.0007900523331932988, 7.852305124005302e-05, 0.0002882167043229604, 0.0011280779245676031, 6.598773323473002e-05, -0.00032137731450463194, -0.0004493757656674335
type_1_errors: 2818 ; type_2_errors: 10934 ; hits: 5 ; ratio: 0.0017743080198722497
0.0012633466150692599, -0.0010880024937212796, -0.0015836030750131468, 0.0015788594864302125, 0.00035395199058563926, -0.0012501373622184988, 0.0007255848388678069
type_1_errors: 2264 ; type_2_errors: 10932 ; hits: 7 ; ratio: 0.0030918727915194345
-0.0022078349140156332, 0.0004381690222094466, 0.0011686997909861403, 0.002014599517394186, 0.0002950790585146282, -0.0002525914601097852, -0.0014561210149789785
type_1_errors: 2947 ; type_2_errors: 10932 ; hits: 7 ; ratio: 0.0023752969121140144
0.0014545167256138998, -0.0014218239134403889, 0.0006528384113121764, -0.001201553805257403, -0.0009348171553830415, 0.0012449612948079213, 0.00020587844234676406
type_1_errors: 3072 ; type_2_errors: 10923 ; hits: 16 ; ratio: 0.005208333333333333
-0.004464190196801252, 0.0068979311898083985, 0.003028477723424034, -0.004525515643239906, -0.004520363694905889, 0.002798848657600789, 0.0007848119641138031
type_1_errors: 2433 ; type_2_errors: 10928 ; hits: 11 ; ratio: 0.004521167283189478
0.00015422492677955623, 4.296153669214021e-05, -0.0030689297457867867, 0.003946097132845731, 0.00012043821035239649, -0.000943606080232761, -0.0002511859806502334
type_1_errors: 2273 ; type_2_errors: 10932 ; hits: 7 ; ratio: 0.0030796304443466782
-0.0007150103205494223, 0.0003569283351932255, 0.005447009639087554, -0.004949624036250367, -0.0024018496840737544, 0.0003699531678788372, 0.0018925928987139375
type_1_errors: 2075 ; type_2_errors: 10922 ; hits: 17 ; ratio: 0.00819277108433735
0.00544092352735653, -0.0029866478386298932, -0.0023062256804779477, -0.00363144504110563, -3.514873597480067e-05, 0.0024772333461886256, 0.0010413104226431316
type_1_errors: 3216 ; type_2_errors: 10922 ; hits: 17 ; ratio: 0.005286069651741294
-0.0009002181408054754, 0.009041888571294836, -0.003319224439576605, -0.007452239599184818, -0.0035120645356274205, 0.0028496116154746037, 0.003292246528424936
type_1_errors: 3365 ; type_2_errors: 10899 ; hits: 40 ; ratio: 0.01188707280832095
-0.004479623666675013, -0.0016917773813678765, -0.0005404868066560894, 0.013415932369443946, -0.0010495824498552271, -0.0006500560751075405, -0.005004405989782199
type_1_errors: 2413 ; type_2_errors: 10934 ; hits: 5 ; ratio: 0.0020721094073767096
0.022881043371263773, 0.009039156277295107, -0.00814785735205894, -0.018216359379389587, -0.029874770104833453, -0.035491993857986785, 0.0598107810457099
type_1_errors: 23 ; type_2_errors: 10939 ; hits: 0 ; ratio: 0.0
0.0019188744808579655, -0.010212214574171553, -0.0013173341528272403, 0.014249978113463346, 0.0017910460584870456, -0.0015148638603452165, -0.004915486065464365
type_1_errors: 3049 ; type_2_errors: 10937 ; hits: 2 ; ratio: 0.0006559527714004591
-0.006747189656588009, -0.007284635655048231, 0.011343287101291406, 0.004116357912399332, 0.009651328373356305, -0.00011856267430688532, -0.01096058540110388
type_1_errors: 2954 ; type_2_errors: 10936 ; hits: 3 ; ratio: 0.001015572105619499
-0.02911568101591972, -0.008399071614787043, 0.015415589080313426, 0.030010307918391557, 0.027563840748940194, 0.009868482595144914, -0.04534346771208332
type_1_errors: 1296 ; type_2_errors: 10938 ; hits: 1 ; ratio: 0.0007716049382716049
-0.05139186794205657, 0.07680953122975263, -0.01625183536737447, -0.002724935564695213, -0.004567950800390411, 0.006621601267940484, -0.008494542823176477
type_1_errors: 5 ; type_2_errors: 10939 ; hits: 0 ; ratio: 0.0
-0.10346998751145882, -0.04184288847744027, 0.020597281034576958, 0.08243858685188767, 0.14569792761126477, 0.20893362753945435, -0.31235454704828464
type_1_errors: 0 ; type_2_errors: 10939 ; hits: 0 ; ratio: 0
-0.03559543893607283, -0.00795628556140071, 0.01786160945389201, 0.04911161159216834, 0.022737685070932157, -0.010902581310496602, -0.035256600309022314
type_1_errors: 1004 ; type_2_errors: 10938 ; hits: 1 ; ratio: 0.00099601593625498
-0.00015845288245437965, -5.7831774811527637e-05, 5.1244737855814045e-05, 0.00012268877118053298, 0.00022418683732744135, 0.00021845722916395165, -0.00040029291826191053
type_1_errors: 2609 ; type_2_errors: 10935 ; hits: 4 ; ratio: 0.0015331544653123803
0.0006757471594738989, -0.0006175392763644444, -0.00027336137792202973, -7.003541666971586e-05, 1.5075391917202954e-05, 0.0003066144028416374, -3.650088327656435e-05
type_1_errors: 2605 ; type_2_errors: 10931 ; hits: 8 ; ratio: 0.003071017274472169
-0.00318379531213199, 0.0003722377040774156, 0.0034096848891951893, 0.0017943612561683395, 0.0008542033829886177, -0.0034886467388580227, 0.0002419548185604987
type_1_errors: 2858 ; type_2_errors: 10932 ; hits: 7 ; ratio: 0.00244926522043387
0.0003557463353622568, 0.00044436310709143807, 0.0005732017342407757, -0.0016645487000279684, -0.0008151046511022331, -2.524508230542634e-05, 0.0011315872567411595
type_1_errors: 1976 ; type_2_errors: 10924 ; hits: 15 ; ratio: 0.0075910931174089065
-0.0004353889673353301, 0.005565203189319993, -0.0019196581571328628, -0.0060600965519917935, -0.001382039223303877, 0.003409318588526794, 0.0008226611219171421
type_1_errors: 2434 ; type_2_errors: 10928 ; hits: 11 ; ratio: 0.0045193097781429745
-0.001338014632199511, -0.001235532536647708, 0.0018927270666257712, 0.002857607129355071, -0.0003057294326242577, -0.0013265203128837678, -0.0005445372816254494
type_1_errors: 3141 ; type_2_errors: 10929 ; hits: 10 ; ratio: 0.003183699458771092
0.0008877949202192518, -0.00137246982694069, -0.0009585834298830268, 0.0017946428586256586, 0.00024484633590786246, -0.0005037079147724917, -9.25229431565095e-05
type_1_errors: 2275 ; type_2_errors: 10921 ; hits: 18 ; ratio: 0.007912087912087912
-0.00034621958701510844, 0.004298442340501634, -0.0002941600041481571, -0.005097261616710136, -0.002293364830794027, 0.0016402603478931654, 0.002092303350272487
type_1_errors: 3167 ; type_2_errors: 10900 ; hits: 39 ; ratio: 0.012314493211240922
0.0012341293254654047, 0.0019582157761497405, 0.0007497619139115716, -0.005950599546731113, -0.0017677667459593857, 0.0011924296429246936, 0.00258382963423909
type_1_errors: 3155 ; type_2_errors: 10900 ; hits: 39 ; ratio: 0.012361331220285262
0.00023716195082712765, -0.0016107395458749112, 0.0015118574092273813, -0.0004974899924328484, 0.0005676071872410862, 0.0009405519903186987, -0.001148948999306519
type_1_errors: 3020 ; type_2_errors: 10923 ; hits: 16 ; ratio: 0.005298013245033113
-0.005712104730121363, 0.0037693707203044057, 0.00224160013883422, 0.0020401043954712595, 0.00032589976297747833, -0.00031273848849927463, -0.0023521317989666593
type_1_errors: 1756 ; type_2_errors: 10934 ; hits: 5 ; ratio: 0.0028473804100227792
-0.0026437330999453325, 0.004685784833167034, -0.00040749367720276157, -0.00023753859273625515, -0.0018800436849030113, -0.0014638477093369933, 0.0019468719309574454
type_1_errors: 3392 ; type_2_errors: 10853 ; hits: 86 ; ratio: 0.02535377358490566
0.0022176798135481826, -0.0026721279676712125, -0.0028312758741663112, 0.004069994108959245, -0.0006610465581488034, 0.0004917752431518208, -0.0006149987656730181
type_1_errors: 2762 ; type_2_errors: 10921 ; hits: 18 ; ratio: 0.0065170166545981175
-0.0042952604638023546, 0.0004590187023823456, 0.00483824493305516, 0.0011978121280792823, 0.0002680651559089279, -6.07715737439858e-06, -0.0024618032982491192
type_1_errors: 2454 ; type_2_errors: 10933 ; hits: 6 ; ratio: 0.0024449877750611247
0.0021940375071092845, -0.00011395709232019265, -0.003911203252532417, 0.002873012096544182, -0.00223390112849078, -0.0011008606035761512, 0.002292872473266052
type_1_errors: 2686 ; type_2_errors: 10850 ; hits: 89 ; ratio: 0.033134772896500374
-0.005032514094624844, -0.00016441046634676077, 0.006615368449527233, -0.00020933788746189472, 0.001460345301099635, 0.002262986161560557, -0.004932437463753855
type_1_errors: 2347 ; type_2_errors: 10933 ; hits: 6 ; ratio: 0.0025564550489987218
0.0052694703875819015, -0.008961438775704149, -0.003461115395381318, 0.007579097517915761, 0.002690759733921676, -0.0010839788870359486, -0.002032794581297897
type_1_errors: 2897 ; type_2_errors: 10937 ; hits: 2 ; ratio: 0.0006903693476009665
0.005906954304123605, -0.0039002233511939775, -0.007339738985175527, 0.005411160123447584, -0.00012533867912366576, -0.0025644561401650797, 0.0026116427280870468
type_1_errors: 2420 ; type_2_errors: 10932 ; hits: 7 ; ratio: 0.002892561983471074
0.0025902101564240342, 0.007743126887514433, -0.021832506495388794, 0.010123062476112365, 0.0026822009448802726, -0.0026604587126587264, 0.0013543647431164868
type_1_errors: 2757 ; type_2_errors: 10919 ; hits: 20 ; ratio: 0.007254261878853826
-0.00838210796984738, 0.012559393117052219, 0.004414845615172816, -0.006430565687882617, -0.005678236606018015, 0.00048447004881607935, 0.003032201482706978
type_1_errors: 3231 ; type_2_errors: 10902 ; hits: 37 ; ratio: 0.01145156298359641
0.011602426994685054, -0.003663080571755333, -0.0071310604899997, -0.005680490457069579, -0.0025222774562820797, -0.0006888908655624408, 0.008083372845983922
type_1_errors: 3089 ; type_2_errors: 10861 ; hits: 78 ; ratio: 0.025250890255746197