
0.000843093974917024, 0.0001568658553620581, 1.736933493736347e-06, -0.0007360180455023463, -0.0012661931913823456, -0.0011094003410156508, 0.0021099148141275254
type_1_errors: 1044 ; type_2_errors: 65392; hits: 11 ; ratio: 0.01053639846743295
3.6450417649256694e-20, -6.66060828365571e-21, -9.668834264512429e-20, -1.1272871240222342e-19, -4.043309475891536e-21, 1.0811402292233795e-18, 1.7267298956012724e-20
type_1_errors: 1187 ; type_2_errors: 65383; hits: 20 ; ratio: 0.016849199663016005
3.708295678828089e-10, -4.419188373448325e-10, 9.357969391455751e-11, -7.561144585956657e-11, -8.160333248623678e-11, 3.3924638487515773e-13, 1.3438518335383522e-10
type_1_errors: 1334 ; type_2_errors: 65399; hits: 4 ; ratio: 0.0029985007496251873
-0.0036113338814715962, 0.0014200563831411332, 0.0015056447134678985, 0.0019006239115465346, 0.0014747714081827742, -0.00010627203175298062, -0.0025834905031138083
type_1_errors: 1258 ; type_2_errors: 65395; hits: 8 ; ratio: 0.006359300476947536
0.1160883767526168, 0.04655554277135323, -0.0257082771362083, -0.09151563925524415, -0.16303840646559237, -0.225851135130717, 0.34346953846379175
type_1_errors: 0 ; type_2_errors: 65403; hits: 0 ; ratio: 0
-0.051736835664689965, -0.12332881292834565, 0.15807199514936573, 0.09092851008916561, 0.02681161243696368, -0.031631657109019676, -0.06911481197343979
type_1_errors: 0 ; type_2_errors: 65403; hits: 0 ; ratio: 0
-5.219734758267066e-09, 4.673760823805507e-09, 1.090127845168746e-09, 1.2884964547253865e-09, -6.343982689489413e-10, 9.92400359090405e-10, -2.190652414369838e-09
type_1_errors: 1620 ; type_2_errors: 65355; hits: 48 ; ratio: 0.02962962962962963
-0.007108973867239673, -0.0052480881899836795, 0.017762745661740433, -0.0008488891818860313, 0.0021903354940665826, -0.003990701936080403, -0.0027564279806172585
type_1_errors: 813 ; type_2_errors: 65398; hits: 5 ; ratio: 0.006150061500615006
0.0026246254050525555, -0.002240407221451974, -0.003664235959315355, 0.002215296886698925, 0.0023183720199733736, -0.0011714071858373134, -8.224394512011316e-05
type_1_errors: 1759 ; type_2_errors: 65389; hits: 14 ; ratio: 0.007959067652075043
-0.006724263718925686, 0.0006034404702382217, 0.011975162454505917, 0.00036434632357820046, -0.003650102302470156, -0.0043651042214549384, 0.0017965209945284522
type_1_errors: 1533 ; type_2_errors: 65396; hits: 7 ; ratio: 0.0045662100456621
0.1575773963180986, 0.06304799319836686, -0.03152545137697613, -0.1259539384955937, -0.22036334628470236, -0.3160140303363365, 0.4732313769771432
type_1_errors: 0 ; type_2_errors: 65403; hits: 0 ; ratio: 0
-0.001149776605346962, -0.0019517940294093074, -0.008658310627502828, 0.010118553631305581, 0.009366088122925796, 0.0022030351493711256, -0.009927795641343462
type_1_errors: 1101 ; type_2_errors: 65391; hits: 12 ; ratio: 0.010899182561307902
-0.004399126112127764, 0.01791314275123519, 0.008445487941406366, -0.021131303533157623, -0.015614053790045112, -0.002330890669472164, 0.01711674341216096
type_1_errors: 280 ; type_2_errors: 65401; hits: 2 ; ratio: 0.007142857142857143
-0.07690131206749372, 0.09307661223144342, 0.018998646127097337, -0.003341867447840001, -0.021260833114878117, -0.02742250468736801, 0.016851258959039096
type_1_errors: 0 ; type_2_errors: 65403; hits: 0 ; ratio: 0
-0.00011620920701037524, -0.0007531865325001265, 0.0011503902886145717, 0.00023642783031330682, -6.79042411591348e-05, -0.0007118482585171039, 0.00026233012025884896
type_1_errors: 1327 ; type_2_errors: 65382; hits: 21 ; ratio: 0.015825169555388093
-0.0016079299339554747, -0.00021257945831181242, 0.002604299174638929, 0.0005096539516622917, 9.59806502123269e-05, -0.001427642958675315, 3.8218574429050624e-05
type_1_errors: 1360 ; type_2_errors: 65395; hits: 8 ; ratio: 0.0058823529411764705
0.0030404897442764625, -0.002570902742980067, -0.0006572540976534284, -0.0011052656591944742, 0.00045467778609703985, -0.0003529669547551845, 0.001191221924209711
type_1_errors: 2007 ; type_2_errors: 65386; hits: 17 ; ratio: 0.008470353761833582
-0.0007085622938761283, -0.00214368176899054, 0.00047398709345113815, 0.0038869277240230864, 0.0010652011501225407, -0.0007173512379094439, -0.0018565206668206724
type_1_errors: 1587 ; type_2_errors: 65389; hits: 14 ; ratio: 0.008821676118462508
-0.010030136638690686, 0.0009362534312379076, 0.005305001166077269, 0.006849780944171173, 0.006707521953557727, 0.00031516127201660754, -0.010083582128369972
type_1_errors: 2008 ; type_2_errors: 65394; hits: 9 ; ratio: 0.004482071713147411
0.0077073836463534395, -0.00017356653471671668, -0.012438641695971373, -0.000677504342939212, 0.0034472453570062686, -0.00048388010584646805, 0.0026189636761140564
type_1_errors: 1571 ; type_2_errors: 65393; hits: 10 ; ratio: 0.006365372374283896
-0.006238273842985909, -0.004129411218980974, 0.01633213026090543, -0.0017129369960392437, 0.0001343410598940984, -0.0023816930224717847, -0.0020041562403215903
type_1_errors: 939 ; type_2_errors: 65399; hits: 4 ; ratio: 0.004259850905218318
-0.01276969285200799, -0.008226589215669093, 0.011618541780560002, 0.017215037348692924, 0.012316241891684862, -0.005000659761295302, -0.015152879191965476
type_1_errors: 1936 ; type_2_errors: 65399; hits: 4 ; ratio: 0.002066115702479339
0.0111663529531164, -0.014806580264756477, -0.01511816550341352, 0.015086902459799146, 0.01101126729339295, 0.00022420365255490515, -0.007563980590693346
type_1_errors: 157 ; type_2_errors: 65402; hits: 1 ; ratio: 0.006369426751592357
-9.023120052004809e-05, -8.706490678555539e-06, 5.852038571626367e-05, 9.274108440072e-05, 3.2776642413297714e-05, 7.061575619246442e-06, -9.216199695092745e-05
type_1_errors: 933 ; type_2_errors: 65397; hits: 6 ; ratio: 0.006430868167202572
0.0016733629890113293, -0.0007822278164239874, -0.0006019576402542723, -0.001017500567573324, -0.0005599668299631951, 0.0004512270717155182, 0.0008370627934879667
type_1_errors: 1164 ; type_2_errors: 65390; hits: 13 ; ratio: 0.011168384879725086
0.00017098804963799376, 0.0017804246328710534, 0.0010343366773744186, -0.0024651189967975604, -0.0031223516008541, -0.00042533797957996155, 0.0030270592173481836
type_1_errors: 1390 ; type_2_errors: 65380; hits: 23 ; ratio: 0.016546762589928057
0.001769272098554107, 0.001121840147801309, -0.00013953862987523452, -0.0026045408228594, -0.0031681254899168496, -0.00151680536241857, 0.004537898058714569
type_1_errors: 1170 ; type_2_errors: 65384; hits: 19 ; ratio: 0.01623931623931624
-0.0030248375031451374, 0.0032035004725533404, -0.0006270791190158606, 0.000986627256163622, 0.0008048166397999978, 7.032408407657547e-05, -0.0014133518304325814
type_1_errors: 1360 ; type_2_errors: 65389; hits: 14 ; ratio: 0.010294117647058823
-0.002690491787625056, 0.0075086248785113646, -0.0001923343939261874, -0.006147052299615461, -0.0026124031758024586, 0.003035127159349437, 0.0010985296191083186
type_1_errors: 1818 ; type_2_errors: 65386; hits: 17 ; ratio: 0.00935093509350935
0.001787585583097638, -0.003563113473447102, 0.00256533752619048, -0.00020098800344772123, -0.0013067930183279165, 4.525381088649402e-05, 0.00067271757504805
type_1_errors: 1728 ; type_2_errors: 65396; hits: 7 ; ratio: 0.004050925925925926
-0.005222697138470192, 0.00333739880503928, -0.008670121905656334, 0.008424347089674666, 0.009446888245263789, 0.005162858668698972, -0.01247867376455004
type_1_errors: 1466 ; type_2_errors: 65383; hits: 20 ; ratio: 0.013642564802182811
0.034340155729771754, 0.01324264669266286, -0.005034942253029176, -0.03362870415337855, -0.04808550168881821, -0.055057282992056054, 0.09422362866484742
type_1_errors: 1 ; type_2_errors: 65403; hits: 0 ; ratio: 0.0
0.012156649798949926, 0.04997872132144583, -0.035475526764577894, -0.04551645052968292, -0.02957291084727031, 0.014763774940972302, 0.03366574208016311
type_1_errors: 0 ; type_2_errors: 65403; hits: 0 ; ratio: 0
-0.10621189578696777, -0.19286695325859354, 0.3708671992760878, 0.036478608925739675, 0.03745973838470855, -0.06621795963621299, -0.07950873790476157
type_1_errors: 0 ; type_2_errors: 65403; hits: 0 ; ratio: 0
-0.00045229348059597354, -0.000180693032391163, 0.00010932056004852134, 0.00044564599707864094, 0.0005561884837009799, 0.0007306288466996957, -0.0012087973745406996
type_1_errors: 917 ; type_2_errors: 65377; hits: 26 ; ratio: 0.028353326063249727
-0.002018672381159029, -0.0008010199571472934, 0.0004064972154029576, 0.0020884172377083985, 0.0025630842792929718, 0.003099724939367706, -0.005338031333465704
type_1_errors: 881 ; type_2_errors: 65379; hits: 24 ; ratio: 0.02724177071509648
-0.0005247233850595315, -0.001062021306663499, -0.0001506858590536904, 0.0012988188307679412, 0.0020542537834934314, 0.001056226220598893, -0.002671868284083502
type_1_errors: 1250 ; type_2_errors: 65388; hits: 15 ; ratio: 0.012
0.0004965229548559849, 0.0007171661916800637, -0.0011188943748954708, -0.0007933451692684984, -5.741637322997444e-05, 0.0004054770663110576, 0.0003504897045468265
type_1_errors: 1077 ; type_2_errors: 65387; hits: 16 ; ratio: 0.014856081708449397
-0.001735928870623874, 0.0015006939085433092, 0.0019858684277009623, -0.0008892148382018707, -0.0009199169304157063, -0.0005238916543400081, 0.000582389957337216
type_1_errors: 1352 ; type_2_errors: 65391; hits: 12 ; ratio: 0.008875739644970414
0.0043932893526735985, -0.0015051215428947137, -0.0024478890942847176, -0.003650140175816506, 0.00031754351708040133, 0.0012727614688594897, 0.0016195564743824251
type_1_errors: 1217 ; type_2_errors: 65383; hits: 20 ; ratio: 0.016433853738701727
-0.0030245348407792324, 0.006576522534905243, 0.0023444679759524263, -0.005864887358883919, -0.004342720151766557, 0.0021668268465242237, 0.002144324994047752
type_1_errors: 1629 ; type_2_errors: 65388; hits: 15 ; ratio: 0.009208103130755065
0.006536064061581158, -0.003491164856434774, -0.003310914608976756, -0.003393838139141025, 0.0005000921811199906, 0.0006644284037771803, 0.0024953329580742916
type_1_errors: 1248 ; type_2_errors: 65394; hits: 9 ; ratio: 0.007211538461538462
0.004977857066986607, -0.0031780857102769976, -0.002045907311455554, -0.0021852825092296122, -0.0003623712664486488, 0.0014875054558738511, 0.0013062842745504364
type_1_errors: 1827 ; type_2_errors: 65351; hits: 52 ; ratio: 0.028461959496442254
0.007664679123710735, 0.0005387404366659431, -0.0004646932693662206, -0.007650305294362563, -0.010888773929503734, -0.002094540106034044, 0.012894893038889908
type_1_errors: 1060 ; type_2_errors: 65367; hits: 36 ; ratio: 0.033962264150943396
-0.007910970722559627, 0.005544642758125951, 0.006037303973105594, 0.0009768041046557213, -0.0032180902878064647, -0.0009008370860483412, -0.0005288527394727476
type_1_errors: 1384 ; type_2_errors: 65387; hits: 16 ; ratio: 0.011560693641618497
-0.007021644848459628, -0.02159517951291038, 0.019057699324676963, 0.018178152742409054, 0.010943380294760158, -0.002546249460145485, -0.017016158540330673
type_1_errors: 94 ; type_2_errors: 65401; hits: 2 ; ratio: 0.02127659574468085
-0.011348785538083165, 0.010652298044762594, 0.01627025590482953, -0.008652122324090317, -0.01557555619820943, 0.00685767875405805, 0.001796231356732855
type_1_errors: 226 ; type_2_errors: 65402; hits: 1 ; ratio: 0.004424778761061947
-0.022883089401760544, 0.008331527352653266, 0.004376104008320021, 0.012577459670188784, 0.0220040377194581, -0.0036039708354655537, -0.020802068513394025
type_1_errors: 86 ; type_2_errors: 65402; hits: 1 ; ratio: 0.011627906976744186
-0.027123732445518866, 0.012775159080342055, 0.01581896293797305, 0.011824710822583073, 0.0024455627555443372, -0.004774510459327795, -0.010966152691596075
type_1_errors: 133 ; type_2_errors: 65403; hits: 0 ; ratio: 0.0
0.014247359886950098, 0.021844525346514414, -0.03106917796170136, -0.01991296391453487, -0.00458407412562089, -0.0015230342126210377, 0.02099736498101356
type_1_errors: 52 ; type_2_errors: 65403; hits: 0 ; ratio: 0.0
-9.70288832619546e-05, 0.00037193043016137746, -0.00024738626660959697, -0.00018705492038810834, 1.2015224996015065e-06, 0.0002708279313683644, -0.00011248981376967845
type_1_errors: 1062 ; type_2_errors: 65386; hits: 17 ; ratio: 0.0160075329566855
0.0004163983142248809, 0.002085492227733592, -0.0020945651484099155, -0.0020169416126768606, -0.0001069506910997233, 0.0017171357898524062, -5.6887962439433e-07
type_1_errors: 1188 ; type_2_errors: 65386; hits: 17 ; ratio: 0.01430976430976431
-0.007480952050503319, -0.022032635331870512, 0.01461356756691062, 0.022380574519598358, 0.017503897565536386, -0.005554899995137679, -0.019429552274533843
type_1_errors: 145 ; type_2_errors: 65403; hits: 0 ; ratio: 0.0
-0.004854560895037718, 0.002054494453335721, 0.004268803036074376, 0.0020782174355020826, 4.133845141125352e-05, -0.00453764825007885, 0.0009493557687930411
type_1_errors: 1596 ; type_2_errors: 65394; hits: 9 ; ratio: 0.005639097744360902
-0.0030972783540171365, 0.0001054580163017815, 0.0033994020224390477, 0.002680974009245973, -0.0006192409694859566, -0.002345668135928031, -0.00012364658855557793
type_1_errors: 1504 ; type_2_errors: 65394; hits: 9 ; ratio: 0.005984042553191489
-0.002609344048254878, 0.0014531495237537753, -0.003113828024162096, 0.004852492362823084, 0.0025738894435894774, 0.0011403727917608433, -0.0042967320495101175
type_1_errors: 1645 ; type_2_errors: 65388; hits: 15 ; ratio: 0.00911854103343465
-0.0020811809933842427, -0.006776088029554166, 0.005084809885502497, 0.005021688680990665, 0.004938248637658928, 0.0010867232477766904, -0.007274201428990305
type_1_errors: 1589 ; type_2_errors: 65384; hits: 19 ; ratio: 0.01195720578980491
0.0038893024643894816, 0.0014682519164280474, -0.0040175725428814694, -0.004510032037272339, -0.0008192281552810769, 0.0005617682254276911, 0.0034275101291895917
type_1_errors: 1419 ; type_2_errors: 65380; hits: 23 ; ratio: 0.01620859760394644
-0.010621036595870412, 0.004197938639063068, 0.007746021342129749, 0.006473010542369798, -0.0002517870600825796, -0.007163016495555789, -0.00038113037205374136
type_1_errors: 1382 ; type_2_errors: 65399; hits: 4 ; ratio: 0.002894356005788712
-0.002677621680252509, -0.00888650632975304, 0.007117627651900749, 0.006325953303592761, 0.006624500294091649, -0.00019910937628388962, -0.008304843863295601
type_1_errors: 1625 ; type_2_errors: 65383; hits: 20 ; ratio: 0.012307692307692308
-0.011206559848193213, 2.71471553974886e-05, 0.01331699624987184, 0.005764247427843219, 1.007548711153303e-05, -0.003477254945068561, -0.00443465152696242
type_1_errors: 1213 ; type_2_errors: 65397; hits: 6 ; ratio: 0.00494641384995878
-0.005905306387956948, -0.004548129327319432, 0.006126344171989379, 0.009656753909004577, 0.0039721251024848435, -0.0032474036556021596, -0.006054383812600296
type_1_errors: 1985 ; type_2_errors: 65393; hits: 10 ; ratio: 0.005037783375314861
0.005117692690636436, -0.0026304675076075537, -0.005060993632640781, 0.00023314636265983952, 0.0013864262077089731, -0.00078213557861519, 0.0017363314578582767
type_1_errors: 1893 ; type_2_errors: 65390; hits: 13 ; ratio: 0.006867406233491812
0.001434064889989057, -0.004123385996229265, 0.00562473768474667, -0.00126684154595376, -0.0024396957046924506, -0.0018064940505283515, 0.002577614722668169
type_1_errors: 1967 ; type_2_errors: 65394; hits: 9 ; ratio: 0.004575495678698526
0.007295576357110696, -0.004106182764608097, -0.008511117937249586, 0.0010054566081908968, 0.005290041531660045, -0.0027945254585179497, 0.0018207516634140553
type_1_errors: 1888 ; type_2_errors: 65390; hits: 13 ; ratio: 0.006885593220338983
-0.005626304363193436, 0.004844067628201566, -0.005224446962552858, 0.011083254199353628, -0.0013251375227534554, -0.00016421166418979937, -0.003587221314865655
type_1_errors: 1822 ; type_2_errors: 65363; hits: 40 ; ratio: 0.021953896816684963
0.005880949646989985, 0.003662309953571372, -0.006140217837417219, -0.009519640917467322, -0.0012706942054619434, 0.0020639348631977094, 0.005323358496587344
type_1_errors: 1721 ; type_2_errors: 65378; hits: 25 ; ratio: 0.01452643811737362
-0.010532501848919677, -0.0039244004234066975, 0.007487092474169464, 0.014044743280730212, 0.006861801506124954, -0.0029891895405667382, -0.010947545448131481
type_1_errors: 2501 ; type_2_errors: 65397; hits: 6 ; ratio: 0.0023990403838464614
-0.01105131376775046, 0.0018245086301192657, 0.0154670832753648, 0.0017422699223316556, -0.005133249674675986, 0.0003566959368039734, -0.00320599432219336
type_1_errors: 1355 ; type_2_errors: 65388; hits: 15 ; ratio: 0.01107011070110701
-0.009308732950394201, 0.00030058206589509865, -0.0036345449959581267, 0.00977283079203038, 0.01818584328276722, 0.003197488415096854, -0.01851346660943718
type_1_errors: 910 ; type_2_errors: 65396; hits: 7 ; ratio: 0.007692307692307693
-0.015242347505426225, 0.016846666546824523, 0.008643171651937537, -0.006169910500473344, -0.002429988539081487, -0.003982225729732501, 0.002334634075951471
type_1_errors: 665 ; type_2_errors: 65400; hits: 3 ; ratio: 0.004511278195488722
0.015369460121915547, -0.00871349390997315, -0.010684623438867578, -0.0035820341937924474, 0.0014031195650600898, 0.0020290660251001806, 0.004178505830557438
type_1_errors: 482 ; type_2_errors: 65400; hits: 3 ; ratio: 0.006224066390041493
-0.0064167055119079925, 0.011765358974274153, 0.009403310300568006, -0.012314713213807381, -0.011489898330691544, 0.001984133300610341, 0.0070685144809543975
type_1_errors: 687 ; type_2_errors: 65394; hits: 9 ; ratio: 0.013100436681222707
0.006520739312167844, -0.00892707229300115, 0.009372567158152033, -0.0053405068963337955, -0.007203802972713665, -0.0015502164061812322, 0.007128292097909826
type_1_errors: 1890 ; type_2_errors: 65393; hits: 10 ; ratio: 0.005291005291005291
-0.012357023270805326, 0.014764242339908038, 0.016462221964491205, -0.01467100364742913, -0.010227802746282313, -0.00105934349782087, 0.007088708857938445
type_1_errors: 112 ; type_2_errors: 65401; hits: 2 ; ratio: 0.017857142857142856
0.014276096286112773, -0.014152237543245473, -0.009802423532871942, 0.007413655688839645, 0.00011632377950953627, 0.0018406895055002512, 0.00030789581615511336
type_1_errors: 329 ; type_2_errors: 65400; hits: 3 ; ratio: 0.00911854103343465
0.01767054416171667, 0.022203063528545994, -0.023391006397906432, -0.02253578797098379, -0.029477219353405217, 0.0030872455983580304, 0.03244316043367495
type_1_errors: 14 ; type_2_errors: 65403; hits: 0 ; ratio: 0.0
-0.019586601611296453, 0.018794873705974234, 0.007096486116211956, 0.00025719290990594286, -0.0023143320696665066, -0.0009836179173247346, -0.0032640011338043234
type_1_errors: 168 ; type_2_errors: 65402; hits: 1 ; ratio: 0.005952380952380952
0.09675607970616112, 0.03885031529168323, -0.020425202064878988, -0.07761557424479691, -0.134458149469493, -0.19132422476249042, 0.28821675554381504
type_1_errors: 0 ; type_2_errors: 65403; hits: 0 ; ratio: 0
0.04237546459597358, 0.011182004041295155, -0.053217758947195146, -0.03758368190876339, 0.0010982301331383879, 0.013262813466476207, 0.022882928619075052
type_1_errors: 8 ; type_2_errors: 65403; hits: 0 ; ratio: 0.0
0.09876020135012126, 0.00515655603051051, -0.07009306968904576, -0.09276257797449247, -0.028491488617737204, -0.0027009983381461413, 0.09013137723878961
type_1_errors: 1 ; type_2_errors: 65403; hits: 0 ; ratio: 0.0
0.09693692836730065, -0.0312771212015107, -0.0779663776694961, -0.03410406822226281, -0.009381499382516775, 0.007704749913555865, 0.0480873881949299
type_1_errors: 0 ; type_2_errors: 65403; hits: 0 ; ratio: 0
0.057956066796370026, -0.10455701031850141, 0.06949805885510583, -0.025084795002219662, -0.003943633101817051, -0.01980193339584337, 0.025933246166905642
type_1_errors: 0 ; type_2_errors: 65403; hits: 0 ; ratio: 0
-0.00014955161107363241, -3.5539081168649946e-05, 7.63106029545693e-05, 0.00014134545920461845, 0.00013653036450101915, 7.26655538505975e-05, -0.00024176128826861656
type_1_errors: 944 ; type_2_errors: 65397; hits: 6 ; ratio: 0.006355932203389831
3.890278023871047e-05, 0.00020509824474441527, -0.0003391538334686994, 8.427410047949111e-05, -5.297374234869608e-05, -4.9167388020776986e-05, 0.00011301983837550642
type_1_errors: 1408 ; type_2_errors: 65389; hits: 14 ; ratio: 0.009943181818181818
-0.0009604401997079653, 0.0008627180705891917, 0.0003126352859619787, 7.848535533221583e-05, 0.00014069440357285397, -0.00031833517168814845, -0.00011575774406002918
type_1_errors: 1652 ; type_2_errors: 65395; hits: 8 ; ratio: 0.004842615012106538
-0.00023482804623089712, -0.0003234016869162492, 0.0006560765010821387, 0.0004214995591022781, -0.0002807322363693887, -0.0003013634969301609, 6.27494062622153e-05
type_1_errors: 1242 ; type_2_errors: 65384; hits: 19 ; ratio: 0.015297906602254429
0.0008024090709629568, 0.002816775753653311, -0.0002331807119480821, -0.0040303790363035, -0.0025502132142909795, -0.0007740468087590259, 0.003968634946685475
type_1_errors: 1538 ; type_2_errors: 65390; hits: 13 ; ratio: 0.008452535760728219
-0.005438021929906618, 0.0016398553157032378, 0.0021135882005828767, 0.003714577210571333, 0.00289281711224285, -0.000954863657607843, -0.003967952251585886
type_1_errors: 1539 ; type_2_errors: 65394; hits: 9 ; ratio: 0.005847953216374269
0.0030329659675306783, 0.000475395503802303, -0.0008827508761513114, -0.0033507817381018762, -0.0030327810735425406, -0.0009258624581994765, 0.004683814674662279
type_1_errors: 1396 ; type_2_errors: 65381; hits: 22 ; ratio: 0.015759312320916905
0.0013700589956989835, -0.00251592557323273, 0.0019857251509425218, -0.00015180892254790837, -0.0007435916660583329, -0.0016410166120396728, 0.0016965586272372367
type_1_errors: 1503 ; type_2_errors: 65374; hits: 29 ; ratio: 0.01929474384564205
0.002588109888408965, 0.0016808018147077886, -0.0006274811305383918, -0.0037121590653364186, -0.004819937065253893, -0.000646392555321903, 0.005537058113333938
type_1_errors: 1275 ; type_2_errors: 65379; hits: 24 ; ratio: 0.018823529411764704
0.0010965989269120006, -0.0007950317578657345, 0.0012754702478914005, -0.0017320922248974197, -0.0014512506139705836, 0.00039246213892445354, 0.0012138432830058584
type_1_errors: 1233 ; type_2_errors: 65389; hits: 14 ; ratio: 0.0113544201135442
0.004589419749079692, -0.0018879465640465752, -0.003142325169678507, -0.002468632715481797, 0.000549789533217243, 0.0007788340844796554, 0.0015808610824302831
type_1_errors: 1107 ; type_2_errors: 65389; hits: 14 ; ratio: 0.012646793134598013
0.000503413376853772, -0.003099535540581189, 0.005166554469809927, -0.0018208808062334006, -0.0012672343224729285, -0.00019190937381071432, 0.0007095921964343907
type_1_errors: 1232 ; type_2_errors: 65391; hits: 12 ; ratio: 0.00974025974025974
-0.001375682357373111, -0.0005091413653853393, -0.004977811792821964, 0.007716917415240348, 0.0038448919221373075, -0.00012948794754224526, -0.004569685874254925
type_1_errors: 1434 ; type_2_errors: 65389; hits: 14 ; ratio: 0.009762900976290097
-0.005683897901880724, 0.0022221440087260283, 0.005130952478025215, 0.0015538580175183474, -0.0005803737628522955, -0.0010319690712972682, -0.0016107137682393482
type_1_errors: 1303 ; type_2_errors: 65393; hits: 10 ; ratio: 0.007674597083653108
-0.004748120086151501, 0.002129961722099874, 0.00026741430336362946, 0.0043481310195099855, 0.0025147505479191775, -0.0013046394614134231, -0.0032074980453278166
type_1_errors: 1594 ; type_2_errors: 65388; hits: 15 ; ratio: 0.009410288582183186
0.009313461501530437, -0.002958007571753533, -0.005215671803337047, -0.006235950280185689, -0.001873417396512233, 0.002226641696514902, 0.004742943853743222
type_1_errors: 1562 ; type_2_errors: 65381; hits: 22 ; ratio: 0.014084507042253521
-0.004197970584087688, -0.004692481250680258, 0.002231137412954761, 0.008847931393361352, 0.007170811521924916, -0.0011597371178252028, -0.008199691375647777
type_1_errors: 1635 ; type_2_errors: 65391; hits: 12 ; ratio: 0.007339449541284404
-0.0005325170793971183, 0.003953746013855227, 0.004612007200730657, -0.0073180118510194235, -0.005560143787854, -0.0019473332670496752, 0.006792252770734376
type_1_errors: 1357 ; type_2_errors: 65398; hits: 5 ; ratio: 0.0036845983787767134
0.00752143484524484, -0.008678693538303712, 0.003278383623408012, -0.0017883592548846607, -0.004312227565660133, -0.0008591429776083903, 0.004838604867804017
type_1_errors: 1884 ; type_2_errors: 65391; hits: 12 ; ratio: 0.006369426751592357
-0.0011026698005591653, 0.01403110470225925, -0.004700206573836974, -0.011985765052657249, -0.006136257096378681, 0.0034911309381359334, 0.006402662883036926
type_1_errors: 1078 ; type_2_errors: 65397; hits: 6 ; ratio: 0.0055658627087198514
-0.014296244531082414, 0.0046559460243331425, 0.008003135568312097, 0.010690172131922441, 0.0011847288060523199, -0.003954779216291443, -0.006282958783246125
type_1_errors: 1325 ; type_2_errors: 65400; hits: 3 ; ratio: 0.0022641509433962265
0.003165271975942241, -0.0071613788697065086, 0.0017616504584018903, 0.004053734638109215, -0.0007544514753954958, -0.0008836403042653452, -0.00018118642308607828
type_1_errors: 1530 ; type_2_errors: 65312; hits: 91 ; ratio: 0.05947712418300653
0.0008249422322007771, 0.00019760472706644892, -3.775247803716959e-08, -0.0008875161904825579, -0.001106446302503337, -0.0010620848421704172, 0.002033538128367123
type_1_errors: 1037 ; type_2_errors: 65392; hits: 11 ; ratio: 0.010607521697203472
1.082833944696268e-18, -6.440375798727122e-19, 1.6361700034173402e-19, -1.8374588964708293e-18, 1.2010534377926765e-18, 2.6992629478804437e-18, -4.688715936918632e-19
type_1_errors: 1456 ; type_2_errors: 65353; hits: 50 ; ratio: 0.034340659340659344
-0.002461363951766861, 0.00253394304042206, 0.0026766884711876197, -0.0026474701980605435, -0.00017790148732247104, -0.0003100718074330363, 0.00038617593297324114
type_1_errors: 1588 ; type_2_errors: 65390; hits: 13 ; ratio: 0.00818639798488665
-0.1059379671710893, -0.08295382332195762, -0.0010201217497675034, 0.2800354241176015, 0.1979453716974616, -0.18151960911233328, -0.1065492744599153
type_1_errors: 0 ; type_2_errors: 65403; hits: 0 ; ratio: 0
5.432410256663591e-09, 1.2901772403114417e-09, -4.4437244970193934e-09, -5.677307504337074e-09, -2.099804545863174e-09, -3.891839755378653e-11, 5.537167359118908e-09
type_1_errors: 842 ; type_2_errors: 65394; hits: 9 ; ratio: 0.010688836104513063
0.008570724349253836, -0.011855306419014923, -0.0024151237947424202, 0.005560254887423326, 0.0026293903881798057, -0.004426864260108241, 0.0019369248490086399
type_1_errors: 1246 ; type_2_errors: 65349; hits: 54 ; ratio: 0.04333868378812199
0.280319959654157, -0.20032170337909436, -0.04082656835767037, -0.13999295288050756, -0.04774116077962875, -0.0015437873980080519, 0.15010621314075215
type_1_errors: 0 ; type_2_errors: 65403; hits: 0 ; ratio: 0
0.12003889870040181, -0.29492698813624235, 0.08781124596257925, 0.10284984645156056, 0.04001872089133773, 0.014569583491127414, -0.0703613073607642
type_1_errors: 0 ; type_2_errors: 65403; hits: 0 ; ratio: 0
-0.005846027954528071, -0.0007743368049223974, 0.005348225167056418, 0.004176739449404609, 0.00252313967020907, -2.1546605077164768e-05, -0.0054061929221424455
type_1_errors: 1440 ; type_2_errors: 65392; hits: 11 ; ratio: 0.007638888888888889
-0.0015963156557440613, -0.0039053402344320157, 0.0029181531011769797, 0.004629231633570552, 0.0022719975583885637, -0.0009997073155720165, -0.003318019087387922
type_1_errors: 1694 ; type_2_errors: 65388; hits: 15 ; ratio: 0.00885478158205431
0.028138022932656204, 0.012238984269793035, -0.01556094563472858, -0.0359805786276296, -0.03154416484489306, 0.00325078916668708, 0.03945789273811503
type_1_errors: 15 ; type_2_errors: 65403; hits: 0 ; ratio: 0.0
0.0009727430997631877, -0.000591892019154723, -0.0005240102921324368, 9.696417040730452e-05, -0.00015144082958801309, -0.0007689681863217892, 0.0009666040570264191
type_1_errors: 1314 ; type_2_errors: 65384; hits: 19 ; ratio: 0.01445966514459665
0.001778164119260462, -0.011605392481751218, 0.0022255554906287565, 0.009407957612618027, 0.0071093727088398515, -0.003986862524855442, -0.004928794924740439
type_1_errors: 1369 ; type_2_errors: 65390; hits: 13 ; ratio: 0.009495982468955442