
0.000879589286534545, 0.00014939531731011728, 2.6649876342271877e-05, -0.0010053044154497725, -0.0011382766043684794, -0.0008386453560406729, 0.0019265918956719909
1.7122182865630029e-19, 3.9010218679135946e-19, -4.796907213868226e-19, 1.4196747213027092e-18, 5.301437678963664e-19, 5.595151645036816e-19, 5.094301209753693e-20
0.06607269139633867, 0.013614081434310843, -0.03273428014879621, -0.09357569918587322, -0.08478000546717077, 0.11671767353755975, 0.014685538433631
0.04541966087895399, -0.263716260275807, 0.17362507118898954, 0.08882800278371204, 0.04267652256924597, -0.00027400214027506475, -0.08655899500481937
0.06851585006506902, 0.027451453674808966, -0.01275614174515747, -0.056241529653972375, -0.09634406434229004, -0.13591508413733208, 0.20528951613887397
0.10461977447120029, -0.16236865705714043, 0.09572205439780418, 0.15597450470800375, -0.2234722303547852, -0.2197426325471574, 0.24926718638207468
-0.004522782178181795, 0.00675257541401631, 0.003639026285881923, -0.0008337557596500726, -0.008243208919100057, -0.0021946040273681817, 0.005402749184401857
0.06917703299879537, 0.028607296924859776, -0.014295456388211884, -0.05655387511337908, -0.09434336968730234, -0.14256849234948185, 0.20997686361472004
-0.004893696403586746, -0.0012212605916317512, 0.0027512213354143676, 0.00620631714380565, 0.005042319959502018, -0.004239995312399366, -0.003644906131104217
-0.009839160625242085, -0.003933349830128429, 0.0020929205886754372, 0.007790760958939018, 0.0137886437243965, 0.01938046022178284, -0.029280275038423304
0.00010309318741836632, 0.0005823807102966249, -0.0014871464847348137, -0.0013223376085543953, 0.0018296945909609646, 0.002725746906687296, -0.002431431302074
0.007678197498302146, -0.004465559110426319, -0.002825558995544032, -0.0027846266998063918, -0.004553213661209051, 0.005021153966332388, 0.001929607002351348
-0.0013095690908554863, 0.0064597676896271695, -0.0008491476110370454, -0.006239174194118144, -0.003044567510312759, 0.0037618241441253314, 0.0012208665725709628
0.038986693045190195, 0.01571977847116503, -0.006261120892523751, -0.03197326203478028, -0.055834092079195624, -0.07988659679413972, 0.11924860028428404
-0.0026653020789126187, 0.010014671001522717, 0.006982824676712608, -0.0033308246631084427, -0.021095152738798945, -0.009830061774065197, 0.01992384557664985
-0.00810574790926564, -0.0033489569209532956, 0.0013178227727193965, 0.0068354836650557135, 0.011602576218486697, 0.0163963775373422, -0.02469755536338508
0.001588002594044706, -0.016279645168344906, -0.039583007776781094, -0.06232489165476626, 0.16382571307704222, 0.08952549019479525, -0.13675166126598984
-0.06577840415754954, 0.09965992206020063, 0.013569525772186923, 0.003806986508667007, -0.05084851972276397, -0.06763120852492718, 0.06722169806418604
1.1102230246251565e-16, 1.1102230246251565e-16, 1.1102230246251565e-16, 1.1102230246251565e-16, 1.1102230246251565e-16, 1.1102230246251565e-16, 1.1102230246251565e-16
-0.003382631125175294, -0.0021553439306143947, 0.00086015939720583, 0.004637358918562522, 0.010314216064511376, -0.00690864006941004, -0.0033651192550800428
-0.0024767966737641524, 0.006484130277304569, -0.003209336936756239, -0.002179753314926605, 3.326292642869828e-05, 0.0017502104950096657, -0.00040171677329587144
0.007752086329031657, -0.004525206546578633, 0.008450625603740486, -0.003131633600419168, -0.027254619287990712, 0.006215151720980314, 0.012493595781236084
-0.031103381784145047, 0.24448862605832256, -0.14028660971706755, -0.12390597661244024, -0.055976119986720446, 0.008993769092289704, 0.09778969294976098
0.00037829090794166866, -0.00025480754408629757, -0.0005211687353394924, -0.00016064185273056037, 0.0009767479367912976, -0.000382603101251307, -3.5817611325258264e-05
-0.0013815668029681992, 0.006446563822395833, -0.0016956312780437356, -0.005549587220018082, -0.0020300400046629743, 0.0035479484873853196, 0.000662312995911879
-0.002339895751843394, 0.000277644893202526, 0.0018212579375274783, 0.003448701585587709, 0.000762765268741147, -0.0065055169993073906, 0.0025350430660920145
0.003706252251352093, 0.0017702229725655263, -0.0005232277422300099, -0.002588831264663056, -0.0062257356009868155, -0.008777752406057226, 0.012639071790019532
-0.006218263906760423, 0.0027892287634257796, 0.0009085670705585925, 0.0016741213436666546, 0.010381907183854504, -0.006057007057509392, -0.0034785533972356134
-0.0012044910842522617, -0.010249710667069364, 0.00271694793695888, 0.006069263537962668, 0.013339925296092873, 0.002720066886950954, -0.013392001906643797
-0.01484666532325883, 0.019039744418107178, 0.009276602428156236, -0.00864305537520221, -0.011881633230636093, 0.0064672927232708715, 0.0005877143595628019
0.0030898699327631235, -0.015611999443831907, 0.0045417693083174325, 0.007744674251073999, 0.009288278620492864, -0.0004568796048967703, -0.008595713063918787
7.49975601714301e-05, -3.344851990282892e-05, -1.7363138245957057e-05, -0.00012189115753192094, -9.154617553328013e-05, 0.00033547561513171153, -0.00014622418408915576
4.672407512803993e-05, 6.389882355722233e-05, -2.92286703835656e-05, -0.00011800823651206605, -0.0001593013240437684, 0.0001897034706037373, 6.211861650431039e-06
-0.00012249270760511925, -7.531721830164146e-05, 0.00016461951968480476, -0.0001364033138598777, 0.0005766032857911874, -0.00029093237160297266, -0.00011607719410635948
-0.00041105227691998013, 0.00043733551641512384, 0.0011439827506281573, 0.00027921585153174716, -0.0014896183147802208, -0.0021547058481031895, 0.002194842321228363
-0.00014338027739032347, 0.0005922512031862065, -0.00031202627455570903, -0.000562067133152622, 0.0004121774134024037, 8.977319286907212e-06, 4.067749223175029e-06
0.00088336824573185, -0.001976756303482219, 1.3095484244508934e-06, 0.0015306703425796082, -0.00045819299453242696, 0.000902708810648078, -0.0008831076493693912
0.0014199834932509385, 0.0020932541890016864, -0.0005330071609008632, -0.002768827872897092, -0.004562756628792111, 0.00057785361536469, 0.003773500364972697
-0.001079122080721924, -0.0016504133707164741, 0.0003924220818373531, 0.0031092856213339034, 0.002925657419385962, -0.002022060692208964, -0.0016757689789098063
0.0013438110722953666, -0.00237846206536725, -1.4184673293680342e-05, 0.0014794684728008124, -0.0009560496971308329, 0.0013598765620980336, -0.0008344596714024424
-0.0006141296249907544, 0.0023040927486145052, 0.00114368546803292, -0.0008986416391111966, -0.0042488788192186055, -0.001216745309489068, 0.003530617176162122
-0.0029699304009077445, 0.011451250482333883, -0.0012844714466822523, -0.010515495737552342, -0.004903442957300696, 0.007054588907764568, 0.0011675011523445914
-0.0012098594909684562, -0.009625656485975867, 0.0035399441894163356, 0.010778318578761483, 0.00802053244554737, -0.007148358009354127, -0.004354921227426603
-0.0012593020022150642, 0.010928309188092107, -0.004516315609961756, -0.011009839432943687, -0.002275426879990797, 0.008559900571489757, -0.00042732583447049714
0.017721026154940027, 0.0031638428611497544, 0.0073922771272874385, -0.024223552362700386, -0.0535115201431834, 0.027979217629929283, 0.02147870873257734
-0.03159268526353144, 0.07790426985109396, -0.010504102551017552, -0.006938493773419976, -0.05808620256575052, -0.020960941018450033, 0.05017815532107561
0.0321837662916664, 0.03335076945873467, 0.008820353466357603, -0.033915057906426564, -0.056228018314711914, -0.18093664856039854, 0.1967248355647785
-0.005224434467157427, -0.005450411952324168, 0.0038312658793616242, 0.0060349975285650575, 0.011953001998122149, 0.0012626064651792479, -0.012407025451746557
-0.0009764359713992413, -0.005248465506285185, 0.0034281962433292583, 0.0032849893920743386, 0.004907972646662744, -0.0012827550830439658, -0.004113501721337863
-0.00040538165984385427, -0.0017736479506391726, 0.0021210194107742987, 0.0008617367327076229, -0.000551128303715493, 0.0013334984784701342, -0.001586096707753456
0.0036589437401318595, -0.00784932855355701, 0.0006777145038618674, 0.002355329600681589, 0.0029648827660376416, 0.0015863679774265503, -0.0033939100345824584
-0.0002605720788076346, -0.00011080845810910797, -0.001895695322207285, -0.0011930805856997199, 0.005731386504233714, 0.0018167248008522107, -0.004087954860262178
0.0005891644545223507, -0.008230850646490963, 0.003826470252660419, 0.004785341854961542, 0.004522569126241033, -0.001087778322687278, -0.004404916719206987
-0.0031249404858979418, 0.007657364437222984, -0.0010720700702234731, -0.004570668947616131, 0.0007506543537964487, -0.0030382008545777085, 0.003397861567295893
-0.0024806812276530303, -0.002115970003301319, 0.004508089804512172, 0.003370839626437253, 0.003537844376787165, -0.009756629468509477, 0.002936506891727421
0.008413404410323493, -0.008936482253312908, -0.001854355111375327, 0.0033799122262236996, -0.0049296771859518775, 0.0013390229433577338, 0.0025881749707352417
-0.00110890316881419, 0.0034277299551104547, 0.003120666123762252, 0.0018768388965790903, -0.01213918395690347, -0.004320044033646543, 0.009142896183912388
0.0031381667537399294, -0.01014587336810788, 0.0016941798909166084, 0.004205612320516169, 0.004396239611304467, 0.0037143305702756597, -0.007002655778645047
-0.004813570977695993, 0.009303622672676225, 0.005631952170342308, -0.005082451267474933, -0.011772388445961526, -0.0013723654842266516, 0.008105201332340533
0.004179159932923495, -0.002752417390009374, -0.00256686314737651, 0.010275870995614422, -0.006317588945393544, -0.019237855154044598, 0.016419693708286
-0.0016292682805874694, -0.002612385005153742, 0.011073106966670727, 0.007504342559312773, -0.009963955082930777, -0.02404001066946605, 0.019668169512154565
-0.011562730530141192, 0.014560339869742353, -0.0053253586386823246, -0.0011934984029857076, 0.011963610046092001, -0.002470606496362321, -0.005971755847662868
0.010028034114224066, 0.017318083282674285, -0.011006040599615649, -0.01905843096853348, -0.02848966286724272, 0.011420159939832938, 0.01978785709866067
-0.03861874210017889, -0.010200737763669832, 0.016374047062245812, 0.04387313501158825, 0.07186502389920071, -0.058129499662726965, -0.025163226446459155
0.02580965691248444, -0.029925987044937038, -0.02810154607408742, -0.03299285251902647, 0.22275695406265983, -0.2393571725221126, 0.08181094718501915
0.00028989626333016203, -0.0005904176002758414, -0.0003359656469400652, 0.0005803147000246057, -2.3543199169075548e-05, 0.0008627153074229122, -0.0007829998243926688
0.0003657029371711638, -0.0006707633039321469, -0.0005585189550825448, 0.0006269924179951406, 0.0008248930868187859, -0.00013708871065934092, -0.0004512174723111551
-0.0008501824791107652, 0.0011049817577911093, 0.0006752246771219638, -0.000817550525586156, -0.0009246511383345839, 0.001177241230648894, -0.00036506352253044713
-0.0020784977579510074, 0.0022836241598248063, 0.00023557153187344908, -0.0002385614613520487, 0.0008611286197030287, -0.0008959932342617339, -0.00016727185783650726
0.0016121937092439267, -0.004021648644041287, -0.0005124899418060522, 0.002318367282621007, 0.0027411623726226854, 4.761413885892747e-05, -0.0021851989174991155
0.006268728624382035, 0.003181477681546246, -0.0043722295344572094, -0.01025424504904506, -0.004950633168226455, 0.004633159467392626, 0.00549374197840754
-0.0022963684960063562, -0.005663317425906242, 0.004038204226791868, 0.005944713902656315, 0.005943850611542608, -0.0037798617326519285, -0.004187221086426157
-0.0016525779353592925, 0.00232339162817874, -0.001182930552489378, -0.001762098528480979, 0.0034484147914912, 0.0014196976836798767, -0.002593897087020234
-0.0021462373387423567, 0.006772533132719198, -0.0026033972623232234, -0.004563285751332102, -0.0005221706255695187, 0.004162545923286302, -0.0010999880780383313
-0.0021248608996563517, 0.006450772752069412, -0.0011856177989119693, -0.003234151662432021, -0.003212429789333123, 0.0013650873992011303, 0.00194119999906289
0.00022345160680342107, -0.00444168178422499, -0.0015539997644296978, 0.0033156910998118757, 0.008819329515597439, -0.0005020339926068323, -0.005860756680951057
-6.995882353251801e-05, -0.008577488497912707, 0.004280196838859222, 0.007243681271189249, 0.006635480595835313, -0.008815596929917032, -0.0006963144545216475
-0.0059307366191570605, -0.0008488853584868958, 0.006800014636252288, 0.009065114236696604, -0.00048379275022286824, -0.013598969247275864, 0.004997255102193992
-0.0003387859600039371, 0.007624478745508054, -0.0007941206359355174, -0.0076960450215980275, -0.009289422782190877, 0.008753785205401377, 0.0017401104488189599
-0.002705526506792324, 0.0014183846762965688, 0.0003680427298671385, -0.003748086726045574, 0.005508839505083353, 0.00789564590777241, -0.008737299586181635
-0.010436148896345084, 0.0005267855672706829, 0.0032433923141919597, 0.0029504424422350005, 0.01818322619715755, 0.0017916165639288216, -0.016259314188439046
-0.0065830643948964675, 0.00038147565094055215, 0.003949515407514248, 0.004870660527745161, 0.010129079753381471, -0.013077194605379353, 0.00032952766069439576
0.003608495319881299, -0.005736108587621732, -0.006585009837440089, -4.005010393211966e-05, 0.012115593987183804, 0.009258572706009958, -0.012621493484081139
0.0046681196568347455, -0.02873829781313977, 0.011325339854231366, 0.014693010289715187, 0.011711326598952545, 0.002879727640714573, -0.0165392262273086
-0.010439412442772389, 0.008207302882181534, -0.000631886347011787, -0.011208742420368019, 0.023412449119027123, 0.01092883465682364, -0.020268545447880107
-0.011975872120755965, -0.012988118088880528, 0.009727105015013563, 0.02185533131225528, 0.024463219700195202, -0.01660503022827194, -0.014476635589555586
-0.0014132149356339042, -0.007433515140941195, 0.01946427773739803, -0.00927293460054267, -0.018320235835213774, 0.032249029840972956, -0.015273407066039437
1.8478684353629675e-05, -2.913899058118651e-05, -1.2310160449842786e-05, 1.5899048124400316e-05, 2.2852056259379693e-05, -9.337768308598651e-06, -6.4428693978375144e-06
0.00996813616996473, -0.012614678333654806, -0.007124682812279625, 0.009301623734046367, -0.0043699406318272955, 0.012598315959119984, -0.0077587740853692425
7.375930014726114e-05, -0.0002418394781046032, -2.4485751817170036e-05, 9.087017213958804e-05, 0.0002642879643272374, 6.339815183484399e-05, -0.0002259903585271725
5.498185937339572e-05, -0.0001578999023438447, 8.910305585102449e-05, 0.00010525507245917311, -0.00012471099226238182, 3.685289922199566e-05, -3.5819922993628074e-06
0.001156621715575923, -0.0009587935835303906, -0.00011642430534476467, -0.00027610622430765766, -0.0004731637393540356, 9.458099720632303e-05, 0.0005732851397545339
-2.1708331430537406e-05, 0.0012103834920443469, -0.00024073668095321208, -0.00029538153312702137, -0.0021643741756502545, 0.00025617220285614604, 0.001255645026260606
0.006138097316250551, -0.004878006561013358, -0.0044528626594562155, 0.0028015160763086373, -0.002074789815254302, 0.0011179309469709806, 0.0013481146961936941
-0.0013995702062140785, 0.0004814454375848976, 0.00044117143719273115, 0.00017871820459602328, 0.0025945773341030003, -0.0014998009814048993, -0.0007965412258576366
0.0011589440974166245, -0.0015528526970352188, 0.0004758072817013305, 0.0013254184448314454, -0.0020803534504186785, -0.0009081786597860478, 0.001581214983290516
-0.001630190430429584, 0.004013849612259183, 0.0014975956888667492, -0.002673320224785558, -0.004238308263402741, 0.00021808896697673487, 0.0028122846505152193
0.0015936725721682218, -0.0015424473201065205, 0.0022097995098454984, -0.0002822855597738285, -0.0040748475224097955, -0.0016924451477180584, 0.0037885534679943395
-0.00328698556785666, 0.00014914596132931725, -0.0007116392296873542, 0.0013876976745730342, 0.009889653625310085, -0.002119659755096597, -0.005308212708571855
-0.002108127817611972, 0.0012941014155813367, -2.4984563084920965e-05, 0.0012821638863508853, 0.002909152116493687, -0.0033865978119352064, 3.429277420619701e-05
0.0014660985213873262, 0.0009588905170568159, 0.0017786253248237857, -0.00050770182917242, -0.006981843764671804, -0.00521875199604215, 0.0085046832266185
0.005751540716825125, -0.02852934905096914, 0.01663254744095285, 0.010468540939894454, 0.010016453459036404, -0.009831218547672433, -0.004508514958067218