
0.0007643555760120119, 0.00015529664297992497, -1.0048685106768847e-05, -0.0008068863024167449, -0.0010005629665561322, -0.0009006370901821142, 0.0017984828252698274
type_1_errors: 8714 ; type_2_errors: 65295 ; hits: 108 ; ratio: 0.012393848978655038
1.285681202074345e-19, 6.884883108448094e-20, -1.495868531900431e-19, -1.828658612566577e-19, 2.80623405328861e-20, 4.446827205167951e-20, 9.042924641460541e-20
type_1_errors: 9046 ; type_2_errors: 65314 ; hits: 89 ; ratio: 0.009838602697324785
0.11520757081220405, -0.25278071563447513, 0.1310828815752023, -0.07521128109812185, 0.06971997916873512, 0.13452051195523748, -0.12253894677878198
type_1_errors: 0 ; type_2_errors: 65403 ; hits: 0 ; ratio: 0
3.754816814531987e-05, 0.004775060780484493, -0.007790389482031151, 0.004071836017123709, -0.0028093325721681934, 0.00046412210979565886, 0.0012511549786502145
type_1_errors: 20032 ; type_2_errors: 65221 ; hits: 182 ; ratio: 0.009085463258785943
0.04099833302299277, 0.01959813884791323, -0.002315963496426965, -0.03638648068378123, -0.0659963714444086, -0.09356465345165461, 0.13766699720536527
type_1_errors: 5 ; type_2_errors: 65403 ; hits: 0 ; ratio: 0.0
1.106616468136315e-16, 8.394059645671116e-17, 1.5208244418180235e-16, 9.693932092322884e-17, 1.0552050975419259e-16, 9.23756956329665e-17, 1.1918825691978096e-16
type_1_errors: 17185 ; type_2_errors: 65324 ; hits: 79 ; ratio: 0.004597032295606634
0.0006959405383521988, 0.0010333211380386534, -0.0021341465248425166, -0.00032101967964767155, 0.00013551083545942794, -0.00011362545291208147, 0.0007040191455520461
type_1_errors: 16437 ; type_2_errors: 65315 ; hits: 88 ; ratio: 0.005353775019772465
-0.00040908021305937074, -0.0004196135875220097, 0.0017047410007517208, -0.0005534594382729211, -0.0003600740175204727, 0.00011411156281897302, -7.662530719596428e-05
type_1_errors: 20341 ; type_2_errors: 65240 ; hits: 163 ; ratio: 0.008013372007275945
-0.0032301545802315645, -0.0015039401709780941, 0.0028353715832420377, 0.004520958814774484, 0.0017028039611832, -0.0014093423633783648, -0.0029156972446117827
type_1_errors: 13779 ; type_2_errors: 65355 ; hits: 48 ; ratio: 0.0034835619420857827
-0.0029502573347074696, 0.0027949468575662376, 0.00050381605954153, 0.00029316505786192875, 0.0006080903648843838, -0.0003841304211069249, -0.0008656305840396457
type_1_errors: 11436 ; type_2_errors: 65337 ; hits: 66 ; ratio: 0.005771248688352571
-0.012476792065518943, 0.010834577354216139, -0.006967176075978268, 0.00893867935616614, 0.008552160077901598, 0.004636211701644352, -0.01351766034843104
type_1_errors: 12793 ; type_2_errors: 65340 ; hits: 63 ; ratio: 0.004924568123192371
0.0017228598685673849, 0.0003233339611187617, -0.003206755298507245, -0.00010886104314828381, 0.00044908120919805443, 0.0003016128880794964, 0.0005187284146917973
type_1_errors: 12394 ; type_2_errors: 65365 ; hits: 38 ; ratio: 0.003065999677263192
-0.00047636125040399156, -0.006119342558771685, 0.001995266514673126, 0.0036886772486307753, 0.005067847353925754, 0.004272087783846242, -0.008428175091900181
type_1_errors: 14209 ; type_2_errors: 65348 ; hits: 55 ; ratio: 0.0038707861214723064
-0.003161414294268971, -0.017809374991538184, 0.01392134814850699, 0.012001590919184412, 0.009273748753647412, -0.002222302135571271, -0.012003596399960426
type_1_errors: 10643 ; type_2_errors: 65347 ; hits: 56 ; ratio: 0.005261674339941746
-0.014752103009892742, -0.003260037969490388, 0.0123730686130474, 0.008089311323356281, 0.01022545631095565, 0.010601686862638347, -0.023277382130614654
type_1_errors: 9842 ; type_2_errors: 65300 ; hits: 103 ; ratio: 0.010465352570615729
-0.019746630171545376, 0.0115125506880764, 0.002160159575837379, 0.010464034558991735, 0.011499415100207742, -0.0021145445918498377, -0.013774985159718018
type_1_errors: 16482 ; type_2_errors: 65311 ; hits: 92 ; ratio: 0.005581846863244752
0.0019819915566913603, 0.00012884813447995613, -0.0026214336012587696, -0.0011798331398598738, 0.0015420526146425718, -0.0015950614172183823, 0.0017434358525231482
type_1_errors: 12628 ; type_2_errors: 65365 ; hits: 38 ; ratio: 0.0030091859360152043
0.00043654283042895796, 0.003003954402946103, 0.0007260597456786052, -0.0024425628920278, -0.0044564924906111865, -0.004302594322712962, 0.007035092726298284
type_1_errors: 11508 ; type_2_errors: 65327 ; hits: 76 ; ratio: 0.006604101494612443
0.003169183420799731, 0.0006041059345049274, 0.0016444227941633243, -0.0038105380935200004, -0.007573356813906444, -0.002034993465603258, 0.008001176223561777
type_1_errors: 16728 ; type_2_errors: 65310 ; hits: 93 ; ratio: 0.005559540889526543
-0.008570581125358277, 0.0032998353235446907, 0.0016293558962504786, 0.003615915108691254, 0.006206064630497865, 0.0051470119623549535, -0.01132760179598093
type_1_errors: 17498 ; type_2_errors: 65311 ; hits: 92 ; ratio: 0.0052577437421419595
-0.01614006343497749, 0.008267797718184913, 0.013057745110420597, 0.004854784512000319, -0.002243401850506448, -0.006807138257730256, -0.0009897237973916797
type_1_errors: 14356 ; type_2_errors: 65370 ; hits: 33 ; ratio: 0.00229869044302034
0.0067384694771312256, -0.037452582822036146, 0.01610443057629634, 0.015687883444204756, 0.015026596361581015, 0.005297531886431995, -0.021402328923609132
type_1_errors: 3270 ; type_2_errors: 65378 ; hits: 25 ; ratio: 0.00764525993883792
0.18925027630533225, -0.06124841135752054, -0.12691855187268108, -0.11051073288017617, -0.01469173387290324, 0.039330272832668524, 0.08478888084528029
type_1_errors: 0 ; type_2_errors: 65403 ; hits: 0 ; ratio: 0
-1.2010716451189009e-07, -5.8263119520427925e-09, 1.4199405058480562e-07, 7.76180016056843e-08, -5.654324660975982e-12, -5.1044351981443364e-08, -4.2628569522699415e-08
type_1_errors: 10931 ; type_2_errors: 65373 ; hits: 30 ; ratio: 0.002744488152959473
0.0039966241409022775, -0.0014096658766485544, -0.0016463639446157251, -0.0026598826439176394, -0.0012707742110627679, 0.0001752366701707848, 0.002814825865171728
type_1_errors: 10192 ; type_2_errors: 65308 ; hits: 95 ; ratio: 0.009321036106750393
0.0024171774980433157, 0.0029935904951632333, -0.0008920864686138869, -0.004145627757540471, -0.0036390617184892905, -0.006187664880020677, 0.009453672831457736
type_1_errors: 17718 ; type_2_errors: 65333 ; hits: 70 ; ratio: 0.003950784512924709
0.0012330265659971633, -0.004741390039553382, -0.0013412167169787308, 0.003373053031910081, 0.003961484449891368, 0.0036315296741861332, -0.006116486965452556
type_1_errors: 13989 ; type_2_errors: 65348 ; hits: 55 ; ratio: 0.003931660590463936
-0.006367077819408524, -7.31471031840127e-05, 0.009738355619117676, 0.001164331312394659, -0.0014177770471122436, -0.0010426598870587628, -0.0020020250747487317
type_1_errors: 16264 ; type_2_errors: 65308 ; hits: 95 ; ratio: 0.005841121495327103
-0.011071101913326071, -0.0010333579941191901, 0.007799795623491387, 0.009344405198441047, 0.00432557168632708, 0.003709859988609387, -0.0130751725894237
type_1_errors: 16326 ; type_2_errors: 65346 ; hits: 57 ; ratio: 0.0034913634693127527
-0.012614546063575007, 0.005573401355834147, -0.0013503571595306952, 0.009562092905364403, 0.014272677836218712, -0.004009936148128357, -0.011433332726183153
type_1_errors: 17968 ; type_2_errors: 65308 ; hits: 95 ; ratio: 0.0052871772039180765
-0.023068666482875567, -0.004404863077537131, 0.0102976411670216, 0.021959262783748757, 0.02423923869662981, 0.0048894838723469855, -0.03391209695933442
type_1_errors: 8911 ; type_2_errors: 65373 ; hits: 30 ; ratio: 0.003366625519021434
-0.023830961373025733, 0.0017971669720461016, 0.032452063538835285, 0.0029803603740645966, -0.004016520130603963, 0.003283638361597105, -0.012665747742913337
type_1_errors: 15710 ; type_2_errors: 65308 ; hits: 95 ; ratio: 0.0060471037555697
-1.1525516774131445e-16, -3.403112819065529e-17, -1.239203237129742e-16, -1.8904217281587668e-16, -7.554866681333575e-17, -3.967523153741218e-17, -1.295640775023476e-16
type_1_errors: 12502 ; type_2_errors: 65352 ; hits: 51 ; ratio: 0.004079347304431291
-2.630956131988737e-19, -1.7199468002680493e-19, -2.0500282882893316e-20, 4.110655911165702e-20, -3.512068842134834e-20, 6.675043256501385e-20, -4.106835910643312e-19
type_1_errors: 9920 ; type_2_errors: 65342 ; hits: 61 ; ratio: 0.006149193548387097
-8.221052629149366e-05, 1.3152358283518264e-06, 4.722769854452604e-05, 5.444554798937587e-05, 5.325971592929628e-05, 2.792010860232126e-05, -0.00010195778060239484
type_1_errors: 11822 ; type_2_errors: 65362 ; hits: 41 ; ratio: 0.003468110302825241
-0.0011415677804884222, -0.003195494293073472, 0.0016789280549528733, 0.005019532741880208, 0.0007831456880171753, -0.0005137236731884636, -0.0026308207380998697
type_1_errors: 12532 ; type_2_errors: 65334 ; hits: 69 ; ratio: 0.005505904883498245
-0.0011674600600380845, -0.0001374500553968238, 0.001060128953163095, 0.0008971897652956676, 0.0005146117042274279, -0.00026929787978157804, -0.0008977224274696946
type_1_errors: 10052 ; type_2_errors: 65357 ; hits: 46 ; ratio: 0.004576203740549145
-0.003144602571623214, 0.000512198235487179, 0.003982430099496453, 0.0014031164006736883, 5.036599352684244e-05, -0.003933177334757357, 0.0011296691771963525
type_1_errors: 12525 ; type_2_errors: 65371 ; hits: 32 ; ratio: 0.0025548902195608784
0.000770405168151395, -0.00105705609821811, 0.0007352868668914209, -0.000849050475156443, -0.0003297434636212955, 0.0009283403673285182, -0.00019818236537544464
type_1_errors: 20887 ; type_2_errors: 65236 ; hits: 167 ; ratio: 0.00799540383970891
0.00600606499374611, -0.004639831701165269, -0.001494132756547321, -0.002654135188178667, -0.0002617843702169612, 0.0016252738745091535, 0.0014185451478530506
type_1_errors: 22286 ; type_2_errors: 65219 ; hits: 184 ; ratio: 0.008256304406353764
0.00280938362891467, -0.003044393799213045, 0.0012114995166130735, -0.00168166744146676, -0.0008870780547424681, 0.00033882759001034016, 0.0012534285598842585
type_1_errors: 15393 ; type_2_errors: 65296 ; hits: 107 ; ratio: 0.006951211589683623
-0.0030442635284633093, 0.002492754602232099, -5.719860780133438e-05, 0.0012335370974953046, 0.0016277875417787854, -0.0009255837852187278, -0.0013270333200227952
type_1_errors: 15830 ; type_2_errors: 65319 ; hits: 84 ; ratio: 0.005306380290587492
0.000565457930457997, 0.010362501298974121, -0.004544561999085393, -0.008650521298761822, -0.005920383771129349, 0.0007653253572670447, 0.007422182482277361
type_1_errors: 14608 ; type_2_errors: 65304 ; hits: 99 ; ratio: 0.00677710843373494
-0.006074433439519817, 0.009936598046410632, 0.00011226665273334556, -0.002397575196877508, -0.003943985870387101, 0.0013952411255396353, 0.000971888682100996
type_1_errors: 12179 ; type_2_errors: 65339 ; hits: 64 ; ratio: 0.005254947039986863
0.008024484041049568, 0.0028177558501093214, -0.011557747079120008, -0.0019952898819079862, -0.003536989511427921, -0.0029448465117847046, 0.009192633093081562
type_1_errors: 18983 ; type_2_errors: 65149 ; hits: 254 ; ratio: 0.01338039298319549
-9.390523970128088e-05, -0.004864806523309298, 0.010766801151888869, 0.00043019265327615916, -0.007455987156090728, -0.004558344200448407, 0.005776049314384658
type_1_errors: 17131 ; type_2_errors: 65308 ; hits: 95 ; ratio: 0.005545502305761485
0.23602974182300152, 0.051311711954573756, -0.10021971567777092, -0.24981584245527438, -0.3896532250231558, 0.2568958294123397, 0.19545149996628608
type_1_errors: 0 ; type_2_errors: 65403 ; hits: 0 ; ratio: 0
-0.020228565676167674, -0.009953259419193648, 0.003638188955738002, 0.018976359870442955, 0.03009332932283283, 0.03946919707302787, -0.061995250126680314
type_1_errors: 164 ; type_2_errors: 65394 ; hits: 9 ; ratio: 0.054878048780487805
-0.04570759590313943, 0.004530244804812028, 0.022867976226190058, 0.029406487424002578, 0.04319240047249983, -0.014481816726991371, -0.039807696297373754
type_1_errors: 960 ; type_2_errors: 65401 ; hits: 2 ; ratio: 0.0020833333333333333
0.0011582321086442261, 0.018510999552710853, -0.018928523593210254, -0.005882246606845218, -9.639413350375083e-05, -0.005950767955035278, 0.011188700627239475
type_1_errors: 15838 ; type_2_errors: 65319 ; hits: 84 ; ratio: 0.0053036999621164285
-0.16041511756156113, -0.0641040998000446, 0.03314529718606026, 0.12649497261514378, 0.22516092281077685, 0.3206232521583643, -0.4809052274087394
type_1_errors: 0 ; type_2_errors: 65402 ; hits: 1 ; ratio: inf
0.045283267451679834, 0.0036692067737997707, -0.037969103239842185, -0.036568598071853274, -0.01904562012947676, 0.009627808854803953, 0.03500303836088861
type_1_errors: 2647 ; type_2_errors: 65400 ; hits: 3 ; ratio: 0.0011333585190782018
-0.04803421040940659, 0.035966924026921865, 0.020650093529179552, 0.021439616717287183, -0.010716699006036518, -0.017115183934676436, -0.0021905409232690267
type_1_errors: 1283 ; type_2_errors: 65403 ; hits: 0 ; ratio: 0.0
0.05431268440242022, 0.023656550917086454, 0.012123220601702865, -0.03458843989911506, -0.1467175922279317, -0.09545123925355686, 0.1866648154593941
type_1_errors: 0 ; type_2_errors: 65403 ; hits: 0 ; ratio: 0
-0.06710039404673757, 0.006440863574783663, 0.06301293488656243, 0.055206086394915845, -0.014468447960640314, -0.0183350564032091, -0.024755986445674855
type_1_errors: 89 ; type_2_errors: 65403 ; hits: 0 ; ratio: 0.0
-0.00027057515918676127, -2.0828455022335306e-05, 0.00042195867584887605, 3.245505722903606e-05, -8.429666941061653e-05, 0.00011098669397087265, -0.000189700143429069
type_1_errors: 14025 ; type_2_errors: 65317 ; hits: 86 ; ratio: 0.006131907308377897
-0.015505845592730182, 0.007086497966462278, 0.01071061948501613, 0.006276200317259004, -0.0015296085769156307, -0.0010092780139406596, -0.0060285855851509775
type_1_errors: 16697 ; type_2_errors: 65309 ; hits: 94 ; ratio: 0.005629753847996646
-0.0014714941018219255, -0.000710046262658994, 0.0013509557974553234, 0.0017991668110258823, 0.0009042206186651595, -0.00023056893600258867, -0.001642233926662801
type_1_errors: 12759 ; type_2_errors: 65358 ; hits: 45 ; ratio: 0.003526922172584058
0.0014197782743172649, -0.0009904227455913009, -0.0011513218315369399, 0.00043948558946907586, -0.0004266217534432736, 0.0005735181466799477, 0.00013558432010520946
type_1_errors: 14703 ; type_2_errors: 65239 ; hits: 164 ; ratio: 0.011154186220499218
0.000444381819207551, 0.000800480600400126, 0.0005042830474587975, -0.001672561687464858, -0.0015672090219451729, -0.0005337230007961606, 0.002024348243139728
type_1_errors: 12101 ; type_2_errors: 65328 ; hits: 75 ; ratio: 0.006197834889678539
-0.0012295421954071548, 0.002096493715727179, -0.0020789974345077726, 0.0011770808052896597, 0.0006707380175202258, 0.00033805588092893275, -0.0009738287895509931
type_1_errors: 11267 ; type_2_errors: 65346 ; hits: 57 ; ratio: 0.00505902192242833
0.00299793456208167, 0.0017184690729995418, -0.0005442468446710974, -0.0033231518909498025, -0.005121890201433201, -0.004189729283087714, 0.008462614585060547
type_1_errors: 9761 ; type_2_errors: 65293 ; hits: 110 ; ratio: 0.011269337158078065
0.004776972078173134, -0.002724155306510744, 0.0024237762127018794, -0.006597264403024737, -0.0023836857166316928, -0.0001769961449548043, 0.004681353280247041
type_1_errors: 17085 ; type_2_errors: 65290 ; hits: 113 ; ratio: 0.006613988879133743
0.004300961516170421, 0.0015407385766195358, -0.0007938221907928005, -0.003390969862994985, -0.005523851697301463, -0.00911356023336079, 0.012980503891660201
type_1_errors: 9437 ; type_2_errors: 65390 ; hits: 13 ; ratio: 0.0013775564268305605
-0.007086983469227984, -0.0002636866687722036, 0.011230049228423331, -0.00029382198894247543, -0.002221762021167179, 0.00424512725469718, -0.005608922335010745
type_1_errors: 16758 ; type_2_errors: 65304 ; hits: 99 ; ratio: 0.005907626208378088
0.0002659451827222144, 0.005270741828880921, -0.0018437007582181447, -0.003856185101435492, -0.0038908329499984053, -0.0012243560035619968, 0.005278387801610935
type_1_errors: 11475 ; type_2_errors: 65326 ; hits: 77 ; ratio: 0.006710239651416122
-0.009604245634923554, -0.0004714270063109313, 0.007710649442522625, 0.005603667140694746, 0.00652934683868699, -0.0007296840284528133, -0.009038306752217083
type_1_errors: 12805 ; type_2_errors: 65302 ; hits: 101 ; ratio: 0.007887543928153065
-0.009956338554685425, 0.004595091236545673, 0.0010755254781977654, 0.008171276475762287, 0.005152084170339366, -0.0023575245353728053, -0.006680114270786984
type_1_errors: 12949 ; type_2_errors: 65343 ; hits: 60 ; ratio: 0.0046335624372538416
-0.004546579287482328, -0.008046593443388018, 0.008187754832158993, 0.0086363850291305, 0.0049772600248992075, -0.0011022515239915486, -0.008105975631326727
type_1_errors: 13827 ; type_2_errors: 65332 ; hits: 71 ; ratio: 0.005134881029869097
-0.006470719558903236, 0.002561259446689377, 0.00815593224314236, -0.0006758474476038701, 9.295351342912e-05, -0.004764073536643407, 0.0011004953398896936
type_1_errors: 18984 ; type_2_errors: 65319 ; hits: 84 ; ratio: 0.004424778761061947
-0.0010330202809152246, 0.0005365859897864915, -0.0027431292697368795, 0.00195536709530457, 0.004108245773640228, 0.00040511598231206107, -0.0032291652903913173
type_1_errors: 16612 ; type_2_errors: 65314 ; hits: 89 ; ratio: 0.00535757283891163
0.01890024662249591, -0.0013100287707426119, -0.015137720962207455, -0.013044925603408765, -0.007373462074098324, 0.007581248925990057, 0.010384641861971093
type_1_errors: 11949 ; type_2_errors: 65283 ; hits: 120 ; ratio: 0.010042681395932713
0.00793866940673074, -0.0031142581225175577, -0.011313841150653876, -0.0007288271656091429, 0.004770543577075775, 0.005840033117494654, -0.003392319662520617
type_1_errors: 13561 ; type_2_errors: 65298 ; hits: 105 ; ratio: 0.0077427918295110984
-0.003524813534088989, -0.013449776885569633, 0.004483884815449551, 0.014650683962949884, 0.013757265093490036, -0.0010043557052455483, -0.014912887746985225
type_1_errors: 14871 ; type_2_errors: 65325 ; hits: 78 ; ratio: 0.005245107928182368
-0.016920018010229836, -0.008981111689612293, 0.022440942408150224, 0.011750447992563307, 0.012795886078464793, -0.0041812192577797775, -0.016904927521556392
type_1_errors: 12547 ; type_2_errors: 65302 ; hits: 101 ; ratio: 0.008049733003905315
0.0025669335790691502, -0.009612670347558819, 0.003538058256189729, 0.0005662757019278106, 0.0067755241799987275, 0.0032596417728394077, -0.0070937631424659925
type_1_errors: 17328 ; type_2_errors: 65308 ; hits: 95 ; ratio: 0.005482456140350877
0.0005342024773209652, -0.0011917542872565854, -0.008037449620812398, 0.0057481350541271296, 0.006941895681528958, 0.0037751585301676474, -0.00777018783507565
type_1_errors: 12659 ; type_2_errors: 65333 ; hits: 70 ; ratio: 0.0055296626905758746
0.003375012396327401, 0.004149297194593342, 0.004504910358091944, -0.005947517222711498, -0.014395669196063983, -0.012382311723036594, 0.02069627819279933
type_1_errors: 10635 ; type_2_errors: 65348 ; hits: 55 ; ratio: 0.005171603196991067
0.015927850355723496, 0.004355459023782556, -0.012928574609328804, -0.014158716719861988, -0.011973720364808699, 0.0007934920732648484, 0.01798421024122861
type_1_errors: 13473 ; type_2_errors: 65303 ; hits: 100 ; ratio: 0.007422251911229867
-0.027326105611944717, -0.008179090980478091, 0.023827376336115473, 0.02713514962631957, 0.01677267472526598, -0.005408215099894094, -0.02682178899538424
type_1_errors: 14197 ; type_2_errors: 65362 ; hits: 41 ; ratio: 0.002887934070578291
0.17277489060480625, 0.06731346589965306, -0.035220539758521546, -0.13706975404231558, -0.24137426056750635, -0.33837673083105785, 0.511952928694942
type_1_errors: 0 ; type_2_errors: 65395 ; hits: 8 ; ratio: inf
-0.009992764618559993, -0.0032470932310914697, -0.00037819066911129733, 0.006587288612331298, 0.01736502419737451, 0.023212902311519606, -0.03354716660246267
type_1_errors: 3549 ; type_2_errors: 65342 ; hits: 61 ; ratio: 0.017187940264863342
0.0025264556308916045, -0.011006952016483338, -0.012341665554138539, -0.00022227792071554845, 0.0237131258259049, 0.04248327062395835, -0.045151956589417286
type_1_errors: 575 ; type_2_errors: 65390 ; hits: 13 ; ratio: 0.022608695652173914
0.049972622560855426, 0.029630357174693613, -0.07299332202891542, -0.03631298230994036, -0.013798922352929443, -0.019477441487259488, 0.0629796884434956
type_1_errors: 27 ; type_2_errors: 65403 ; hits: 0 ; ratio: 0.0
3.06434559223123e-06, 7.123963424407809e-06, -2.375713425131252e-05, -7.742088549835783e-06, 1.6488289669068045e-05, 3.1272332641195996e-05, -2.6449708525754428e-05
type_1_errors: 10643 ; type_2_errors: 65345 ; hits: 58 ; ratio: 0.005449591280653951
-4.225601930109857e-05, -1.5728797688059912e-05, 5.001561307927272e-05, 5.6206599701998324e-05, -1.6270731856396823e-05, -3.960683463466601e-06, -2.8005980472275357e-05
type_1_errors: 9937 ; type_2_errors: 65342 ; hits: 61 ; ratio: 0.0061386736439569285
-0.0052031125544820716, 0.007565630141034889, 0.0028225515388365136, -0.0031703377790415974, -0.00364731035841038, -0.0010940474796823252, 0.002726626491745026
type_1_errors: 11578 ; type_2_errors: 65328 ; hits: 75 ; ratio: 0.006477802729314217
1.6241161329265325e-05, -0.0010924674757226015, 0.00011372879787331372, 0.0008986186463308281, 0.000687750770904516, 0.0008386177383426117, -0.0014624896390579478
type_1_errors: 16325 ; type_2_errors: 65275 ; hits: 128 ; ratio: 0.00784073506891271
-0.000302477515775071, 0.00176343621646683, -0.0014815131492892702, -0.00044998560629020545, -0.0005605530912091278, 0.0013947996107619692, -0.0003637064646652143
type_1_errors: 17475 ; type_2_errors: 65239 ; hits: 164 ; ratio: 0.00938483547925608
-0.0009057447853277065, -0.0006571995191000167, 0.003536034615816526, 1.0448664703053335e-05, -0.0009545440264003109, -0.003545930097108207, 0.0025169351474167096
type_1_errors: 12052 ; type_2_errors: 65373 ; hits: 30 ; ratio: 0.002489213408562894
-0.0028809455335127437, -0.001573481871720857, 0.0005603890574687443, 0.0030533293159667025, 0.004409423867904215, 0.004932690646097246, -0.008501405482203309
type_1_errors: 6558 ; type_2_errors: 65332 ; hits: 71 ; ratio: 0.010826471485208905
-0.001039147877326804, -0.0007451177960337145, 0.00018189917805428013, 0.0014488572754619193, 0.0017414471081972263, 0.001403413489132124, -0.0029913513774850143
type_1_errors: 9411 ; type_2_errors: 65360 ; hits: 43 ; ratio: 0.00456912124110084
0.00029685236187130626, -0.0017469299058657066, -0.00041818771965691293, 0.0006152211718516934, 0.002705370541268834, 0.001369881638635632, -0.002822208088104839
type_1_errors: 13103 ; type_2_errors: 65351 ; hits: 52 ; ratio: 0.003968556819049072
0.0015312138917576246, 0.0007579478978054389, -0.00015532259324174617, -0.002962465060860579, -0.0018993653738497585, 0.000330393463675326, 0.0023975977747137064
type_1_errors: 9981 ; type_2_errors: 65308 ; hits: 95 ; ratio: 0.009518084360284541
-0.0022609933242417, -0.00035723318292289616, 0.0020667206487445635, 0.0018181434184463938, 0.0007204175664686519, 0.00018997787680990515, -0.0021770330033049293
type_1_errors: 10516 ; type_2_errors: 65356 ; hits: 47 ; ratio: 0.004469379992392545
-7.554504985423817e-05, 0.00021872590363783978, 0.0016914494372968654, -0.0010837173372137126, -0.002138491610853255, 0.00012197826509617642, 0.0012656003918902442
type_1_errors: 10828 ; type_2_errors: 65349 ; hits: 54 ; ratio: 0.0049870705578130775
4.650766210164594e-05, 0.002235801178739784, 0.00598448732595603, -0.004707804152115263, -0.007483556812556608, -0.006305475088673913, 0.010230039886548333
type_1_errors: 11891 ; type_2_errors: 65344 ; hits: 59 ; ratio: 0.004961735766546127
-0.004815824655430547, 0.0030007079209960937, 0.004079203614515252, 0.003712116582087788, -0.003390994311805996, -0.006779767253110105, 0.004194558102747328
type_1_errors: 13007 ; type_2_errors: 65371 ; hits: 32 ; ratio: 0.0024602137310678865
-0.005869150499893549, -0.00016389917167795303, 0.0028314668842637754, 0.005821729270830306, 0.003534651590822675, 0.00017404032655983747, -0.00632883840090505
type_1_errors: 14834 ; type_2_errors: 65353 ; hits: 50 ; ratio: 0.003370635027639207
-0.0019242932247253593, -0.008195793186316745, 0.006286489859257396, 0.0061403799437361566, 0.004874299875387629, -0.0007909737390773885, -0.006390109528261685
type_1_errors: 11617 ; type_2_errors: 65349 ; hits: 54 ; ratio: 0.004648360161831799
0.00040889996581646554, -0.0005831679456036049, 0.0009960451643927532, 8.363699413980365e-05, -0.0014316828240863166, -0.0009092860586986403, 0.0014355547040395082
type_1_errors: 14923 ; type_2_errors: 65316 ; hits: 87 ; ratio: 0.005829926958386383
-0.004095380397297837, 0.001361381392761393, -0.004944270461746161, 0.007861661022071963, 0.006326801207907593, 0.0013038717849335377, -0.007814064548630529
type_1_errors: 12583 ; type_2_errors: 65339 ; hits: 64 ; ratio: 0.005086227449733768