
0.0008030506859623137, 0.0001596107293386109, 0.0001571755518649482, -0.0008853417474205695, -0.0013161070068067712, -0.000956820714051473, 0.0020384325011129447
type_1_errors: 8778 ; type_2_errors: 65295 ; hits: 108 ; ratio: 0.012303485987696514
3.628276170749866e-18, 2.119881710192935e-18, -4.937936113091436e-18, -9.094250850795188e-18, 2.51085608062152e-18, -5.801931168956756e-18, 6.7850318609984956e-18
type_1_errors: 10673 ; type_2_errors: 65364 ; hits: 39 ; ratio: 0.0036540803897685747
-0.0035285259236135934, -0.003779900956105034, 0.005962317468359635, 0.0032967817140579243, 0.003312546115867679, -0.0002940469251406328, -0.0049691714934258875
type_1_errors: 16554 ; type_2_errors: 65312 ; hits: 91 ; ratio: 0.005497160807055697
-1.1044188007080763e-16, 3.3110135047715044e-17, -7.835665257007738e-17, -1.0128920598765867e-16, 3.61808168679742e-17, 5.881682870842192e-17, -1.6314125850784127e-16
type_1_errors: 12502 ; type_2_errors: 65352 ; hits: 51 ; ratio: 0.004079347304431291
-0.0032428515787669885, 0.004340204972107555, 0.004811516399675379, -0.005236150139402195, -0.005608333645966569, 0.005435136723502242, -0.0004995227311494726
type_1_errors: 15291 ; type_2_errors: 65309 ; hits: 94 ; ratio: 0.006147406971421097
0.005626989117407779, 0.014498408481622184, 0.04718661490504668, -0.032377308988543005, -0.06183220127579744, -0.07420410721552101, 0.10110160497578474
type_1_errors: 1 ; type_2_errors: 65403 ; hits: 0 ; ratio: 0.0
0.003019221781987247, -0.0006693402348134423, -0.003740127789904148, -0.0002146721838944457, -0.00032281277379424955, 0.0014815237410321209, 0.0004462074593869035
type_1_errors: 15089 ; type_2_errors: 65235 ; hits: 168 ; ratio: 0.011133938630790641
0.014991670144857226, -0.015071593087501087, -0.039790201493605834, 0.023112990693905645, 0.03956124813677803, -0.0038927178124873374, -0.01891139658194656
type_1_errors: 2424 ; type_2_errors: 65387 ; hits: 16 ; ratio: 0.006600660066006601
0.0007215231053134632, -0.0006311039553310227, -0.0015716337962393388, 0.0015331025853354942, 0.0005049850619150651, -0.0004963615501049368, -6.0511450888736684e-05
type_1_errors: 11915 ; type_2_errors: 65369 ; hits: 34 ; ratio: 0.002853545950482585
-0.002844006438501226, -0.0027458613358246494, -0.003802653551297905, 0.008545776858542815, 0.0051968544853394924, 0.009972919969014844, -0.014323029987273375
type_1_errors: 17050 ; type_2_errors: 65250 ; hits: 153 ; ratio: 0.008973607038123168
0.0811431571475163, 0.02577876701213468, -0.023576420993841052, -0.08768908546490617, -0.12757668214741005, -0.003226473280868903, 0.1351467377273751
type_1_errors: 0 ; type_2_errors: 65403 ; hits: 0 ; ratio: 0
-0.0010016605106371841, -0.00311522910883928, -0.0037339408052659995, 0.008645710920907343, 0.007782276817105295, -0.0049798145678493074, -0.003597342745420931
type_1_errors: 11790 ; type_2_errors: 65369 ; hits: 34 ; ratio: 0.002883799830364716
0.004785910427100345, 0.003177583400230676, -0.002200223421819156, -0.006816873126497533, -0.00816187549601524, 0.0009718844950441209, 0.008243593721956752
type_1_errors: 10266 ; type_2_errors: 65294 ; hits: 109 ; ratio: 0.01061757256964738
0.01933697111672156, 0.005689994329984885, -0.004931839381908128, -0.016793188671234575, -0.021464200044726357, -0.031436474719464876, 0.049598737370627484
type_1_errors: 821 ; type_2_errors: 65401 ; hits: 2 ; ratio: 0.00243605359317905
-0.03488500656377478, -0.006102286256192233, 0.014648679428282678, 0.02557315414388219, 0.031567075721854125, 0.04137313907512434, -0.07217475554917634
type_1_errors: 48 ; type_2_errors: 65398 ; hits: 5 ; ratio: 0.10416666666666667
-0.037650922960697254, -0.013878103152301105, 0.006891612029100281, 0.029441965420356916, 0.0525772733774824, 0.07424916239325245, -0.11163098710719371
type_1_errors: 5 ; type_2_errors: 65402 ; hits: 1 ; ratio: 0.2
-0.10515835126700464, -0.0029242189543771837, 0.20531041199717012, -0.19608792763698266, 0.052949758135741036, 0.30669382102469933, -0.26078349329924605
type_1_errors: 0 ; type_2_errors: 65403 ; hits: 0 ; ratio: 0
0.0006914616298195319, 4.891462524045023e-05, -0.0008242854452928397, -0.00040357413579730447, -0.00010753825702964309, 0.00032959779750310023, 0.00026542378555669774
type_1_errors: 11351 ; type_2_errors: 65321 ; hits: 82 ; ratio: 0.0072240331248348165
-0.0010017197054057792, -0.0005480246125649929, 0.0002758676688532124, 0.0025782857695220026, 0.0015494858521137818, -0.0031868583929468355, 0.0003329634204285883
type_1_errors: 10915 ; type_2_errors: 65369 ; hits: 34 ; ratio: 0.0031149793861658267
-0.004844793996606435, -0.005161549838141141, 0.0070883913203977295, 0.0059481761253601375, 0.006132518191105557, -0.0035866168695376233, -0.005576124932578057
type_1_errors: 16446 ; type_2_errors: 65314 ; hits: 89 ; ratio: 0.005411650249300742
0.013631088508514112, 0.0005906863900925409, -0.008304009571304767, -0.010862811278987089, -0.011004860830787543, 0.0030742307822075915, 0.012875676000265013
type_1_errors: 10624 ; type_2_errors: 65294 ; hits: 109 ; ratio: 0.010259789156626505
0.10463347623392992, 0.07741127178010083, -0.06355478685968863, -0.12716695672734615, -0.1789076878510799, -0.02132182298113131, 0.20890650640521527
type_1_errors: 0 ; type_2_errors: 65403 ; hits: 0 ; ratio: 0
1.1102230246251565e-16, 1.1102230246251565e-16, 1.1102230246251565e-16, 1.1102230246251565e-16, 1.1102230246251565e-16, 1.1102230246251565e-16, 1.1102230246251565e-16
type_1_errors: 11816 ; type_2_errors: 65335 ; hits: 68 ; ratio: 0.005754908598510494
-0.00341534891158815, -0.0026813795839266013, 0.0008522714799452289, 0.00325433578844568, 0.006232392882317306, 0.008262112339409263, -0.012504383994602757
type_1_errors: 6640 ; type_2_errors: 65332 ; hits: 71 ; ratio: 0.01069277108433735
0.0013440412654278353, -0.0010006527136414897, -0.0027364063296440705, 0.001422513336633616, 0.003234721969752513, -0.002852342655189341, 0.0005881251266608632
type_1_errors: 12561 ; type_2_errors: 65364 ; hits: 39 ; ratio: 0.0031048483401003107
0.0027110661784517285, -0.0003316393297760497, 0.00010673518524423464, -0.0020776775554161415, -0.0035422755987223006, -0.0017175572991138816, 0.004851348419332472
type_1_errors: 15782 ; type_2_errors: 65312 ; hits: 91 ; ratio: 0.005766062602965404
0.0022669554144119893, 0.0030819244273277676, -0.0031901103404962435, -0.0015552036715102042, -0.0015977823396773907, -0.00838973756724017, 0.009383954077184344
type_1_errors: 15426 ; type_2_errors: 65332 ; hits: 71 ; ratio: 0.00460261895501102
0.026845021518732855, 0.004117025195784279, -0.003903548772850441, -0.019128488778200073, -0.030890213400243057, -0.04687516686483051, 0.06983537110160697
type_1_errors: 135 ; type_2_errors: 65403 ; hits: 0 ; ratio: 0.0
-0.01970908428513199, -0.005241477690948546, 0.03269332892948705, 0.0058682449058778995, -0.0016545941675924938, -0.000606967934862355, -0.011349449756829591
type_1_errors: 15428 ; type_2_errors: 65311 ; hits: 92 ; ratio: 0.0059631838216230235
0.0039082560836550245, -0.0019240671696524759, -0.002334694503704414, -0.0018736622624025451, 8.706199853226473e-05, 0.0009564401512928544, 0.00118066570227925
type_1_errors: 9000 ; type_2_errors: 65287 ; hits: 116 ; ratio: 0.012888888888888889
0.00016203413552853002, -0.0008144338925863765, 0.0009452703113028, 0.000783342150943344, -0.001092511329039952, -0.0008461203902006269, 0.0008624190140522784
type_1_errors: 14709 ; type_2_errors: 65316 ; hits: 87 ; ratio: 0.005914746073832348
-0.00027530875847274646, 0.0001616110564994696, 0.0004882685864600068, -0.00012100947099350224, -0.00014102208341287072, -0.00046420449769468626, 0.0003516651676143122
type_1_errors: 11124 ; type_2_errors: 65373 ; hits: 30 ; ratio: 0.002696871628910464
-0.00029287838320514334, 0.0015442686023970581, -0.0030947692215681803, 0.000711587108871456, 0.0012747536065332089, 0.0017307356338375434, -0.0018736973468659337
type_1_errors: 11279 ; type_2_errors: 65343 ; hits: 60 ; ratio: 0.005319620533735261
0.0008959181658748459, 0.001982634620260803, -0.00191356649404365, -0.003053502964960959, -0.0011531989826504148, 0.0038324907398052965, -0.0005907750842859026
type_1_errors: 13578 ; type_2_errors: 65349 ; hits: 54 ; ratio: 0.003977021652673442
0.0005576602602469722, -0.004430261935130692, -0.0017553797993470164, 0.002614922322313141, 0.005214417661592213, 0.007553265021436151, -0.009754623531110684
type_1_errors: 11148 ; type_2_errors: 65340 ; hits: 63 ; ratio: 0.005651237890204521
0.009282970469632517, 0.0016737861895058368, -0.009505533072411717, -0.008894330422965464, -0.0006267546683980562, 0.0018918791300149723, 0.0061779823746218624
type_1_errors: 11223 ; type_2_errors: 65274 ; hits: 129 ; ratio: 0.011494252873563218
0.00989893859403009, 0.0017118306568244656, -0.005825466000092686, -0.010501074882785396, -0.006273230003433497, -0.0006012361927093042, 0.011590237828166237
type_1_errors: 12680 ; type_2_errors: 65297 ; hits: 106 ; ratio: 0.008359621451104101
0.01606303812119822, 0.003317778628277558, -0.018385052519941103, -0.007804542313685206, -0.005185658836418262, -0.0056419671749208975, 0.017636404095489576
type_1_errors: 13191 ; type_2_errors: 65366 ; hits: 37 ; ratio: 0.0028049427640057614
0.07134980106754188, 0.02942361279182492, -0.015188705027050813, -0.05687585114186074, -0.10064208255619497, -0.1425503317182005, 0.21448355658394033
type_1_errors: 0 ; type_2_errors: 65402 ; hits: 1 ; ratio: inf
0.027329700672761293, 0.0017696404072139627, -0.007586262235398089, -0.02205283579146865, -0.024105676634157337, -0.02811149648832433, 0.05275693006937325
type_1_errors: 496 ; type_2_errors: 65402 ; hits: 1 ; ratio: 0.0020161290322580645
-0.03866255878317356, -0.044684666758137884, 0.2611109660188725, -0.015217535185438164, -0.13816990074547172, -0.26705277053850185, 0.24267646599185047
type_1_errors: 0 ; type_2_errors: 65403 ; hits: 0 ; ratio: 0
0.00156776276736664, 0.0006149617441498683, -0.002029651467698636, -0.0017972458827330343, 0.0010123575406229006, -0.000995756887201299, 0.0016275721854935763
type_1_errors: 12437 ; type_2_errors: 65365 ; hits: 38 ; ratio: 0.003055399212028624
-0.0002615006941395896, -0.00030218129231110577, 9.077814970963047e-05, 9.326207893098056e-05, 0.0010002454633361065, 0.00043652086408937414, -0.0010571245696154028
type_1_errors: 12416 ; type_2_errors: 65351 ; hits: 52 ; ratio: 0.004188144329896907
-0.0007723820646964404, -0.0009642611494402312, 0.0005222681798475851, 0.0014952561075032688, 0.001892602247244418, -0.0009044474010092776, -0.001269035919449358
type_1_errors: 12665 ; type_2_errors: 65351 ; hits: 52 ; ratio: 0.004105803395183577
0.0011962610688989479, -0.0003989328746396934, -0.00045719782909581724, -0.0003710983305831662, -0.001288340056324048, 0.0003358643805856094, 0.0009834436411581564
type_1_errors: 14751 ; type_2_errors: 65193 ; hits: 210 ; ratio: 0.014236322961155175
0.0008505447299964629, 0.00034410486249259495, 0.0002885331460315863, -0.0013388939152117908, -0.002404036925770732, 0.0008468303206088001, 0.0014129177818531027
type_1_errors: 8857 ; type_2_errors: 65293 ; hits: 110 ; ratio: 0.01241955515411539
-0.0030195248972388496, 0.0004774496627501401, 0.00012783044135283633, 0.003026714343784883, 0.0019003510116338419, 0.0023377342496485984, -0.004850554811931496
type_1_errors: 17778 ; type_2_errors: 65244 ; hits: 159 ; ratio: 0.008943638204522443
0.005087932228818738, 0.0013481308746854791, -0.006655170311365178, -0.0032058663502486937, -0.0009644226703070601, 0.0008988778904808969, 0.0034905183379357503
type_1_errors: 10040 ; type_2_errors: 65279 ; hits: 124 ; ratio: 0.012350597609561753
-0.002641852355550683, -0.0025667684749133505, 0.0012325718469399537, 0.004272614757966189, 0.004890474203462435, 0.0011558764392876478, -0.006342916417192191
type_1_errors: 10686 ; type_2_errors: 65358 ; hits: 45 ; ratio: 0.004211117349803481
0.007474778363595739, -0.000771721001454896, -0.012110301769046553, -0.00027753382367050474, 0.002781714355257458, 0.002720314662382775, 0.00018274921293595094
type_1_errors: 12534 ; type_2_errors: 65334 ; hits: 69 ; ratio: 0.005505026328386788
-0.006800905401759684, -0.0009743494226160679, 0.002662107603604326, 0.005941726175003568, 0.008306105099099488, 0.0005913603860111231, -0.009726044439342876
type_1_errors: 11835 ; type_2_errors: 65357 ; hits: 46 ; ratio: 0.0038867765103506547
-0.005532319665378116, 0.003592390900542949, 0.011098093034601275, -0.002650040770929332, -0.00894953715211199, -0.0033112120318392977, 0.00575262568511447
type_1_errors: 12853 ; type_2_errors: 65344 ; hits: 59 ; ratio: 0.004590368007469073
-0.006551364800843988, -0.0034131709665549807, 0.001554177396949903, 0.006750876588672981, 0.008448221730657016, 0.013008260822706535, -0.01979700077158738
type_1_errors: 6269 ; type_2_errors: 65328 ; hits: 75 ; ratio: 0.011963630563088213
-0.006667549292529837, -0.001506117426866855, 0.009543907846529566, 0.004492893959218375, -0.0005821520733124701, -0.0029541262276350636, -0.0023268567854036974
type_1_errors: 13565 ; type_2_errors: 65370 ; hits: 33 ; ratio: 0.0024327312937707335
-0.009005625934984787, -0.00514492359707098, 0.009030106500911511, 0.01123338923302327, 0.008687897061708989, -0.00743801423087013, -0.007362829032717846
type_1_errors: 12938 ; type_2_errors: 65366 ; hits: 37 ; ratio: 0.002859792858247024
-0.005126431927818727, -0.006982897457770701, 0.006561540921767457, 0.012166069135822091, 0.00683422553189941, -0.010739743302569243, -0.002712762901330354
type_1_errors: 16274 ; type_2_errors: 64754 ; hits: 649 ; ratio: 0.03987956249231903
0.002108684230474994, 0.0039040649241431336, -0.0007846656436282203, -0.0008289158234248351, -0.006681825615000217, -0.01318336872877772, 0.015466026656212889
type_1_errors: 9908 ; type_2_errors: 65382 ; hits: 21 ; ratio: 0.0021194993944287444
-0.012941405891253316, -0.005304450317185526, 0.0053918559466421346, 0.016405174464020532, 0.014331211023083776, 0.004725317708649912, -0.022607702933957516
type_1_errors: 17157 ; type_2_errors: 65350 ; hits: 53 ; ratio: 0.0030891181441977038
-0.020159386480737385, 0.005363052906332586, 0.005442555215487127, 0.013636928391350457, 0.015253154317619777, 0.0009537396815221125, -0.02049004403157463
type_1_errors: 12077 ; type_2_errors: 65360 ; hits: 43 ; ratio: 0.0035604868758797713
0.027699180128838055, 0.010038360463871937, -0.010888043095964183, -0.02251128425912195, -0.03392522376429813, -0.03745041040256923, 0.06703742092924354
type_1_errors: 164 ; type_2_errors: 65403 ; hits: 0 ; ratio: 0.0
-0.10108030033565057, -0.03862742278319322, 0.019605367688561786, 0.08046627870654752, 0.14012868413175, 0.1995412407924802, -0.3000338482004957
type_1_errors: 0 ; type_2_errors: 65403 ; hits: 0 ; ratio: 0
-0.002347721207136713, -0.0030602502214288107, -0.02260914291234985, 0.031005519736969248, 0.03310791479209735, -0.03940823879573878, 0.0033119186075875637
type_1_errors: 607 ; type_2_errors: 65398 ; hits: 5 ; ratio: 0.008237232289950576
0.02149299183985585, 0.00951982705244911, 0.022353919678930845, -0.040986583836643734, -0.06877314927426173, -0.0054667149586496025, 0.0618597094983192
type_1_errors: 125 ; type_2_errors: 65402 ; hits: 1 ; ratio: 0.008
-0.003857507959017818, -0.0012502462776946039, 0.005677811399945732, 0.004766210102856435, 0.00039052512972429415, -0.008394647025220444, 0.002667854629406576
type_1_errors: 13346 ; type_2_errors: 65371 ; hits: 32 ; ratio: 0.002397722163944253
0.004935379416966722, -0.0049605934551116, -0.004327559078325185, 0.004977379286353812, -0.001661545878206944, 0.000891880984410858, 0.00014505872391232995
type_1_errors: 17035 ; type_2_errors: 65269 ; hits: 134 ; ratio: 0.007866157910184914
0.0003567762486289954, -0.0004298407565677083, -0.00042876004397274746, -0.00038808131325688666, 0.0008118727488431683, 0.0012640849090397963, -0.001186051792714645
type_1_errors: 10175 ; type_2_errors: 65346 ; hits: 57 ; ratio: 0.005601965601965602
0.0007123876291695553, 0.0009192544840344394, 0.00044573279247275236, -0.001974000149515619, -0.002818635310760886, 0.00090574170498795, 0.001809518849611761
type_1_errors: 10686 ; type_2_errors: 65328 ; hits: 75 ; ratio: 0.007018528916339135
0.002835207542351772, 0.000528113106382006, -0.001694747854068419, -0.0017632343160528584, -0.0028787922292719268, -0.0018255319630447594, 0.004798985713704109
type_1_errors: 9313 ; type_2_errors: 65293 ; hits: 110 ; ratio: 0.011811446365295823
-0.0035982689820447528, 0.0004380818810675261, 0.0024360517855314913, 0.002231823665232054, 0.002318159496469029, -0.001676792643829553, -0.0021490552024258968
type_1_errors: 10758 ; type_2_errors: 65310 ; hits: 93 ; ratio: 0.00864472950362521
-0.0018677871060531967, 0.00011186982962680868, 0.0032974829888029185, -0.0024889674489633412, 0.0010848354252908884, 0.0027546730292818673, -0.002892106717985899
type_1_errors: 11856 ; type_2_errors: 65320 ; hits: 83 ; ratio: 0.007000674763832659
0.000923960481290904, 3.0547594516808834e-05, -0.0026266751468300726, 0.0001865629329361624, 0.0022259495222027624, -0.00020138811622329053, -0.0005389572678933131
type_1_errors: 11573 ; type_2_errors: 65338 ; hits: 65 ; ratio: 0.005616521213168582
-0.0006399270333674732, 0.00012794724306738122, 0.0018766874284023348, -0.0007378377883702476, -0.0006821576498440789, -0.000729095063942285, 0.0007843828640544437
type_1_errors: 17354 ; type_2_errors: 65324 ; hits: 79 ; ratio: 0.004552264607583266
-0.007022988336494142, 0.0008284987973604732, -0.00176319333174645, 0.0066366604480372505, 0.013576670854529013, -0.0020151136940214868, -0.01024053473766467
type_1_errors: 18226 ; type_2_errors: 65307 ; hits: 96 ; ratio: 0.005267200702293427
0.0012316817644713938, -0.0007943751459618212, -0.0007400966177218311, 0.0003929420341491761, 0.0002921493078726718, -0.0022209531043247757, 0.0018386517615152013
type_1_errors: 14257 ; type_2_errors: 64762 ; hits: 641 ; ratio: 0.04496037034439223
0.002002551020819523, 0.0001247946801689082, -0.0030265717622224198, -0.0010553048533676142, 0.0020851361440081717, -0.0015373502047852402, 0.0014067449753787575
type_1_errors: 12711 ; type_2_errors: 65365 ; hits: 38 ; ratio: 0.0029895366218236174
0.0013147933388956725, 0.0031664336047536336, -0.002521280694222717, -0.00460034791784321, -0.0019589545938284627, 0.004083147660935126, 0.0005162086013099326
type_1_errors: 13832 ; type_2_errors: 65350 ; hits: 53 ; ratio: 0.0038316946211683052
0.004185043687459299, 0.0019183844965386897, -0.001494827524629139, -0.007101692455653207, -0.005558500974391381, 0.00369920480680958, 0.004352387963866129
type_1_errors: 11243 ; type_2_errors: 65304 ; hits: 99 ; ratio: 0.00880547896468914
0.01284933605305586, 0.0229420313061977, -0.05300631712253697, -0.001797719584350417, 0.01324744239164173, -0.0008826303894081899, 0.006647857345400273
type_1_errors: 2918 ; type_2_errors: 65392 ; hits: 11 ; ratio: 0.0037697052775873888
0.006423211494847943, 5.4032432307032776e-05, 0.00011561313768849313, -0.0044593415858615, -0.007823074009290118, -0.010247710905211994, 0.015937269435520166
type_1_errors: 10254 ; type_2_errors: 65316 ; hits: 87 ; ratio: 0.008484493856056173
0.0029350015371888047, 0.0011581791595999258, -0.0025252712649424646, -0.00013647295188579485, -0.0031082595182075437, -0.006673882069290259, 0.008350705107537288
type_1_errors: 12857 ; type_2_errors: 65370 ; hits: 33 ; ratio: 0.002566695185502061
-0.004505230968590502, -0.002251079440079567, 0.003546227989346339, 0.005023915897146593, -0.0006503982589463788, 0.010330919881008592, -0.011494355099885044
type_1_errors: 11610 ; type_2_errors: 65337 ; hits: 66 ; ratio: 0.005684754521963824
0.005197761193888143, 0.004585947363450248, 0.0017579690680924074, -0.011384585260591641, -0.013968227357649077, 0.0009420302441230216, 0.012869104748686775
type_1_errors: 10698 ; type_2_errors: 65292 ; hits: 111 ; ratio: 0.010375771172181716
0.017848798409837465, 0.003362176513986467, -0.029433443250076574, -0.010094357285541129, 0.014706032527300683, -0.0052988932266284025, 0.008909686311121653
type_1_errors: 13837 ; type_2_errors: 65356 ; hits: 47 ; ratio: 0.0033966900339669004
-0.005903999746964886, 0.007441290158268747, 0.009083074402380339, -0.011432639529102806, -0.007412928600862024, 0.011009025869956984, -0.0027838225536762754
type_1_errors: 12322 ; type_2_errors: 65288 ; hits: 115 ; ratio: 0.00933290050316507
-0.01017968956694249, -0.0037871180060617096, 0.014088369312015434, 0.00964904576652021, 0.004362620104555986, -0.014012127324770328, -0.00012110028531693072
type_1_errors: 14872 ; type_2_errors: 65370 ; hits: 33 ; ratio: 0.0022189349112426036
0.005713278270562303, 0.0005612205509710724, -0.02015028909919759, 0.00961255817200339, 0.007940950314130973, -0.0012041911257109862, -0.0024735270827591638
type_1_errors: 11122 ; type_2_errors: 65344 ; hits: 59 ; ratio: 0.005304801294731164
0.045190458476173506, 0.008988591222174588, -0.06319528263843413, 0.0211288525026898, -0.023072606750350114, -0.08054592042154604, 0.09150590760929267
type_1_errors: 6 ; type_2_errors: 65403 ; hits: 0 ; ratio: 0.0
0.0009202366353230733, 0.0015713621574972598, -0.0068119628752993325, 0.0031658052705302356, 0.003829909827692883, -0.003287614565203971, 0.0006122635494598395
type_1_errors: 17269 ; type_2_errors: 65305 ; hits: 98 ; ratio: 0.005674908796108634
0.0011550359650726516, -0.00017850593053767293, -0.0006415450210904464, -0.0005872335294110452, -0.0008485001923007024, -1.2805080551213601e-05, 0.0011135537888184402
type_1_errors: 14746 ; type_2_errors: 65193 ; hits: 210 ; ratio: 0.014241150142411502
-0.0012208194249576198, -0.0002990497144159921, 0.0022242758324295315, 0.0001683543042955055, -0.00023090918449451207, -0.00012018275178996212, -0.0005216690610669617
type_1_errors: 14520 ; type_2_errors: 65316 ; hits: 87 ; ratio: 0.005991735537190083
-0.0004873894875785617, 3.5194595428133816e-05, -2.1244483254308388e-05, 0.0003682114999344465, 0.0005050586002785229, 0.0007185901809875335, -0.0011184209057957728
type_1_errors: 10767 ; type_2_errors: 65345 ; hits: 58 ; ratio: 0.00538683012909817
0.0011736342882955094, -0.00023353317525220748, -0.002360310562225045, 0.0008639692877060431, -9.469879015993583e-05, 0.0011645921125900296, -0.0005136531609543492
type_1_errors: 14864 ; type_2_errors: 65237 ; hits: 166 ; ratio: 0.011167922497308934
-0.0008601289378637356, -0.0007445181913824188, 0.00025688552294411124, 0.0010467891665855795, 0.0012212718898361628, 0.0022729112128890535, -0.003193210663008744
type_1_errors: 6136 ; type_2_errors: 65334 ; hits: 69 ; ratio: 0.011245110821382008
0.00010677944831552917, 0.00040627803739240443, 5.630318656037891e-06, -0.00035327811025868673, -0.0004926630046620585, -0.0006494278113789824, 0.0009766811219358174
type_1_errors: 9498 ; type_2_errors: 65385 ; hits: 18 ; ratio: 0.0018951358180669614
0.002623225560195725, 0.00020257471307216535, -0.0016732429669396897, -0.0022276348589218876, -0.0016714590700112903, -3.343234198815339e-05, 0.00277996896459315
type_1_errors: 10057 ; type_2_errors: 65308 ; hits: 95 ; ratio: 0.009446156905637864
-0.001150638291507584, -0.0002204657072293769, 0.0010422227575192014, 0.0006178674720386282, 0.0006174377851203504, 0.0007487892687590011, -0.0016552132847002209
type_1_errors: 14363 ; type_2_errors: 65316 ; hits: 87 ; ratio: 0.006057230383624591
-0.0031178080140914916, -0.005521616670079191, 0.00616646819737667, 0.004358785938798961, 0.004488629661657107, -0.0004045584942734339, -0.005969900619388826
type_1_errors: 16750 ; type_2_errors: 65313 ; hits: 90 ; ratio: 0.005373134328358209
0.0007702208498006402, 0.00032983038870289195, -0.0023549723833440773, -0.00023943928178997288, 0.0004314976090192948, 0.003004735118389233, -0.0019418723007780508
type_1_errors: 11864 ; type_2_errors: 65315 ; hits: 88 ; ratio: 0.007417397167902899
0.0033770471016288574, 0.0015455191116183135, -0.002647735317649148, -0.0037344752678622768, -0.003823115669027698, 0.001450720244374222, 0.0038320397969177668
type_1_errors: 9447 ; type_2_errors: 65293 ; hits: 110 ; ratio: 0.01164390811897957
-0.0003436720150809375, 0.0004714972552106068, -0.001508424117729545, 0.003180790374444155, -0.0006366177499129632, -0.0025308933381555532, 0.00136731959122431
type_1_errors: 15744 ; type_2_errors: 65330 ; hits: 73 ; ratio: 0.004636686991869919
0.003274749138299455, -0.03243407542487529, 0.010859795954466256, 0.0232960033273564, 0.013602756543751308, 0.0019891754071429094, -0.020588404946141083
type_1_errors: 12081 ; type_2_errors: 65337 ; hits: 66 ; ratio: 0.005463123913583313
0.005338771416749884, 0.0022068900917410327, -0.0038251659819673305, -0.007041387868421645, -0.005945736725589266, 0.005249222025108516, 0.004017407042378878
type_1_errors: 11313 ; type_2_errors: 65333 ; hits: 70 ; ratio: 0.006187571820030054
-7.689965534539841e-05, 0.0001228230372082404, 0.002922854830784997, -0.0015494515675588242, -0.0010818060413140026, -0.005032169791804494, 0.004694649188029435
type_1_errors: 17752 ; type_2_errors: 65322 ; hits: 81 ; ratio: 0.004562866155926093
0.009916673311738771, -0.0026307140178112856, -0.011824216569290238, -0.0003903257263629106, 0.002310891259951612, -0.002500408845029807, 0.0051181005868038395
type_1_errors: 14285 ; type_2_errors: 65363 ; hits: 40 ; ratio: 0.00280014000700035
0.001296900586025965, -0.0005845229901236276, -0.007587180031671338, 0.009604523419726618, 0.0029886380844269737, -0.00930091486688599, 0.003582555798501414
type_1_errors: 13305 ; type_2_errors: 65369 ; hits: 34 ; ratio: 0.0025554302893649006
0.0015091233244606001, 0.005142195756021952, 0.006293953573900832, -0.015334528667242508, -0.009910521055107922, 0.005883095089466803, 0.006416681978500254
type_1_errors: 8896 ; type_2_errors: 65332 ; hits: 71 ; ratio: 0.00798111510791367
0.013817764106659301, 0.0021972989276667597, -0.017553780345990394, -0.011935371459738985, -0.0022157458858419257, 0.016559648256572218, -0.0008698135993271442
type_1_errors: 14344 ; type_2_errors: 65287 ; hits: 116 ; ratio: 0.008087005019520357
0.015296218681778315, 0.007745840654028185, -0.015467863201571449, -0.01603383398744378, -0.013004420834754594, 0.0054752810773152655, 0.015988777610647993
type_1_errors: 13398 ; type_2_errors: 65302 ; hits: 101 ; ratio: 0.007538438572921332
0.018307998547468955, 0.004684344342259068, -0.01471298108525672, -0.012036050484258595, -0.013193638016047853, -0.011922361170211252, 0.02887268786604622
type_1_errors: 18403 ; type_2_errors: 65191 ; hits: 212 ; ratio: 0.011519860892245829
-0.01456430484398316, -0.007434272224430538, 0.021906678904902863, 0.012346786781093669, 0.0029872422678761767, -0.006084370312593244, -0.009157760572865816
type_1_errors: 13052 ; type_2_errors: 65351 ; hits: 52 ; ratio: 0.00398406374501992
-0.009385217411199994, -0.004046973469951191, -0.004203878505380893, 0.016534104646619602, 0.018415443577664847, 0.006928484743291068, -0.02424196358104343
type_1_errors: 16520 ; type_2_errors: 65311 ; hits: 92 ; ratio: 0.005569007263922518
0.03027071741822627, 0.005667805468311685, -0.02341010095313928, -0.030223982471175238, -0.017208227226064323, 0.008765473827295632, 0.02613831393654535
type_1_errors: 10316 ; type_2_errors: 65336 ; hits: 67 ; ratio: 0.0064947654129507565
0.004682480837009637, -0.0008640555236001118, 0.0006172765834570636, 0.006866943630648692, -0.00534908967313575, -0.03614636528356049, 0.030192809429180862
type_1_errors: 6002 ; type_2_errors: 65300 ; hits: 103 ; ratio: 0.01716094635121626
-0.03943310973845469, -0.017707950123487404, 0.007713020998697821, 0.03268878666940277, 0.05894125197984968, 0.07833746108546619, -0.12053946087147442
type_1_errors: 5 ; type_2_errors: 65402 ; hits: 1 ; ratio: 0.2
0.07037933729359924, 0.002092926216219193, -0.04634015252576254, -0.0580863328610104, -0.040165167840066504, 0.007209289523523255, 0.06491010019349791
type_1_errors: 90 ; type_2_errors: 65403 ; hits: 0 ; ratio: 0.0
0.1957257234176329, -0.04890816263460301, -0.23020134932676403, -0.08530566235181884, 0.35458428820477345, -0.46225971937981714, 0.27636488207059656
type_1_errors: 0 ; type_2_errors: 65403 ; hits: 0 ; ratio: 0
1.930896747839684e-06, 6.077063403835576e-06, -3.251949347968778e-05, 1.713038182886578e-05, 6.330308001323465e-06, 2.4055514923279362e-05, -2.300467142546049e-05
type_1_errors: 17090 ; type_2_errors: 65245 ; hits: 158 ; ratio: 0.009245172615564658
-0.0001358362942295864, -0.00013844072285920322, 3.086506171875663e-05, 0.00019337568222982734, 0.00023929732117930645, 0.00032503944375041576, -0.0005143004917895225
type_1_errors: 9927 ; type_2_errors: 65346 ; hits: 57 ; ratio: 0.005741915986702931
0.0005900340101850101, 0.0004575344377323262, -4.486242416995947e-05, -0.0011848900730404303, -0.0008746414124749986, -0.00034447350902049273, 0.0014012989707885744
type_1_errors: 9470 ; type_2_errors: 65312 ; hits: 91 ; ratio: 0.009609292502639916
-0.0015394580639353174, -0.0008074245889021262, 0.0005746932714045535, 0.002369583914231391, 0.001492885732058745, 0.0008805750356926517, -0.0029708553005499128
type_1_errors: 12989 ; type_2_errors: 65357 ; hits: 46 ; ratio: 0.003541458156901994
0.0003908720182014706, 3.614958815765575e-05, -0.0003866074967965801, -0.00025017453603541824, -0.00015784211151156756, 8.665776831868596e-05, 0.00028094476966577945
type_1_errors: 8155 ; type_2_errors: 65290 ; hits: 113 ; ratio: 0.013856529736358062