
0.0006407263980285492, 0.00020729228419719102, 0.00010075386405298501, -0.0006905163842172877, -0.0011116581892083037, -0.0009889697343007198, 0.0018423717614475877
type_1_errors: 8711 ; type_2_errors: 65295 ; hits: 108 ; ratio: 0.012398117322925038
-2.3777692140240305e-19, 5.829332172484206e-20, -1.1267776276225257e-18, 7.113236956305637e-20, 8.121111991640239e-20, -9.784861734730638e-20, -1.1658702980837174e-19
type_1_errors: 14975 ; type_2_errors: 65322 ; hits: 81 ; ratio: 0.005409015025041737
0.08787670060908659, 0.034358792194785125, -0.022823375730372315, -0.10481438456601917, -0.0916281242399271, -0.1100612595290441, 0.20709165126149107
type_1_errors: 0 ; type_2_errors: 65403 ; hits: 0 ; ratio: 0
-0.027794921273094183, 0.08871209142527892, 0.1812374069822694, -0.36276025221980435, -0.006062653637008385, 0.0986655065165228, 0.028002822205835682
type_1_errors: 0 ; type_2_errors: 65403 ; hits: 0 ; ratio: 0
0.0903226435312607, 0.036440074842022926, -0.017749276609596788, -0.07264394090486878, -0.12777453536231048, -0.17965823552006446, 0.2710632700235569
type_1_errors: 0 ; type_2_errors: 65403 ; hits: 0 ; ratio: 0
0.02954547713966662, 0.00916902026481974, -0.0059821869930233645, -0.021980973986243667, -0.0377146566300724, -0.057816980971129535, 0.0847803011759825
type_1_errors: 57 ; type_2_errors: 65403 ; hits: 0 ; ratio: 0.0
0.0743129630206797, -0.21836644218789325, -0.005062946608126311, 0.15935823619553685, -0.01553387173319965, 0.21919925412768243, -0.21390719281467974
type_1_errors: 0 ; type_2_errors: 65403 ; hits: 0 ; ratio: 0
-0.0010372046717972933, 0.0011992227875215918, 0.0014614912923571084, -0.002209803551054043, -0.0005032825825875077, 0.002017124742084449, -0.0009275480165243346
type_1_errors: 11456 ; type_2_errors: 65325 ; hits: 78 ; ratio: 0.006808659217877095
-0.0025994108136035026, -0.002669100101922823, 0.006876068824484945, 0.00828851659115276, 0.0007636136165649095, -0.02495508691329217, 0.014295398796616092
type_1_errors: 14185 ; type_2_errors: 64851 ; hits: 552 ; ratio: 0.03891434614028904
0.0034830401630165683, -0.0008846157302094145, -0.005056298393387239, 0.001605010258826289, 4.554943099572653e-05, -0.001156098391973695, 0.001963412662731762
type_1_errors: 12535 ; type_2_errors: 65369 ; hits: 34 ; ratio: 0.0027124052652572794
0.0044786183280994905, 0.0010222799332593776, -0.0017554301321261625, -0.007086215395616599, -0.002542868609973673, 0.0013829943004083046, 0.004500621575949383
type_1_errors: 11153 ; type_2_errors: 65303 ; hits: 100 ; ratio: 0.008966197435667534
-0.0038999056029869407, 0.005147743471871878, 0.003452723104165957, -0.00492634543004917, -0.003633384339074294, 0.005895628810194975, -0.0020364600141222515
type_1_errors: 14241 ; type_2_errors: 65345 ; hits: 58 ; ratio: 0.004072747700301945
0.1746100392452412, 0.02356418611715885, -0.1545435392608282, -0.3173380301811551, 0.1566309532962757, 0.09144517493698473, 0.025631215846322834
type_1_errors: 0 ; type_2_errors: 65403 ; hits: 0 ; ratio: 0
0.046954743709900076, -0.04503845837704386, -0.07057784865898735, 0.09013666187267283, 0.0030265957532612615, -0.05068795286277295, 0.026186258562970043
type_1_errors: 1 ; type_2_errors: 65403 ; hits: 0 ; ratio: 0.0
-0.0022040271623589036, 0.0026861524215892026, 0.0012574041606079193, -0.0021843347572274175, -0.0018439344453507775, 0.0050046573861593545, -0.002715917603419438
type_1_errors: 13688 ; type_2_errors: 65348 ; hits: 55 ; ratio: 0.004018118059614261
0.015379342548168728, 0.003770414844525452, -0.009415710138953204, -0.020501078641472718, -0.008784221099545192, 0.005606389167681094, 0.013944863319595647
type_1_errors: 13922 ; type_2_errors: 65295 ; hits: 108 ; ratio: 0.00775750610544462
0.06850933653326688, 0.028264107246191692, -0.014026861529888683, -0.05526740828321852, -0.09736563818593984, -0.13573560808946988, 0.20562207230905843
type_1_errors: 0 ; type_2_errors: 65402 ; hits: 1 ; ratio: inf
-7.219885269378462e-05, 5.3852849603263656e-05, -4.5144671256028494e-07, 6.3232965378091e-05, -7.753386800812839e-05, 0.00013110349487864006, -9.80051424455097e-05
type_1_errors: 17119 ; type_2_errors: 65245 ; hits: 158 ; ratio: 0.009229511069571822
-0.0007582674635299171, 0.0010853140171018603, 0.0003267956126702537, -0.00036004829199799, -0.0004313809196622267, -0.00024124103969250238, 0.00037882808511048333
type_1_errors: 10242 ; type_2_errors: 65329 ; hits: 74 ; ratio: 0.007225151337629369
-0.0013806668133827373, -0.00020901318325173914, 0.0008483038001432529, 0.0013879795603609067, 0.0019366474607585063, -0.0021013820066174867, -0.0004818688180106505
type_1_errors: 8491 ; type_2_errors: 65367 ; hits: 36 ; ratio: 0.004239783299964668
-2.3765032606766242e-05, -0.00012120565575911514, 0.00046078940384526655, -0.00017975909284279114, 0.00018365133492099698, -0.000922564532258525, 0.000602853574700926
type_1_errors: 17396 ; type_2_errors: 65324 ; hits: 79 ; ratio: 0.004541273856058864
-0.0012862233409622558, 0.0022657761534015265, 0.000986536477580569, -0.002145501441346282, -0.000602564019988576, 8.394573245962934e-05, 0.00069803043885539
type_1_errors: 12117 ; type_2_errors: 65328 ; hits: 75 ; ratio: 0.006189650903689032
2.93882338488148e-05, -0.0004638935446817621, -0.0005418136717384956, 0.0009152459262018158, -0.000460521467744084, 0.0024856981641524, -0.0019641036400387646
type_1_errors: 14699 ; type_2_errors: 65240 ; hits: 163 ; ratio: 0.011089189740798694
-0.009707123019236654, -0.0013273641595410654, 0.005170983300019575, 0.01284769792132639, 0.00285972059457757, -6.690924008718682e-05, -0.009777005397058584
type_1_errors: 16515 ; type_2_errors: 65347 ; hits: 56 ; ratio: 0.0033908567968513473
0.001585785139484393, -0.00378449287819205, -0.00244273372100942, 0.006350993166332591, 0.004086381956822424, -0.008047054974550962, 0.00225112131111306
type_1_errors: 15934 ; type_2_errors: 64751 ; hits: 652 ; ratio: 0.040918790008786246
0.006940718245401651, -0.002770160212492619, -0.0043643740827391765, -0.003925486733839975, 0.0007016041828511296, 3.723975682762399e-05, 0.0033804588439913853
type_1_errors: 13211 ; type_2_errors: 65365 ; hits: 38 ; ratio: 0.00287639088638256
-0.010868733048425805, 0.004375317745044498, 0.009338002243185277, 0.001521531650974944, 0.0016660348364510927, -0.0019128640332358303, -0.004119289393994195
type_1_errors: 11823 ; type_2_errors: 65305 ; hits: 98 ; ratio: 0.008288928359976317
-0.006530170711603498, -0.0063730274776196095, 0.006573217303443768, 0.013750648705019599, 0.0035227157618121898, -0.0035440851947391603, -0.007399298386313277
type_1_errors: 16249 ; type_2_errors: 65350 ; hits: 53 ; ratio: 0.0032617391839497817
-0.002651420913003204, 0.001752317286443282, 0.0036721466857256206, -0.004255005583159574, -0.0005537543877187529, 0.006330877827816797, -0.004295160916104093
type_1_errors: 12242 ; type_2_errors: 65307 ; hits: 96 ; ratio: 0.007841855905897728
-0.010599912552382827, 0.0026695784624614833, 0.005446814641576958, 0.00817281492806234, 0.005623336165068665, -0.007300792678642967, -0.004011838966143775
type_1_errors: 12766 ; type_2_errors: 65365 ; hits: 38 ; ratio: 0.0029766567444775185
-0.012538424686122856, 0.002139739738280109, 0.007609995018982253, 0.008701616524318322, 0.0017144886046399834, 0.004558042567172569, -0.012185457767270414
type_1_errors: 11988 ; type_2_errors: 65335 ; hits: 68 ; ratio: 0.005672339005672339
0.022525504512878308, -0.0010788521797307203, -0.019731983068755017, -0.016434128633694638, -0.006488869352191123, 0.011449290701869978, 0.009759038019623247
type_1_errors: 12998 ; type_2_errors: 65304 ; hits: 99 ; ratio: 0.0076165563932912754
-0.014301966558193085, -0.003318683374335151, 0.007228813660613282, 0.01766463256170913, 0.0066375002642640665, 0.00722106336472565, -0.021131359918783895
type_1_errors: 11436 ; type_2_errors: 65342 ; hits: 61 ; ratio: 0.005334032878628891
0.020462128771286985, -0.03601092543528033, -0.017411388956432933, 0.030920028369736625, 0.013132720728245447, 0.007901883808710626, -0.018994447286266435
type_1_errors: 4205 ; type_2_errors: 65377 ; hits: 26 ; ratio: 0.006183115338882283
-0.017886323913031542, 0.008525546769648645, 0.01101955629463321, -0.0006309502633189302, -0.003034197108366047, 0.02857322945810196, -0.026566861237667362
type_1_errors: 10971 ; type_2_errors: 65324 ; hits: 79 ; ratio: 0.007200802114665937
-0.23973490511234533, 0.21964753433305076, 0.05847737860240519, 0.05015592734797984, -0.005363553984871751, -0.033478429474998385, -0.04970395171122019
type_1_errors: 0 ; type_2_errors: 65403 ; hits: 0 ; ratio: 0
1.1522958198254991e-17, -1.0753718540103784e-17, 1.655462367937486e-17, 3.6755400986739084e-17, -1.3951524254907016e-19, 2.7000657501388518e-17, -7.534090581738394e-18
type_1_errors: 15860 ; type_2_errors: 65278 ; hits: 125 ; ratio: 0.007881462799495587
-0.0012579922011050032, 0.0005117360905503331, 0.0012991230120400557, 0.0003142061660037082, -0.00017170281151111097, -0.000806432169270845, 0.00011106191329283597
type_1_errors: 11461 ; type_2_errors: 65373 ; hits: 30 ; ratio: 0.0026175726376406945
0.00450126711149256, 0.00023369464938762183, -0.003193918328197118, -0.002851565233362789, -0.00137385352970477, -0.004097999843607498, 0.006782375173991872
type_1_errors: 12883 ; type_2_errors: 65365 ; hits: 38 ; ratio: 0.0029496235348909416
0.0009944873056283406, -0.0031634221914833612, 0.0003698871229317094, 0.0026777273943960913, 0.0012198670960192031, -0.0021022777433065028, 3.7310158146033377e-06
type_1_errors: 14843 ; type_2_errors: 64751 ; hits: 652 ; ratio: 0.043926429966987805
0.004282398048036251, 0.001400751293701048, -0.0009113327675497764, -0.003500986958835231, -0.005003190333811874, -0.008543472142393984, 0.012275832860853647
type_1_errors: 9440 ; type_2_errors: 65390 ; hits: 13 ; ratio: 0.0013771186440677966
-0.003006936909446412, 0.0012901285949070199, 0.001682349951381669, 0.0013264898818202062, 0.0017225161030931908, -0.0025629231750302103, -0.0004516244467254409
type_1_errors: 17854 ; type_2_errors: 65322 ; hits: 81 ; ratio: 0.004536798476531869
-7.432425248163197e-05, 0.002417521675498999, 0.0023728639936094658, -0.005596261517147021, -0.001650843115518677, -0.001042648054564689, 0.003573691270603551
type_1_errors: 12973 ; type_2_errors: 65322 ; hits: 81 ; ratio: 0.006243736992214599
0.0086106257798811, 0.0004876835895725597, -0.003208065194840582, -0.01204319087834455, -0.0035552235240008754, 0.001970107835247969, 0.007738062392484274
type_1_errors: 12411 ; type_2_errors: 65298 ; hits: 105 ; ratio: 0.008460236886632826
-0.0010333610670565853, 0.00031911744208780484, -0.0013097788881209537, 0.00101509592372331, 0.0006402750758432291, 0.005517856821527933, -0.005149205308004732
type_1_errors: 17811 ; type_2_errors: 65238 ; hits: 165 ; ratio: 0.009263938015832912
-0.0029608692500436348, -0.010560226933377657, 0.0014933167226104484, 0.020619564350853062, 0.0003477994975915274, 0.0020387912289658154, -0.010978375616599659
type_1_errors: 17665 ; type_2_errors: 65267 ; hits: 136 ; ratio: 0.007698839513161619
0.00889626030294373, -0.003656080388504302, -0.0017016150848589093, -0.0025349044766147842, -0.004693301573030806, -0.011299382959799343, 0.014989024179864406
type_1_errors: 10362 ; type_2_errors: 65314 ; hits: 89 ; ratio: 0.008589075468056359
0.023295568072603058, 0.010019828675073008, -0.005910944802470128, -0.01842123377578254, -0.03268402808244658, -0.04559701510886213, 0.06929782502188535
type_1_errors: 146 ; type_2_errors: 65403 ; hits: 0 ; ratio: 0.0
0.017951719004258362, 0.00389562467807708, -0.007989476401501114, -0.020050239140146208, -0.01464294952689837, -0.005793915335696097, 0.026629236721906244
type_1_errors: 13103 ; type_2_errors: 65313 ; hits: 90 ; ratio: 0.006868656032969549
0.00018583836512334924, -0.0005018688797332938, 0.004574693251911443, 0.009354496238154755, -0.004629748507422187, -0.03570845049933911, 0.02672504003130513
type_1_errors: 7746 ; type_2_errors: 65178 ; hits: 225 ; ratio: 0.029047250193648334
-0.049625156855752174, -0.011017982438365504, 0.026077284620451592, 0.052777875779716994, 0.07587647262423636, -0.06155485774308948, -0.03253363598719781
type_1_errors: 30 ; type_2_errors: 65402 ; hits: 1 ; ratio: 0.03333333333333333
-0.05244153611544393, -0.021309704769688714, 0.04879521356625396, 0.07378549720602942, 0.010242505057464782, -0.015824615456926396, -0.043247359487689076
type_1_errors: 228 ; type_2_errors: 65400 ; hits: 3 ; ratio: 0.013157894736842105
0.05880671201369296, -0.0743750850352104, -0.015412916834816258, 0.13115849749944652, -0.016477799407273452, -0.27983307325063356, 0.19613366501479418
type_1_errors: 0 ; type_2_errors: 65403 ; hits: 0 ; ratio: 0
-8.26812908428682e-05, -7.907809528172948e-05, 7.054903253030609e-05, 0.00015957772050680352, 9.745040794250775e-05, -6.435188606083775e-05, -0.00010146588879419631
type_1_errors: 11854 ; type_2_errors: 65362 ; hits: 41 ; ratio: 0.0034587481019065294
-0.00015501062401639053, -0.00034888271404989946, 0.00021420849261368858, 0.0005417492385950158, 0.00013039873155161767, -6.84018349951994e-05, -0.0003140612896988356
type_1_errors: 11214 ; type_2_errors: 65344 ; hits: 59 ; ratio: 0.005261280542179419
-0.0017052764732514497, -0.0010632733273241034, 0.0009166289520820508, 0.0029670709298007325, 0.0017047933569357613, -0.0004292898354725978, -0.0023906536027703527
type_1_errors: 13132 ; type_2_errors: 65357 ; hits: 46 ; ratio: 0.0035028936947913494
-6.337713146147276e-05, -0.0006174317425607033, 0.00022567934515135574, -5.004622241019827e-05, 0.00046461049392383235, 0.001785621800349915, -0.0017450565429927086
type_1_errors: 20618 ; type_2_errors: 65236 ; hits: 167 ; ratio: 0.008099718692404695
-0.00036198190539602306, -0.0008334885052733763, -0.001108600716643661, 0.0027259236238505145, 0.0011883705550776542, 0.000219224843610788, -0.0018294478952259013
type_1_errors: 10987 ; type_2_errors: 65352 ; hits: 51 ; ratio: 0.004641849458450896
-0.000840450253546336, -0.0006534056131017626, 0.001365168816960997, -4.450890423504962e-05, 0.0002660192955009138, 0.002450542440645945, -0.002543365782224777
type_1_errors: 11387 ; type_2_errors: 65324 ; hits: 79 ; ratio: 0.006937736014753666
0.013666285874798508, -0.009133400778716192, -0.010774077123710805, 0.0006718212050431281, 0.0009805056124530167, 0.002789122299597573, 0.0017997429105347294
type_1_errors: 13080 ; type_2_errors: 65309 ; hits: 94 ; ratio: 0.007186544342507645
-0.002853263988669245, 0.006123529809725844, 0.002296285103856191, -0.006626598575130855, -0.002395834860318103, 0.0019882599139899584, 0.0014676225965461153
type_1_errors: 14168 ; type_2_errors: 65346 ; hits: 57 ; ratio: 0.004023150762281197
-0.001809849503798859, -0.007279909946316574, 0.002311139432458114, 0.00948882996143146, 0.0042335027561299825, 0.0010805936279892642, -0.008024306327893386
type_1_errors: 14019 ; type_2_errors: 65329 ; hits: 74 ; ratio: 0.005278550538554819
0.0024874843173044283, 0.002096070939979317, -0.001203814623740122, -0.007760300779323483, -0.0011771383639731221, 0.005045176957154326, 0.0005125215525987611
type_1_errors: 11121 ; type_2_errors: 65333 ; hits: 70 ; ratio: 0.006294397985792645
0.017673205477589406, -0.00035625619506570046, -0.01036768191927846, -0.01629851353496929, -0.01013700966066397, 0.006382335713141674, 0.013103920119246342
type_1_errors: 13548 ; type_2_errors: 65300 ; hits: 103 ; ratio: 0.007602598169471508
0.010324007112685937, -0.0005083273519221833, -0.006440274639911682, -0.010801917136329739, -0.001368780720266968, 0.0015020054926650121, 0.007293287243079572
type_1_errors: 12297 ; type_2_errors: 65298 ; hits: 105 ; ratio: 0.008538667967797023
-0.018487902313023327, -0.010528621501594806, -9.140356302493602e-05, 0.05126997051906444, 0.006876713499850275, -0.0036272029186807477, -0.025411553722591056
type_1_errors: 10473 ; type_2_errors: 65375 ; hits: 28 ; ratio: 0.0026735414876348706
0.013864233525745688, 0.0043739952953348775, -0.0021926421022157674, -0.02122762305333636, -0.008860352532539592, -0.01488123499719802, 0.028923623864208898
type_1_errors: 10115 ; type_2_errors: 65366 ; hits: 37 ; ratio: 0.00365793376173999
0.023184011860161932, 0.004957302364910497, -0.01441105060998473, -0.031154473131406773, -0.007528852584187439, 0.0022747440170099876, 0.022678318083496515
type_1_errors: 13307 ; type_2_errors: 65314 ; hits: 89 ; ratio: 0.006688209213196062
-0.02267386565785397, 0.0013101403242424892, 0.008900018214335833, 0.027235345342401455, 0.01377103107251048, -0.01535567870365724, -0.013186990591979038
type_1_errors: 12120 ; type_2_errors: 65372 ; hits: 31 ; ratio: 0.0025577557755775576
-0.001732374950497495, 0.006701008643928074, 0.009452811419405086, -0.016414357685445264, 0.0012256203299938222, -0.014130206797927754, 0.01489749904054347
type_1_errors: 16372 ; type_2_errors: 65316 ; hits: 87 ; ratio: 0.0053139506474468605
0.02824007426654808, -0.011242032722260101, -0.022720701460631234, -0.0103717679121569, -0.006371388981936178, 0.021510605554879863, 0.0009552112555564529
type_1_errors: 12437 ; type_2_errors: 65305 ; hits: 98 ; ratio: 0.007879713757336978
-0.02197100874854724, -0.005950131798294869, 0.017171199024259103, 0.027786452240208617, 0.009227547360392916, -0.008922536055690405, -0.017341522022328155
type_1_errors: 17094 ; type_2_errors: 65347 ; hits: 56 ; ratio: 0.003276003276003276
0.038941779889668564, 0.01742650545192876, -0.009874396080606685, -0.032252962499258395, -0.055002742284628585, -0.07452125020819624, 0.11528306573109257
type_1_errors: 15 ; type_2_errors: 65403 ; hits: 0 ; ratio: 0.0
-0.018462856295616035, 0.01614881130810454, 0.01751554094439031, -0.01249490745424556, -0.007231332484610563, 0.01191830478757032, -0.007393560805592931
type_1_errors: 10921 ; type_2_errors: 65287 ; hits: 116 ; ratio: 0.010621737936086438
0.04676260744475094, -0.011022187274801983, -0.02318957734333682, -0.020085770306124625, -0.020610734625283473, -0.03122761875220822, 0.059373280857004024
type_1_errors: 107 ; type_2_errors: 65403 ; hits: 0 ; ratio: 0.0
0.10617966651008068, -0.022391743558013003, -0.012972408860122757, -0.12198185788951386, -0.05703663891150822, 0.006789205661629803, 0.10141377704744736
type_1_errors: 0 ; type_2_errors: 65403 ; hits: 0 ; ratio: 0
0.15709333555753288, 0.03117964174277996, -0.10879767231207017, -0.1514424560144069, -0.13109730477684714, 0.05325444478609853, 0.14981001101691288
type_1_errors: 0 ; type_2_errors: 65403 ; hits: 0 ; ratio: 0
-3.261586478120867e-06, -3.5117303936537804e-07, 1.7342855597979792e-06, 3.3370845125901473e-06, 1.8223538794111847e-06, 7.322805296500074e-07, -4.013244964011987e-06
type_1_errors: 11755 ; type_2_errors: 65362 ; hits: 41 ; ratio: 0.003487877498936623
-7.77259337243079e-06, -1.2414586765011237e-05, 1.2120052145445227e-05, 3.9839188591613574e-05, -1.7707224311254543e-05, -2.3874831674476092e-05, 9.809995386112395e-06
type_1_errors: 13853 ; type_2_errors: 64766 ; hits: 637 ; ratio: 0.04598281960586155
-8.459958353571326e-05, 4.3676617624230696e-05, 3.0146686131899004e-05, 3.0093354113301837e-05, 4.008839978404777e-05, -1.8291933424704777e-06, -5.7576280775295455e-05
type_1_errors: 10968 ; type_2_errors: 65338 ; hits: 65 ; ratio: 0.005926331145149526
0.0013228067084495563, 0.0008101530218853188, -0.001470390970709604, -0.002207617646467183, 0.0007221070312840178, -0.0009274026004519924, 0.0017503444560098918
type_1_errors: 11315 ; type_2_errors: 65364 ; hits: 39 ; ratio: 0.00344675209898365
0.000613463917965181, 0.0001781910006521018, -0.0003263480608764105, -0.0008381660484140846, -0.0003698785116935734, -1.2091098916708258e-05, 0.0007548288012834479
type_1_errors: 9357 ; type_2_errors: 65313 ; hits: 90 ; ratio: 0.009618467457518435
-0.0014800923259758033, 0.0010019608444086863, 0.0016184187928344452, -0.0003080092609414488, -0.0005122171223493512, -0.0006544634100034234, 0.00033440248202686837
type_1_errors: 11479 ; type_2_errors: 65373 ; hits: 30 ; ratio: 0.002613468072131719
-0.000901294850884794, 0.0007907132354888335, 0.0016190451187842584, -0.0011594668207553032, -0.0012474007888588629, 0.0009512244927110734, -5.28203864852528e-05
type_1_errors: 14438 ; type_2_errors: 65316 ; hits: 87 ; ratio: 0.006025765341460036
0.0012129480606608777, -0.0015181775367320157, -0.0011597551298869382, 0.001051152994689541, -0.00013742107229940364, 0.0020736029997727697, -0.0015223503162048245
type_1_errors: 16585 ; type_2_errors: 65273 ; hits: 130 ; ratio: 0.007838408200180886
0.01433809279732149, 0.007006281384178558, -0.010854306365556309, -0.027752280199383805, -0.0017636370153976317, 0.0091413763863508, 0.009884473012487113
type_1_errors: 13290 ; type_2_errors: 65304 ; hits: 99 ; ratio: 0.0074492099322799096
0.0011655373024142836, -0.002905802804603949, -0.00014029095314067853, 0.003361340527198598, -0.0002052631937292388, -0.0015765411730405082, 0.0003010202949015111
type_1_errors: 14820 ; type_2_errors: 64751 ; hits: 652 ; ratio: 0.04399460188933873
-0.003115526982028454, 0.0015841734622332865, 0.0017733776029759986, 0.0012707032702208938, 0.00044428427391835504, -0.0010218941893994362, -0.0009351174379207585
type_1_errors: 11790 ; type_2_errors: 65372 ; hits: 31 ; ratio: 0.0026293469041560645
0.005705783537833402, -0.005946667359218529, -0.004882786126235346, 0.006488691083958579, -0.0024972800935457104, 0.0005582670092493112, 0.0005739919479582893
type_1_errors: 12599 ; type_2_errors: 65040 ; hits: 363 ; ratio: 0.02881181046114771
-0.005188042076329703, -0.0015391753712263876, 0.003194240835600784, 0.007621456865682237, 0.002245100690854842, -0.001307406007048825, -0.005026174937532778
type_1_errors: 14911 ; type_2_errors: 65353 ; hits: 50 ; ratio: 0.0033532291596807726
-0.00031532460912762233, -0.0042672936714303975, 0.0018989072741256844, 0.002416069602902055, 0.0023471173780420062, 0.003690343350624341, -0.005769819325136227
type_1_errors: 17121 ; type_2_errors: 65269 ; hits: 134 ; ratio: 0.007826645639857485
0.003223545438093567, -0.0015908655954450554, -0.004174550044896917, -0.0002774385450748604, 0.0007567174159268204, 0.004630136331622668, -0.0025675450002261586
type_1_errors: 12503 ; type_2_errors: 65307 ; hits: 96 ; ratio: 0.007678157242261857
-0.003258698176238955, -0.004352288997677462, 0.004609553766928552, 0.006179864027999771, 0.002636038106058704, -0.0009362493180098816, -0.004878219409060741
type_1_errors: 13060 ; type_2_errors: 65333 ; hits: 70 ; ratio: 0.005359877488514548
0.00395357277148423, -0.001206855506631482, -0.003373877298081582, -0.0006922272527190047, -0.0002556971702690861, -0.0016035738047268226, 0.003178658260943625
type_1_errors: 12829 ; type_2_errors: 65365 ; hits: 38 ; ratio: 0.0029620391300958764
-0.0005080605080082626, 0.0074138488157734364, -0.0013294320062577946, -0.008612498898892615, -0.003957144455859465, 0.005048632602609806, 0.0019446544506346993
type_1_errors: 14608 ; type_2_errors: 65344 ; hits: 59 ; ratio: 0.004038882803943045
0.0047451602876212445, -0.0007497335464100271, -0.0029793454130772586, -0.004221203340373361, -0.001479418613909282, 0.002817534907570416, 0.0018670057185782949
type_1_errors: 10802 ; type_2_errors: 65334 ; hits: 69 ; ratio: 0.006387705980374005
0.004472107527217145, -0.0050899431972557165, -0.0029825289645576507, 0.003746738959115912, -0.0006238657714652757, 0.0005547013467895229, -7.720989984381253e-05
type_1_errors: 16954 ; type_2_errors: 65269 ; hits: 134 ; ratio: 0.007903739530494279
0.004968730079844306, -0.0005821070266731431, -0.0024116301695296977, -0.005616618388956633, -0.00041062188835920695, 0.00041577427600728777, 0.0036364731176671983
type_1_errors: 10807 ; type_2_errors: 65305 ; hits: 98 ; ratio: 0.009068196539280097
0.0066577401061347075, 0.005665068966790545, -0.005717561427624113, -0.013672228987480505, -0.004736600016446311, 0.0050883472350695515, 0.006715234123556111
type_1_errors: 12482 ; type_2_errors: 65299 ; hits: 104 ; ratio: 0.008331998077231213
-0.006968615040250117, -0.003604185885603493, 0.007788972903604652, 0.008680136555971536, 0.0027705414531871936, -0.0029047645191896602, -0.005762085467720203
type_1_errors: 15539 ; type_2_errors: 65351 ; hits: 52 ; ratio: 0.003346418688461291
-0.0011655682639904097, -0.0058498657448327815, -0.0014589620114080267, 0.012216138661302502, 0.0014950359173752056, 0.0024400985350806572, -0.007676877093527118
type_1_errors: 17916 ; type_2_errors: 65264 ; hits: 139 ; ratio: 0.007758428220584952
0.0026098073333059814, -0.0010861732066527582, -0.005506426130472801, 0.001622231111291478, -0.0001157178749643439, 0.007162468971373924, -0.004686190203881298
type_1_errors: 15590 ; type_2_errors: 65225 ; hits: 178 ; ratio: 0.01141757536882617