
0.0009268185291084531, 0.00013737285087275398, 4.741890584960775e-05, -0.0009456610558576466, -0.0011360350236166545, -0.0013283978376066766, 0.002298483631250163
type_1_errors: 8979 ; type_2_errors: 65391 ; hits: 12 ; ratio: 0.0013364517206815904
-0.030403509519541638, -0.06914205492453371, 0.09931718725852243, 0.04456761420253652, 0.00593348279668175, -0.014707225495144938, -0.03556549431852057
type_1_errors: 17 ; type_2_errors: 65403 ; hits: 0 ; ratio: 0.0
-0.003714985641459526, -0.0002677648967352681, 0.0037949538729334454, 0.0026314948246055703, 0.0010290370624843634, -0.0015036357580858778, -0.0019690994637427627
type_1_errors: 10955 ; type_2_errors: 65356 ; hits: 47 ; ratio: 0.004290278411684162
0.0004458109235231141, 0.00045233386184860997, -0.0007697225002345382, -0.00028204275348486335, -0.0007385800331863649, 0.00046564347738370685, 0.00042655702415032377
type_1_errors: 17163 ; type_2_errors: 65241 ; hits: 162 ; ratio: 0.009438909281594127
-0.012909230439368695, 0.00885795109340508, 0.0026102768836488784, 0.0019325059494235157, 0.008377834233807979, 0.0001713333187047315, -0.009040671039621508
type_1_errors: 12383 ; type_2_errors: 65328 ; hits: 75 ; ratio: 0.006056690624242913
0.017419201839808676, 0.017408560197799627, -0.011602707926343455, -0.026556847830607248, -0.033812777071101426, 0.0021489173115479088, 0.034995653478895834
type_1_errors: 5312 ; type_2_errors: 65349 ; hits: 54 ; ratio: 0.01016566265060241
-0.24820054452696383, 0.17695035110785093, 0.14402692737525175, -0.07315192970972596, 0.10646611921605989, 0.03486735281857932, -0.14095827628105204
type_1_errors: 0 ; type_2_errors: 65403 ; hits: 0 ; ratio: 0
-0.006084313477045107, -0.002102935229660626, 0.002695761563417802, 0.004648721577624235, 0.011989855956817763, -0.0016883658896056782, -0.009458724501548397
type_1_errors: 12015 ; type_2_errors: 65357 ; hits: 46 ; ratio: 0.0038285476487723677
0.0002773508616993415, -9.892881964599448e-05, -2.315501523466296e-06, 0.00016320092988666673, -0.0007840541227579082, -8.169361001629836e-05, 0.000526440262357691
type_1_errors: 11270 ; type_2_errors: 65052 ; hits: 351 ; ratio: 0.03114463176574978
0.004050275788940328, -0.004436693189224218, -0.0035696576512997714, 0.0052243166481949, -0.002501503013882685, 0.0014904979008589173, -0.0002572364835874656
type_1_errors: 17155 ; type_2_errors: 65268 ; hits: 135 ; ratio: 0.007869425823375109
-0.0034808113387449317, 0.0017517397653307749, 0.0018263548715511209, 0.0005315469258387524, 0.002104027560025447, -0.00098194617795592, -0.0017509116060452463
type_1_errors: 10643 ; type_2_errors: 65312 ; hits: 91 ; ratio: 0.008550220802405337
-0.03529595120531182, 0.003107961963881417, 0.04827925640525707, 0.054736221733461064, -0.0705989552670302, -0.019891882874887416, 0.019663349244629792
type_1_errors: 74 ; type_2_errors: 65403 ; hits: 0 ; ratio: 0.0
0.0036234470757443415, -0.0019792388853892354, -0.001700797053594726, 0.0002477915570187222, -0.0020608886528204907, -0.0016628971785561562, 0.0035325831375975446
type_1_errors: 12079 ; type_2_errors: 65047 ; hits: 356 ; ratio: 0.029472638463448962
-0.002273314870580487, -0.00868038636642265, 0.00653393015701408, 0.006635783986850564, 0.0060987339708168916, -0.001198719474645444, -0.007116027403032938
type_1_errors: 13732 ; type_2_errors: 65331 ; hits: 72 ; ratio: 0.0052432274978153216
-0.0084259250893806, 0.010245646549868575, -0.00587855320277533, -0.0020630673921851832, 0.015133851233839047, -0.0012369696930801526, -0.00777498240628624
type_1_errors: 18568 ; type_2_errors: 65307 ; hits: 96 ; ratio: 0.005170185264971995
0.0028023684845077178, -0.0023150531859436265, 0.026465278702225085, -0.009520957168640886, -0.03888786292067768, -0.004761462438950448, 0.026217688527479875
type_1_errors: 10481 ; type_2_errors: 65362 ; hits: 41 ; ratio: 0.003911840473237287
-0.05044079411862078, -0.1253035206225277, 0.15951831749538053, 0.08372810071676025, 0.030281825496426034, -0.020658855300292416, -0.07712507366712598
type_1_errors: 0 ; type_2_errors: 65403 ; hits: 0 ; ratio: 0
-0.0061548824566191405, -0.0011755591049286342, 0.010388455680071258, 0.0025393754269039193, -0.00029405960347979164, -0.005776739529679328, 0.00047340958773167246
type_1_errors: 13873 ; type_2_errors: 65370 ; hits: 33 ; ratio: 0.002378721257118143
-0.00655849972203448, -0.00701058622839292, 0.013029259363418077, 0.0076336113864055085, 0.002844103794288037, -0.006302149727293388, -0.003635738866390818
type_1_errors: 11174 ; type_2_errors: 65310 ; hits: 93 ; ratio: 0.008322892428852693
0.013432581557805011, 0.0043330098814998675, -0.004769187953142273, -0.013329121144499327, -0.020092147268511884, -0.0030121289712385607, 0.023436993898087174
type_1_errors: 10864 ; type_2_errors: 65297 ; hits: 106 ; ratio: 0.00975699558173785
0.006572261876777891, -0.01485278941780116, -0.004963120180465544, 0.009040166375925638, 0.013928918500636756, -0.00029547957885008654, -0.009429957576223575
type_1_errors: 15281 ; type_2_errors: 65341 ; hits: 62 ; ratio: 0.004057326091224396
0.004119348866523352, -0.015455450538491108, 0.002126903574134178, 0.008189946321185656, 0.00904922177493198, 0.0013852626833576822, -0.009415232681641792
type_1_errors: 15005 ; type_2_errors: 65342 ; hits: 61 ; ratio: 0.004065311562812396
0.000730951264261249, 0.00017978639639141785, 0.00026362232259446793, -0.0007781376109907382, -0.0021089137758874173, 0.00021311152684453505, 0.0014995798767864664
type_1_errors: 14945 ; type_2_errors: 65316 ; hits: 87 ; ratio: 0.005821344931415189
-0.007331194912626626, -0.0007937207523916925, 0.007158370907489333, 0.004380039255459125, 0.004144030310711737, -0.0021058887800400874, -0.00545163602860183
type_1_errors: 12098 ; type_2_errors: 65353 ; hits: 50 ; ratio: 0.004132914531327492
-0.002355773018337417, -0.003003883060499931, 0.0027390513508786163, 0.0030319356477316356, 0.004563980454372757, -2.5919842930531253e-05, -0.004949391531215066
type_1_errors: 13493 ; type_2_errors: 65350 ; hits: 53 ; ratio: 0.003927962647298599
-0.008183092401437574, -0.0034507694248735944, 0.010368118637508179, 0.004212786509325904, 0.00712616711975388, -0.0020107667845246737, -0.008062443655752125
type_1_errors: 12886 ; type_2_errors: 65301 ; hits: 102 ; ratio: 0.0079155672823219
0.00464689212711492, -0.004965782165201047, 0.0045247724865639105, 0.001768811671277725, -0.011122682720451216, -0.004212601455870726, 0.00936059005656642
type_1_errors: 17776 ; type_2_errors: 65307 ; hits: 96 ; ratio: 0.0054005400540054005
0.010142663310545563, -0.013207990242938353, -0.009436716505073314, 0.0015824168260497602, 0.01621993619561785, 0.0057437145023270094, -0.0110440240865284
type_1_errors: 14868 ; type_2_errors: 65339 ; hits: 64 ; ratio: 0.004304546677428033
-0.05000527587138995, -0.021404155278155874, 0.009421449236221771, 0.0437098508877742, 0.07613208444650724, 0.08597291311789508, -0.14382686653885243
type_1_errors: 2 ; type_2_errors: 65403 ; hits: 0 ; ratio: 0.0
0.0005960359378893705, -0.001050885963344282, -0.000937332181980354, 0.0006498227624316847, 0.0015319671603523856, 0.00041414030930687933, -0.0012037480246556505
type_1_errors: 12687 ; type_2_errors: 65351 ; hits: 52 ; ratio: 0.004098683691968156
-0.001295930301716366, -0.0007266032058099896, -5.618320354745818e-05, 0.0007931652811113048, 0.004149619222716903, 0.0009545963647703449, -0.0038186641575247053
type_1_errors: 9813 ; type_2_errors: 65359 ; hits: 44 ; ratio: 0.00448384795679201
-0.003056332559232354, 0.002426369603454223, 0.003182090607857519, -0.0007920320620801174, -0.0013668083211249213, -0.00141250226481691, 0.0010192149959425503
type_1_errors: 11929 ; type_2_errors: 65372 ; hits: 31 ; ratio: 0.0025987090284181405
-0.00224607061058303, 0.0004923478009606931, 0.0028156587449669765, 0.001231419916759556, -0.0012698081596097682, -0.0014025937522322862, 0.00037904605973787715
type_1_errors: 11965 ; type_2_errors: 65372 ; hits: 31 ; ratio: 0.002590890096113665
0.004051894906099885, 0.0003124103058303655, -0.00578537076383126, -0.0021103902191926364, 0.0013512362301405369, 0.0008967602868703373, 0.0012834592540826282
type_1_errors: 13077 ; type_2_errors: 65365 ; hits: 38 ; ratio: 0.00290586525961612
-0.005484749556332069, 0.0006232268760963291, 0.006256892770955927, 0.002433050205744012, 9.285291405234514e-05, -0.0027200645716495874, -0.0012012086388669256
type_1_errors: 12967 ; type_2_errors: 65371 ; hits: 32 ; ratio: 0.002467802884244621
-0.0032003855030184976, 0.0077120491985257595, 0.0005806827192594427, -0.006423137904622926, -0.00336925224813005, 0.00432725435857334, 0.00037278937941293553
type_1_errors: 14529 ; type_2_errors: 65346 ; hits: 57 ; ratio: 0.0039231881065455295
-0.000472353385805864, 0.005270751091273498, -0.0010303880601358068, -0.005130746062713009, -0.0030050731398945573, 0.00200430156693867, 0.0023635079903369426
type_1_errors: 13249 ; type_2_errors: 65316 ; hits: 87 ; ratio: 0.00656653332326968
-0.001270889350130246, 0.0037399207544412615, 0.0012781872902791855, -0.0007789309399507073, -0.0062980536024625665, -0.0012541168077644757, 0.004583882655587504
type_1_errors: 11631 ; type_2_errors: 65326 ; hits: 77 ; ratio: 0.006620239016421632
-0.008493369003180035, 0.0020565668235978446, 0.007643195323557764, 0.00230597005663919, 0.0008233238250196598, 0.0015400407869031922, -0.005875727812537571
type_1_errors: 16266 ; type_2_errors: 65306 ; hits: 97 ; ratio: 0.005963359154063691
-0.0022461495613640262, -0.017144179530727298, 0.01073558887596389, 0.009738668596188887, 0.015188513810600374, -0.0033375938918020357, -0.012934848298859738
type_1_errors: 16000 ; type_2_errors: 65306 ; hits: 97 ; ratio: 0.0060625
0.012266411201992906, -0.0033288250980532167, -0.011915078109923712, -0.0036676904842136483, -0.0008949895011524642, 0.0034990211729491877, 0.004041150818400907
type_1_errors: 11191 ; type_2_errors: 65276 ; hits: 127 ; ratio: 0.01134840496827808
-0.01039798499334137, 0.009494086951891375, 0.014737935559046714, -0.007368431162225827, -0.013769529731454708, 0.005610085913991658, 0.0016938374620922374
type_1_errors: 16129 ; type_2_errors: 65302 ; hits: 101 ; ratio: 0.006262012524025048
0.06602385549708208, -0.08649847313897993, -0.21910054988068559, 0.2254520868863879, 0.11512590367496105, 0.006143364226062836, -0.10714618726482839
type_1_errors: 0 ; type_2_errors: 65403 ; hits: 0 ; ratio: 0
-0.00015696671728378356, 1.1388529246901719e-05, 0.00020056084401568546, 2.9563583257408806e-05, 4.430243009702077e-06, -1.4936954386182321e-05, -7.403952785973323e-05
type_1_errors: 9654 ; type_2_errors: 65358 ; hits: 45 ; ratio: 0.0046612802983219395
-0.001229208753950549, -0.00031593550650196563, 0.00010526770086931565, 0.0013872357225211077, 0.0017733358814176208, 0.0008254803223373116, -0.0025461753666928344
type_1_errors: 9369 ; type_2_errors: 65360 ; hits: 43 ; ratio: 0.0045896040132351375
0.0009173290067312813, 0.0010118703850059058, -0.001880072433781409, -0.0005757882805553201, -0.0011796115549057814, 0.001043551721186044, 0.0006627211563193145
type_1_errors: 17234 ; type_2_errors: 65239 ; hits: 164 ; ratio: 0.009516072879192294
0.009595005577647732, 0.00964394538404992, -0.013757576210561695, -0.017740563949339885, -0.0012569702272148637, 0.004976176758560195, 0.008539982666858629
type_1_errors: 13968 ; type_2_errors: 65312 ; hits: 91 ; ratio: 0.006514891179839634
-0.0002383726546317166, -0.0005098900528023682, -0.00028318958352471763, 0.0007623922148991573, 0.0012171554964209047, 0.00039095688836177995, -0.0013390523087230236
type_1_errors: 12557 ; type_2_errors: 65351 ; hits: 52 ; ratio: 0.0041411165087202354
-0.00476541357759014, 0.0025722353847789426, 0.0028986778948363805, 0.0020979557429746418, -6.162541183309815e-05, -0.002034023442957077, -0.000707806590209624
type_1_errors: 12316 ; type_2_errors: 65372 ; hits: 31 ; ratio: 0.0025170509905813577
-0.00022082883596270735, 0.003409537425785426, 0.0006703040791087627, -0.0023897961048636447, -0.005285767167612818, -0.0006630077797692464, 0.0044795583833142725
type_1_errors: 11489 ; type_2_errors: 65326 ; hits: 77 ; ratio: 0.006702062842719123
-0.00012661178119287864, 0.002262195136114105, 0.002594019068717921, -0.002618724342715497, -0.006766059629842607, 0.00046091101954694224, 0.004194270529372081
type_1_errors: 11479 ; type_2_errors: 65348 ; hits: 55 ; ratio: 0.004791358132241484
-0.00452181754003266, -0.005971063388536465, 0.006880770557229153, 0.007284256752425304, 0.005443081781725005, -0.0032757938667644045, -0.005839434296045989
type_1_errors: 13440 ; type_2_errors: 65333 ; hits: 70 ; ratio: 0.005208333333333333
0.006888879782377877, -0.007396206339119343, -0.0054511958909893065, 0.006799797847126301, -0.002062988444792212, 0.0011791199134921465, 4.259313190451083e-05
type_1_errors: 17266 ; type_2_errors: 65265 ; hits: 138 ; ratio: 0.007992586586354685
-0.0006205098416705203, 0.005839272682718769, -0.0005418428405485622, -0.006477398884230471, -0.003657091081969729, 0.0034404458152541735, 0.0020171241504462743
type_1_errors: 14220 ; type_2_errors: 65347 ; hits: 56 ; ratio: 0.003938115330520394
-0.00034420979880587116, -0.006853357578444969, 0.0057211306707876455, 0.0033997897738497454, 0.0022512021724239426, -0.0012542496644877394, -0.0029203055753227983
type_1_errors: 11572 ; type_2_errors: 65348 ; hits: 55 ; ratio: 0.004752851711026616
-0.005409375058458346, -0.005627814732655739, 0.00812064676428605, 0.004928324740152923, 0.0069680075399643025, -0.0006082523435031977, -0.00837153690978614
type_1_errors: 16774 ; type_2_errors: 65314 ; hits: 89 ; ratio: 0.0053058304518898295
-0.006609573478687889, 0.009883158060137655, -0.004177900627032722, -0.0023929787424393453, 0.006063601847286388, 0.002004985612314967, -0.004771292671579129
type_1_errors: 17478 ; type_2_errors: 65311 ; hits: 92 ; ratio: 0.005263760155624213
0.0005385260195512302, 0.022382276784498684, -0.0028475074677346396, -0.012197563700950374, -0.02573176688114173, -0.015696285303727412, 0.033552320549504355
type_1_errors: 8946 ; type_2_errors: 65342 ; hits: 61 ; ratio: 0.006818689917281466
-0.01587858587150081, -0.004591725020438462, 0.016148245453520678, 0.008274442953319396, 0.014692753780885727, -0.0005716779046152365, -0.018073453391171324
type_1_errors: 13561 ; type_2_errors: 65295 ; hits: 108 ; ratio: 0.007964014453211415
0.0039002568036863527, -0.001531932462631665, 0.007481451954959364, -0.0031734179631340113, -0.017965229552956825, -0.00021697333348199535, 0.011505844553558636
type_1_errors: 18132 ; type_2_errors: 65307 ; hits: 96 ; ratio: 0.005294506949040371
0.005044753390706566, -0.004724392197959678, 0.008489335434015442, 0.0022705695258294855, -0.01984940866579107, -0.007716792336409296, 0.016485934849608485
type_1_errors: 17960 ; type_2_errors: 65312 ; hits: 91 ; ratio: 0.005066815144766147
-0.006363578797551615, -0.014193685719340064, 0.03226512934203536, -0.001603557243502643, -0.001045349567040694, -0.013009245121542366, 0.003950287106941974
type_1_errors: 12699 ; type_2_errors: 65340 ; hits: 63 ; ratio: 0.004961020552799433
-0.0013324634234780264, 0.00015392100401130602, 0.0016310164094695241, 0.00014133841720135337, 0.00030602997386491897, -0.0003349653164003644, -0.0005648770646687137
type_1_errors: 10127 ; type_2_errors: 65316 ; hits: 87 ; ratio: 0.008590895625555445
-0.0012675504378888071, 0.0012417754481154873, 0.0005676636888539897, -0.0008435737525690166, 0.0007135431639651063, 0.00022940556111631307, -0.0006412636715930679
type_1_errors: 11310 ; type_2_errors: 65337 ; hits: 66 ; ratio: 0.005835543766578249
0.0031962227371229784, 0.0009722951863470824, -0.002498125601482655, -0.003957400004384193, -0.0013306031745673437, 0.00048709641374484135, 0.0031305144432193692
type_1_errors: 10467 ; type_2_errors: 65308 ; hits: 95 ; ratio: 0.009076144071844846
0.004830275351946235, -0.00497438854513947, -0.0038336264594273518, 0.005245512001035221, -0.0026588920573281122, 0.0008060445632799367, 0.0005850751456335455
type_1_errors: 17045 ; type_2_errors: 65269 ; hits: 134 ; ratio: 0.00786154297447932
9.174620143202788e-05, 0.0005530704366580568, -0.0018466982340676872, -8.91626304558109e-05, 0.0025063483260348036, -0.0006742452163139354, -0.0005410588832874668
type_1_errors: 16651 ; type_2_errors: 65314 ; hits: 89 ; ratio: 0.0053450243228634915
-0.0008331102698904397, -0.0026739524940187316, 0.0021355697457021102, 0.002622767790046255, 0.001976670361551641, -0.001995498986614415, -0.0012324461467764973
type_1_errors: 14738 ; type_2_errors: 64752 ; hits: 651 ; ratio: 0.04417152937983444
0.0029971408869343794, 0.0034980273983519477, -0.00047865888259305867, -0.005586700121334706, -0.007913052148181474, -0.0009721421226267525, 0.008455384989449663
type_1_errors: 11921 ; type_2_errors: 65326 ; hits: 77 ; ratio: 0.0064591896652965355
-0.0072230708454742625, 0.0041863686603628636, 0.0077116883689446174, 0.0035677000068448095, -0.007889131060884678, -0.0033650096035121144, 0.0030114544737187983
type_1_errors: 12616 ; type_2_errors: 65346 ; hits: 57 ; ratio: 0.004518072289156626
0.0047552763858845415, -0.0005158385330761505, -0.004649106400050418, -0.0017932284523158222, -0.0010023127058963735, 2.8270719015544243e-05, 0.003176938986438743
type_1_errors: 9632 ; type_2_errors: 65284 ; hits: 119 ; ratio: 0.012354651162790697
0.0030043882601536644, -0.0017062290790252786, -0.002416774921854957, -2.0545349284535896e-05, -0.0009088561085622379, 0.002051263786602397, -3.2465880290151963e-06
type_1_errors: 15072 ; type_2_errors: 65235 ; hits: 168 ; ratio: 0.011146496815286623
0.002448392447037282, -0.0004803247571249626, -0.00219499799506768, 0.0002838855673667841, -0.0030608735747541895, 0.001761351531079515, 0.0012425667814631276
type_1_errors: 15049 ; type_2_errors: 65233 ; hits: 170 ; ratio: 0.011296431656588477
0.0002646313398732503, -0.003968610093271725, 0.004814608043800341, 0.001779169641166339, -0.0017528400835320622, -0.002834998504516778, 0.001698039656480764
type_1_errors: 11217 ; type_2_errors: 65307 ; hits: 96 ; ratio: 0.008558438085049478
-0.010094504906882625, 0.001197580345695788, 0.007600654974604283, 0.0032287914090465327, 0.007839562600092151, -0.0011889916129242829, -0.008583092809631874
type_1_errors: 12983 ; type_2_errors: 65301 ; hits: 102 ; ratio: 0.007856427636139567
0.008297606171393314, -0.014663707726171501, 0.0009312438642899978, 0.0029801443271359187, 0.005281351959062302, 0.0003047892458052536, -0.0031314278415153236
type_1_errors: 13947 ; type_2_errors: 65344 ; hits: 59 ; ratio: 0.004230300423030043
-0.012529061201361099, -0.010829542700024739, 0.015490297647832111, 0.011326625569758334, 0.017898079633481882, -0.0024151458592767943, -0.018941253090409657
type_1_errors: 12718 ; type_2_errors: 65302 ; hits: 101 ; ratio: 0.007941500235886146
-0.01157527011755207, 0.009971175626016071, 0.0034068361539303866, -1.677297899486084e-05, 0.0036590504679302285, -0.001299384039365212, -0.004145635111964495
type_1_errors: 12178 ; type_2_errors: 65331 ; hits: 72 ; ratio: 0.005912300870422073
-0.013038989459889705, -0.005357532076358616, 0.009314456900641532, 0.010597687080231982, 0.016774661265339802, 0.0024213857671896663, -0.02071166947715468
type_1_errors: 12829 ; type_2_errors: 65356 ; hits: 47 ; ratio: 0.003663574713539637
0.006521420192591177, -0.0026046977154668247, -0.017262685622944227, 0.00541698005625078, 0.011085534337258594, 0.004523701070294718, -0.0076802523179841375
type_1_errors: 13360 ; type_2_errors: 65328 ; hits: 75 ; ratio: 0.00561377245508982
-0.00854378228794194, 0.009567152844847751, 0.014519095275474717, -0.012198732984894649, -0.015060701460055191, 0.012068150276308235, -0.000351181663738991
type_1_errors: 14932 ; type_2_errors: 65302 ; hits: 101 ; ratio: 0.0067639967854272705
0.01340878451435807, -0.012111861910658122, -0.007033906111274117, 0.001518667311412247, 0.0005653800554999773, 0.0025554648670020963, 0.0010974712736598784
type_1_errors: 16185 ; type_2_errors: 65266 ; hits: 137 ; ratio: 0.008464627741736175
0.042013663823224315, 0.022128663895506568, -0.05844893073386348, -0.04232705437197562, -0.0040830624754730725, 0.006217708585447956, 0.034499011277133285
type_1_errors: 1079 ; type_2_errors: 65400 ; hits: 3 ; ratio: 0.0027803521779425394
1.3810087918020347e-05, 1.2075015475640428e-05, -8.939196865097968e-06, -1.6906864059359615e-05, -3.7366336339471005e-05, 1.7974447431011188e-05, 1.935284643923085e-05
type_1_errors: 8365 ; type_2_errors: 65297 ; hits: 106 ; ratio: 0.012671846981470412
-2.987700915840428e-05, 9.166924930584527e-05, -4.300047976998173e-06, -7.250336361616355e-05, -4.0750589116972606e-05, 3.712726941161504e-05, 1.8634491151075053e-05
type_1_errors: 12528 ; type_2_errors: 65352 ; hits: 51 ; ratio: 0.0040708812260536395
0.0001692868249725287, -7.730737433398717e-05, -0.00015548369932220902, -4.276156556375234e-05, 4.6304104798288885e-05, 2.842720621848553e-05, 3.153450323071311e-05
type_1_errors: 11673 ; type_2_errors: 65365 ; hits: 38 ; ratio: 0.0032553756532168253
0.0009709087065975004, 4.086930197748844e-05, -0.0006556044242610861, -0.0006962769556359714, -0.0006921173953088909, 6.568460509756196e-05, 0.0009665361615333903
type_1_errors: 9414 ; type_2_errors: 65312 ; hits: 91 ; ratio: 0.009666454217123433
0.0005243987459502018, -0.0004996191776146348, -0.00036739633337986617, 2.273773026162253e-05, 0.00031152880731038054, 0.00013001794048569942, -0.00012166771301343639
type_1_errors: 12263 ; type_2_errors: 65351 ; hits: 52 ; ratio: 0.004240397945037919
-0.001979988319027328, -0.0007753848791091257, 0.0004382433856236914, 0.002090435429231229, 0.0027927306540057625, 0.002147113171509644, -0.004713149442233867
type_1_errors: 9910 ; type_2_errors: 65359 ; hits: 44 ; ratio: 0.004439959636730575
5.427685978383149e-05, 6.911451897432292e-06, -0.00013393568667945775, -0.0002160045822023583, 0.0003612831798839361, 0.00010097171536690888, -0.0001735029380502811
type_1_errors: 11267 ; type_2_errors: 65346 ; hits: 57 ; ratio: 0.00505902192242833
0.0013654591550924294, 0.00047232901350072697, -0.0006622837640343803, -0.0011593763529366974, -0.00209290494017917, -0.00024132600275223536, 0.002318102891309331
type_1_errors: 8964 ; type_2_errors: 65293 ; hits: 110 ; ratio: 0.012271307452030344
-0.0011271644937203412, -0.0003932935409168147, 0.0006669285521234918, 0.0010050289481995447, 0.001448155962022323, 0.00015034168976889236, -0.0017499971174770913
type_1_errors: 9205 ; type_2_errors: 65361 ; hits: 42 ; ratio: 0.0045627376425855515
0.0013158464085226281, 9.055069178699994e-05, -0.0026602119971003927, -0.0005036802629021462, 0.001462189829873474, 0.0008796772072904274, -0.0005843718774709474
type_1_errors: 11540 ; type_2_errors: 65338 ; hits: 65 ; ratio: 0.005632582322357019
-0.0001249509709731143, 0.0044161947624159, -0.0014234578355550645, -0.004862080371703698, -0.0014387161681922317, 0.0018262368074745295, 0.0016067737765335186
type_1_errors: 13819 ; type_2_errors: 65349 ; hits: 54 ; ratio: 0.003907663362037774
-0.0013817765871852916, 0.002023002740399971, 0.0009916277233050627, -0.0005414165303586196, -0.002017563965535115, -0.0001314875499624328, 0.0010576141693363628
type_1_errors: 10682 ; type_2_errors: 65329 ; hits: 74 ; ratio: 0.006927541658865381
-0.001317522027429519, -0.00014774077571811942, 0.0016557423362202445, 0.0008652404789088029, 9.025215939901133e-05, -0.0007553590572375888, -0.0003906131141427904
type_1_errors: 11559 ; type_2_errors: 65373 ; hits: 30 ; ratio: 0.0025953802232026994
-0.0008068886763244668, 0.001055468158047332, -0.0013462889676380593, 0.0008081315317455699, 0.0014824076093803054, -0.000440062675734688, -0.0007527669794759038
type_1_errors: 15655 ; type_2_errors: 65319 ; hits: 84 ; ratio: 0.005365697860108591
-0.002513699505048338, -0.0006870429167778973, 0.0004838334176598408, 0.0018888348272285225, 0.004563953133088267, 0.0017876671956786171, -0.0055235461518288245
type_1_errors: 10274 ; type_2_errors: 65358 ; hits: 45 ; ratio: 0.004379988320031147
0.0007336977095312198, 0.001707914645710863, -0.0033338274016950276, 0.000571785917819413, -0.0004584291929343113, -0.0004049492465508906, 0.001183807568118819
type_1_errors: 18793 ; type_2_errors: 65225 ; hits: 178 ; ratio: 0.00947161177034002
-0.00030493026309030006, -0.000371268120207309, 0.0014794155983373569, 0.0009592373845665217, -0.0025414386689183587, -2.6575029634071122e-05, 0.0008055590989461146
type_1_errors: 14949 ; type_2_errors: 65316 ; hits: 87 ; ratio: 0.005819787276740919
-0.001361640368552617, -0.0017919024224105256, 0.002876670969454405, 0.0009802646233115669, 0.0023334147204345404, -0.0019849528652527253, -0.0010518546569845272
type_1_errors: 17490 ; type_2_errors: 65324 ; hits: 79 ; ratio: 0.004516866781017724