
0.0007988356051560385, 0.00012263402637905217, 7.603004429520332e-07, -0.0007176358904921166, -0.0011321401144681038, -0.000992037064190741, 0.0019195831371729211
type_1_errors: 8733 ; type_2_errors: 65295 ; hits: 108 ; ratio: 0.012366884232222604
-1.187620517635177e-18, 6.480538813947285e-19, -9.956906897384882e-19, 1.726493985611974e-18, 9.327553322950786e-19, 2.2995829080255713e-19, -1.0825488629375075e-18
type_1_errors: 10805 ; type_2_errors: 65348 ; hits: 55 ; ratio: 0.005090236001850995
1.6455300562938585e-16, -8.593706577914517e-17, -8.828884252625094e-17, -1.3017586783636047e-18, -1.786528669833637e-16, 9.902766837612836e-19, 1.3365504887194189e-16
type_1_errors: 14147 ; type_2_errors: 65203 ; hits: 200 ; ratio: 0.014137272920053722
-0.00035134318521744376, -7.055661602036888e-05, 0.0001864279941296743, 0.000400872962683113, 0.00019571478689963092, 0.00012108175303928481, -0.0004821976955138642
type_1_errors: 11990 ; type_2_errors: 65362 ; hits: 41 ; ratio: 0.0034195162635529608
0.0069543945738533, -0.006184195680594788, -0.00422334212085048, -0.00018844494624373697, 0.001958607606852515, 0.0027360990682818993, -0.0010531185012988202
type_1_errors: 11316 ; type_2_errors: 65343 ; hits: 60 ; ratio: 0.005302226935312832
-0.17990701653880498, 0.11889063875399353, 0.08752124330048573, 0.04879276114946953, 0.007769197822644954, -0.027012746832778694, -0.05605407765500986
type_1_errors: 1 ; type_2_errors: 65403 ; hits: 0 ; ratio: 0.0
0.010860493614791664, 0.003404751408735327, -0.002734530947075141, -0.011188472591209347, -0.019102817758396177, 0.0005224583462940535, 0.01823811792685954
type_1_errors: 11046 ; type_2_errors: 65294 ; hits: 109 ; ratio: 0.009867825457179069
-0.009252164137573947, -0.007891790853571768, 0.0024972759926806328, 0.013589645291252676, 0.025784104658031895, -0.007354310067241707, -0.017372760883577767
type_1_errors: 12272 ; type_2_errors: 65358 ; hits: 45 ; ratio: 0.003666883963494133
-0.023025323293626568, 0.024611119408069267, 0.02735283085488522, -0.010861809420571265, -0.02671999105625112, -0.008289570323911373, 0.016932743831405986
type_1_errors: 6418 ; type_2_errors: 65371 ; hits: 32 ; ratio: 0.004985976939856653
-0.06330837604556962, -0.01687328720628271, 0.02954987547978944, 0.0651137540439438, 0.11049539342686836, -0.07031485859989445, -0.05466250109885483
type_1_errors: 6 ; type_2_errors: 65403 ; hits: 0 ; ratio: 0.0
-0.0485245628563252, 0.02545617373679738, 0.009657317964839998, 0.023959696835397178, 0.02336127797663277, 0.006635590135147417, -0.04054549379248949
type_1_errors: 810 ; type_2_errors: 65400 ; hits: 3 ; ratio: 0.003703703703703704
0.002331786113852688, -0.002148534416239788, -0.0027905301501300137, 0.0015176033694494497, 0.0029483965960016693, -0.0025355273017489658, 0.000676805788814923
type_1_errors: 12635 ; type_2_errors: 65364 ; hits: 39 ; ratio: 0.0030866640284922834
-0.0016449642541365881, -0.0004986585082738662, 0.008924807205522444, -0.00045013250469451313, -0.015555589485481485, 0.009125425729145402, 9.911181791852671e-05
type_1_errors: 15863 ; type_2_errors: 65305 ; hits: 98 ; ratio: 0.006177898253798147
-0.0017791838479811544, -0.003944228470118069, 0.00425622120230538, 0.0023877557718011704, 0.0032141075686234087, -0.0002201218233941141, -0.003914550401236481
type_1_errors: 16617 ; type_2_errors: 65312 ; hits: 91 ; ratio: 0.005476319431907083
0.007603706881330454, -0.0031975320985559146, -0.005527227511155824, -0.005364154417962577, 0.0033551825484970403, 0.0018564274063135964, 0.0012735971915331817
type_1_errors: 12066 ; type_2_errors: 65336 ; hits: 67 ; ratio: 0.005552792971987403
0.00958349548565793, 0.001901624146026131, -0.010747225097906975, -0.008137094781155473, 0.0004100861778052076, -0.0004290812645943225, 0.007418195334167501
type_1_errors: 13997 ; type_2_errors: 65365 ; hits: 38 ; ratio: 0.0027148674716010574
-0.0005422985666282262, 0.00020167640219276143, 5.6408948861470535e-05, 0.00044394078787529884, 0.0003123553422156044, 6.324054530252535e-05, -0.0005353234598194469
type_1_errors: 10994 ; type_2_errors: 65348 ; hits: 55 ; ratio: 0.005002728761142441
-0.002355318891605847, -0.004731637920636727, 0.004288406111502783, 0.0037527932119792427, 0.004216288946388101, 0.0009455209780934171, -0.006116052435721076
type_1_errors: 16727 ; type_2_errors: 65313 ; hits: 90 ; ratio: 0.00538052250851916
0.0015838112211972758, 0.00213726417630226, -0.00021270175800155368, -0.002487463936216838, -0.005347068613311935, -0.0011818521414143203, 0.00550801105144514
type_1_errors: 11349 ; type_2_errors: 65326 ; hits: 77 ; ratio: 0.00678473874350163
-0.006927640313336927, 0.00027523131968875764, 0.006589946384810303, 0.005410512145944877, -0.0016664998746499472, 0.0009313630538018264, -0.004612912716258883
type_1_errors: 16295 ; type_2_errors: 65308 ; hits: 95 ; ratio: 0.005830009205277692
-0.0060350003545751214, 0.0033826400242710146, 0.00300736278721037, 0.001721690743341921, 0.00017540723849546425, 0.0017514641502378511, -0.004003564588981385
type_1_errors: 11526 ; type_2_errors: 65343 ; hits: 60 ; ratio: 0.0052056220718375845
-0.0022487930471768963, -0.0070590228673752834, 0.005460756468385812, 0.0041070215732449495, 0.008131840966389671, -0.0016398999061193228, -0.006751903187348846
type_1_errors: 17077 ; type_2_errors: 65313 ; hits: 90 ; ratio: 0.0052702465304210345
-0.00032113398852805214, 0.00022237993073292758, -0.0011336691447996054, 0.004436198167118205, -0.005280968325644598, 0.0026029230066368617, -0.000525729645515689
type_1_errors: 17993 ; type_2_errors: 65236 ; hits: 167 ; ratio: 0.00928138720613572
0.15505876753764264, 0.014945072438777492, -0.02878383773305352, -0.1312550060914894, -0.20917817561153743, -0.07782124698998638, 0.2770344264496467
type_1_errors: 0 ; type_2_errors: 65403 ; hits: 0 ; ratio: 0
-0.00015026766162434566, 0.00039289260262400624, -3.289801531321882e-05, -0.00015789549088721322, -0.00017424200964506517, -0.00010909449016917983, 0.00023150506501505013
type_1_errors: 10083 ; type_2_errors: 65329 ; hits: 74 ; ratio: 0.007339085589606268
0.0059977580448677, 0.0007660356498741296, -0.0043761673761287785, -0.005149572780198495, -0.002684214518715614, -0.0014949096360349576, 0.0069410706163360245
type_1_errors: 11258 ; type_2_errors: 65301 ; hits: 102 ; ratio: 0.009060223840824303
-0.0006921433789569236, 0.0022418007398080186, -0.0008245258885387809, -0.0010166600255536351, 0.002340298119890457, -0.00538865603426367, 0.003339886467614454
type_1_errors: 17633 ; type_2_errors: 65332 ; hits: 71 ; ratio: 0.004026541144445075
-0.00037181614059395945, -0.009240665347837974, 0.005184773586750597, 0.0051974670016657395, 0.004341462713731405, 0.0034198028032918102, -0.008531024617007445
type_1_errors: 13506 ; type_2_errors: 65330 ; hits: 73 ; ratio: 0.005405005182881682
-0.005501677302548779, 0.0005021740237187626, 0.003914360690765746, 0.002096011585124609, 0.005506140929733244, -0.0024585656812046953, -0.004058444245588974
type_1_errors: 11729 ; type_2_errors: 65307 ; hits: 96 ; ratio: 0.00818484099241197
0.005384670044503709, 0.0010426258660161379, -0.00505546840471113, -0.003321019103457324, -0.00030573918780040253, -0.0067247402922859115, 0.008979671077734846
type_1_errors: 13292 ; type_2_errors: 65365 ; hits: 38 ; ratio: 0.002858862473668372
0.009378150711769815, -0.0008765370388623799, -0.004464065753120966, -0.0085765538252451, -0.0005056456083499706, -0.0072890033713879036, 0.012333654885196513
type_1_errors: 12801 ; type_2_errors: 65361 ; hits: 42 ; ratio: 0.0032809936723693462
0.020038225004799702, -0.020715913663500212, -0.01350349410061399, -0.0018076407897523884, 0.013010634649973138, 0.016765847760469663, -0.013787658861375911
type_1_errors: 10049 ; type_2_errors: 65342 ; hits: 61 ; ratio: 0.006070255746840482
-0.0037938575287239625, 0.0024315006584328842, 0.002524069830320109, 0.0013196854966011637, -0.0010880562871811764, -0.0012735813565425392, -0.00011976081290658584
type_1_errors: 12055 ; type_2_errors: 65372 ; hits: 31 ; ratio: 0.0025715470759021153
-0.0005690355592795647, -0.0071083444006013324, 0.0022459878980556985, 0.004103028741984442, 0.0056596472117353015, 0.006343603117037716, -0.010674887008932172
type_1_errors: 10898 ; type_2_errors: 65343 ; hits: 60 ; ratio: 0.0055055973573132685
-0.011402407366531636, 0.007401514026269487, 0.0017191831113575764, -0.0011360625682453676, 0.02272261939006266, -0.01750690945297719, -0.0017979371399355377
type_1_errors: 14974 ; type_2_errors: 65341 ; hits: 62 ; ratio: 0.0041405102177106985
0.003873016504908876, -0.01417504367750862, -4.465776994672377e-05, 0.009420211172109479, 0.0035139182129757924, 0.012527280495596853, -0.015114724938135643
type_1_errors: 17904 ; type_2_errors: 65254 ; hits: 149 ; ratio: 0.008322162645218945
0.015317763425963424, 0.0015779097843229787, -0.017193622095436446, -0.006347324632960862, -0.008118471369948777, 0.004257275543130215, 0.010506469344929372
type_1_errors: 20362 ; type_2_errors: 65131 ; hits: 272 ; ratio: 0.013358216285237206
0.000653039039711193, -7.21068615534712e-05, -0.0010086599262548069, -0.0004783032201048555, 0.000981974317355594, -5.2099199877176534e-05, -2.3844149276472487e-05
type_1_errors: 11973 ; type_2_errors: 65365 ; hits: 38 ; ratio: 0.0031738077340683203
-0.0013761876612509362, 0.004633267566700499, 0.0003867293498695119, -0.004281114002462913, -0.003005096964994758, 0.002397406671903451, 0.0012449950402351768
type_1_errors: 13882 ; type_2_errors: 65349 ; hits: 54 ; ratio: 0.0038899294049848723
0.00110084243558859, -0.00010519693816959027, -0.0014661456560586632, -0.0009156544776045528, 0.001484329705900013, -0.0004361832774353939, 0.00033800820777957024
type_1_errors: 12189 ; type_2_errors: 65365 ; hits: 38 ; ratio: 0.003117565017638855
0.006887548272169579, 0.002283379538564474, -0.0018852353542137034, -0.009950078019377348, -0.004244406844132018, -0.006862198162589282, 0.013770990569578206
type_1_errors: 12594 ; type_2_errors: 65362 ; hits: 41 ; ratio: 0.003255518500873432
-0.003641606970735881, 3.715301637660651e-05, 0.0048210762798464694, 0.0035248348230853556, -0.0006872651966048571, -0.006820402452900167, 0.0027662105009324182
type_1_errors: 13081 ; type_2_errors: 65371 ; hits: 32 ; ratio: 0.0024462961547282317
-0.0028359137168581365, 0.006182781081387478, 0.0012273732140019166, -0.002682170305008603, -0.005038278616539269, -0.0006848478136921899, 0.0038310561567087044
type_1_errors: 11713 ; type_2_errors: 65326 ; hits: 77 ; ratio: 0.0065738922564671735
0.001417220481731574, 0.010406031566609271, -0.01628202104348518, -0.005548323093359545, 0.015278099425861997, -0.009316626121140899, 0.0040456187837826394
type_1_errors: 17684 ; type_2_errors: 65310 ; hits: 93 ; ratio: 0.00525899117846641
0.0019448967778265078, 0.011892274201591682, -0.000511964949942653, -0.010380082451663181, -0.013960623846134262, -0.010021396827888765, 0.02103689709621067
type_1_errors: 12482 ; type_2_errors: 65329 ; hits: 74 ; ratio: 0.005928537093414517
-0.0010928612263944716, 0.002198672335238562, 0.0025385236426119476, -0.0008998007447298048, -0.009636621222381648, 0.007382355790678886, -0.00049026857502351
type_1_errors: 15154 ; type_2_errors: 65308 ; hits: 95 ; ratio: 0.006268971888610268
0.003139224862942691, -0.006756727150607939, -0.004034764092645618, 0.0012600751850037324, 0.013069960559644244, 0.0011671962716665013, -0.007844965636003547
type_1_errors: 14893 ; type_2_errors: 65343 ; hits: 60 ; ratio: 0.004028738333445242
0.041349245522653004, 0.0012806032090335391, -0.01681071330806003, -0.04060704083760523, -0.04701470511060026, 0.028594896785170566, 0.03320771373940844
type_1_errors: 548 ; type_2_errors: 65401 ; hits: 2 ; ratio: 0.0036496350364963502
-0.08337777292194998, 0.022825594790493228, 0.08724249499424466, 0.03945760481895679, -0.030411220064128358, -0.020381690726359047, -0.015355010891257409
type_1_errors: 10 ; type_2_errors: 65403 ; hits: 0 ; ratio: 0.0
0.10301164516706764, -0.02257842063521107, -0.030725632619376237, -0.0780629362293609, -0.0858847440576427, 0.023683059454521888, 0.09055702892000125
type_1_errors: 1 ; type_2_errors: 65403 ; hits: 0 ; ratio: 0.0
0.00496205843214872, -0.013329608379568723, 0.0002261290153055052, 0.005635450342619673, 0.009094064295292557, 0.0008766956252853438, -0.007464789331083009
type_1_errors: 14918 ; type_2_errors: 65343 ; hits: 60 ; ratio: 0.004021986861509586
-1.2335811384723962e-16, -9.251858538542972e-17, -1.0485439677015367e-16, -6.167905692361981e-17, -1.1719020815487764e-16, -9.251858538542972e-17, -1.2335811384723962e-16
type_1_errors: 17086 ; type_2_errors: 65245 ; hits: 158 ; ratio: 0.009247337001053494
-4.540303855280515e-11, -2.923383428268497e-11, -1.0497235194280268e-11, 6.710635902626297e-11, 9.759429707658754e-11, 6.406893930254867e-11, -1.4363539319452977e-10
type_1_errors: 8530 ; type_2_errors: 65362 ; hits: 41 ; ratio: 0.004806565064478312
-0.00019361703452772845, -0.00020216264809418529, -9.88505662026107e-05, 0.0005362586124130736, 0.0004988783385747804, -3.861480194108166e-05, -0.0005018919002222609
type_1_errors: 11237 ; type_2_errors: 65344 ; hits: 59 ; ratio: 0.005250511702411676
0.000268245653221232, -0.0005379057738087063, -0.00014862396156316694, 0.0003255919774125018, 9.777627996776641e-05, 0.0005022223037956259, -0.0005073064790252988
type_1_errors: 16094 ; type_2_errors: 65278 ; hits: 125 ; ratio: 0.007766869640859948
-0.003191246625027692, -0.002717665022211456, 0.002447651294356557, 0.0024830161558492014, 0.004633047749937834, 0.006230055716373857, -0.00988485926927833
type_1_errors: 6604 ; type_2_errors: 65333 ; hits: 70 ; ratio: 0.010599636583888553
-0.001646586269363255, -0.0008541133539538962, 0.001176329232430169, 0.0021324475969478635, 0.0016239969507644701, -0.00020056923614430018, -0.002231504920681083
type_1_errors: 12944 ; type_2_errors: 65357 ; hits: 46 ; ratio: 0.003553770086526576
-0.002016892409395052, 0.0012633327681653734, 0.0006697975599828498, 0.0017245069552881973, -0.0010841722241622161, 0.00010032395807204467, -0.0006568966079511362
type_1_errors: 17594 ; type_2_errors: 65244 ; hits: 159 ; ratio: 0.009037171763101056
-0.000967948624418278, -0.003971340254279164, 0.002487799669119857, 0.002209434962518765, 0.00502638714536103, -0.0009678848368525543, -0.0038164480614497325
type_1_errors: 16712 ; type_2_errors: 65312 ; hits: 91 ; ratio: 0.005445189085686932
-0.0002862563539761326, 0.0008668230250466098, -0.0008603427004487228, 0.000516279362525632, -0.0011225472654407505, 0.0015210502437230289, -0.0006350063114297455
type_1_errors: 17524 ; type_2_errors: 65240 ; hits: 163 ; ratio: 0.009301529331202922
0.0020249135617100614, -0.0007452164788104049, -0.0007743792602863834, -0.001320558553444893, -0.001474121374248899, 0.001584036473769612, 0.0007053256313108931
type_1_errors: 10897 ; type_2_errors: 65344 ; hits: 59 ; ratio: 0.00541433422042764
0.006904418320207833, -0.0008769200138348326, -0.005626593470978224, -0.005592152957406591, -0.0002993781359749055, 0.002839679176009536, 0.0026509470819771454
type_1_errors: 12843 ; type_2_errors: 65307 ; hits: 96 ; ratio: 0.007474889044615744
-0.0008507171218639526, -7.676022943014385e-05, 0.0008495971430121066, 0.0021408443876432272, -0.0028610820083390474, 0.0013893461600343099, -0.0005912283310565386
type_1_errors: 10438 ; type_2_errors: 65338 ; hits: 65 ; ratio: 0.006227246598965319
-0.0037947720059536214, 0.001226029405917144, 0.003309726288290682, 0.0017146812265779973, -0.0006608037668764271, -0.00042285629300797334, -0.0013720048549478517
type_1_errors: 15197 ; type_2_errors: 65314 ; hits: 89 ; ratio: 0.0058564190300717245
-0.005628841121232065, 0.0034691072831058998, 0.003989550013834329, 0.0013754539204875696, 6.919406892498498e-05, -0.0037954396427873427, 0.0005209754776665312
type_1_errors: 12643 ; type_2_errors: 65371 ; hits: 32 ; ratio: 0.002531044846950882
-0.0007954179187123923, 0.003372114247753714, 0.0006233891324182749, -0.0022829739668256115, -0.00682743338351851, 0.005922168411346657, -1.1846522462100359e-05
type_1_errors: 11901 ; type_2_errors: 65342 ; hits: 61 ; ratio: 0.00512561969582388
-0.0035895847672507467, 0.0012342481561345346, 0.0031537911076360858, 0.002187245940992422, 0.0012429121169264049, -0.006296458664543287, 0.0020678461101043843
type_1_errors: 12655 ; type_2_errors: 65371 ; hits: 32 ; ratio: 0.0025286448044251285
-0.011274213173100204, 0.007841664910967315, 0.008763345048499417, 0.0015729283151544751, -0.005085807663966807, -0.001163595327762962, -0.0006543221097912907
type_1_errors: 12045 ; type_2_errors: 65347 ; hits: 56 ; ratio: 0.00464923204649232
-0.0065985752746583574, 0.0060403404970559085, 0.00305301040550486, 0.0019254340101256863, -0.006160182876261792, 0.0037217712627974522, -0.00198179802456385
type_1_errors: 12274 ; type_2_errors: 65338 ; hits: 65 ; ratio: 0.005295747107707349
0.006525220789828768, -0.0037734298765598998, -0.007099853685012423, -0.0006446923553829198, 0.006750432099006916, -0.003451547747988828, 0.001693870776108261
type_1_errors: 13851 ; type_2_errors: 65363 ; hits: 40 ; ratio: 0.002887878131542849
0.00016980454122250032, -0.011546097478628822, 0.0015020452177119076, 0.009576658006711758, 0.007444354396338112, 0.0070847964621503935, -0.014231561145505738
type_1_errors: 14181 ; type_2_errors: 65332 ; hits: 71 ; ratio: 0.005006699104435512
0.01210444848243036, -0.001950916801519836, -0.006405494485316547, -0.00642349800961761, -0.012439253664873758, 0.006898872412883338, 0.008215842066013977
type_1_errors: 10244 ; type_2_errors: 65293 ; hits: 110 ; ratio: 0.010737992971495509
-0.009605719983544354, -0.004605137069328873, 0.0030946485718144293, 0.01002398375375744, 0.012254965501287914, 0.013699528696805076, -0.0248622694707915
type_1_errors: 5531 ; type_2_errors: 65331 ; hits: 72 ; ratio: 0.013017537515819924
0.0073920039050319, 0.02008902401727674, -0.0012976534372359362, -0.015588856085928507, -0.026263459248521765, -0.04031304301280199, 0.0559819838621797
type_1_errors: 332 ; type_2_errors: 65397 ; hits: 6 ; ratio: 0.018072289156626505
-0.021326975930012964, -0.006224486592941126, 0.013412418344513767, 0.018281854350989276, 0.02625848005459596, -0.0019279079954313942, -0.02847338223171353
type_1_errors: 10535 ; type_2_errors: 65365 ; hits: 38 ; ratio: 0.0036070242050308494
0.05028805585171317, 0.01828317665665539, -0.00882780313885486, -0.04011160371437134, -0.06727206903329155, -0.10295405662843961, 0.1505943000065888
type_1_errors: 4 ; type_2_errors: 65403 ; hits: 0 ; ratio: 0.0
-0.06727978143733458, -0.043928462444084514, 0.05126383981815734, -0.011054528265951167, 0.2008393037385712, 0.049750618892512095, -0.17959099030187034
type_1_errors: 0 ; type_2_errors: 65403 ; hits: 0 ; ratio: 0
-2.4623960071756447e-15, -1.5226258452812717e-14, -7.593375938999084e-15, 2.7980176587609568e-14, 1.83889425409841e-14, 1.1812142356689049e-15, -2.2069103137111186e-14
type_1_errors: 11008 ; type_2_errors: 65344 ; hits: 59 ; ratio: 0.005359738372093023
0.0028556389592104834, -0.0036339205173246437, -0.002322600483200084, 0.0008547723494036599, 0.005307052762837095, -0.002852251809724428, -0.00020869126120204388
type_1_errors: 10389 ; type_2_errors: 65335 ; hits: 68 ; ratio: 0.006545384541341803
-0.00036824126148492714, -0.00046677678469866425, 0.00038325667461804394, 0.000535770900875572, 0.0006570394075498115, 8.89132762043793e-05, -0.0008299622130642126
type_1_errors: 12367 ; type_2_errors: 65352 ; hits: 51 ; ratio: 0.004123878062585914
-0.0005377544622010654, 0.003145832027630995, -0.0008745037142647331, -0.0025195373775947468, -0.0015091175471376717, 0.0015722287191697205, 0.0007228523543974264
type_1_errors: 13448 ; type_2_errors: 65349 ; hits: 54 ; ratio: 0.004015466983938132
-0.0008146464541493199, 0.0007625972597160703, 0.0004812250349434637, -0.00016752665060814972, -0.00011001289063891222, -0.0001274019803560154, -2.4234318907137577e-05
type_1_errors: 16652 ; type_2_errors: 65336 ; hits: 67 ; ratio: 0.00402354071582993
-0.006150366863063431, 0.002740816369238534, 0.0026847859278499846, 0.004622169044917161, 0.0036584798041706247, -0.008724491122304823, 0.0011686068391919375
type_1_errors: 16879 ; type_2_errors: 65327 ; hits: 76 ; ratio: 0.004502636412109722
-0.003984932519227409, 0.0005393204006708723, 0.004133410928382969, 0.0042104640811824285, -0.0007258219961551509, -0.006500398852758617, 0.002327957957904956
type_1_errors: 11712 ; type_2_errors: 65367 ; hits: 36 ; ratio: 0.0030737704918032786
0.0009778453853100545, 0.000813451734589943, -0.00046417029738609467, -0.0016723587477646077, -0.0015896296288253706, 0.00011868570567885207, 0.0018161758483972042
type_1_errors: 9698 ; type_2_errors: 65310 ; hits: 93 ; ratio: 0.009589606104351413
-0.0014253770514773903, 0.00323165809197381, -0.0004183979122626536, -0.0004247487403949035, -0.0031950914250000978, 0.0017319925692311088, 0.0004999644679302121
type_1_errors: 11523 ; type_2_errors: 65343 ; hits: 60 ; ratio: 0.005206977349648529
-0.0026904148215557617, 0.0002336297974137738, 0.0035247247782036507, 0.0016623686929702832, 0.00040757590596763904, -0.004926817061395346, 0.0017889327083956668
type_1_errors: 12511 ; type_2_errors: 65371 ; hits: 32 ; ratio: 0.0025577491807209658
0.0011886989748917747, -0.0029793492833726765, -0.0004157988100212327, 0.0008281968081412254, 0.0036219329290116007, -0.0003007084748486389, -0.0019429721438018498
type_1_errors: 13236 ; type_2_errors: 65351 ; hits: 52 ; ratio: 0.003928679359323058
-0.002150806308384905, 0.0012544471616340522, 0.001048385199182678, 0.0010124632731785567, -0.000308113885745154, 1.789919736323948e-05, -0.0008742746372284251
type_1_errors: 11112 ; type_2_errors: 65344 ; hits: 59 ; ratio: 0.005309575233981282
9.707377088122705e-05, -0.002646073584810971, 0.0007688960951622091, 0.0011277863203832423, 0.0036360444249595035, -0.0010831068929498934, -0.0019006201336252604
type_1_errors: 13124 ; type_2_errors: 65350 ; hits: 53 ; ratio: 0.004038402925937214
-0.0029136496649795536, 0.006730841854182282, 0.0016976211702654411, -0.0052645560043361765, -0.005004450301521248, 0.002839772653955159, 0.0019144202924340737
type_1_errors: 14125 ; type_2_errors: 65347 ; hits: 56 ; ratio: 0.003964601769911504
0.003608020460868454, -0.0015197713801918852, -0.0019187026318572594, -0.0005622853779115043, -0.003127525145603716, 0.0015674510881196072, 0.001952812986576278
type_1_errors: 15797 ; type_2_errors: 65175 ; hits: 228 ; ratio: 0.014433120212698613
-0.002195114229727433, 0.006206760476545324, 0.001185043578365205, -0.004510198995380871, -0.006584442179873724, 0.004096190028067048, 0.001801761322004385
type_1_errors: 12107 ; type_2_errors: 65340 ; hits: 63 ; ratio: 0.005203601222433303
-0.005936282177195455, -0.013144907106373708, 0.010769977740651753, 0.013408284989505964, 0.009802987577472702, -0.0015685124910292693, -0.013331548533032101
type_1_errors: 14421 ; type_2_errors: 65325 ; hits: 78 ; ratio: 0.005408778864156439
0.0041657109321125195, 0.004025742898106633, -0.0036104366990934397, -0.007902541560781661, -0.004969438068070883, 0.002965267531652635, 0.005325694966074324
type_1_errors: 11559 ; type_2_errors: 65301 ; hits: 102 ; ratio: 0.008824292758889176
-0.0034273989117280766, 0.0008621303368221614, 0.002388960950693934, 0.0017705384800980448, 0.0018259217619683336, -0.00226556098074898, -0.0011545916371054543
type_1_errors: 17922 ; type_2_errors: 65322 ; hits: 81 ; ratio: 0.004519584867760294
-0.0002387429421673112, -0.0058826471105976625, 0.002711355162540762, 0.0033892198604616734, 0.003600390400249462, 0.002631832173945224, -0.006211407544432152
type_1_errors: 13867 ; type_2_errors: 65349 ; hits: 54 ; ratio: 0.0038941371601644193
0.003969809047299372, -0.002441932712414277, -0.0029448017267229387, 6.740565684725143e-05, -0.0008617983533335447, 0.001691395921292517, 0.0005199221670317135
type_1_errors: 15147 ; type_2_errors: 65234 ; hits: 169 ; ratio: 0.01115732488281508
-0.004204107466937762, 0.0025645478747413205, 0.002681865723430262, 0.002400636559960433, -0.00013569029412591847, -0.005256086557430536, 0.001948834160362198
type_1_errors: 12579 ; type_2_errors: 65371 ; hits: 32 ; ratio: 0.002543922410366484
-0.0006099274590553614, 0.003497884618422459, -0.00015323799107559363, -0.0037102721141625624, -0.00011455459227202429, -0.0018569808464459737, 0.002947088384589078
type_1_errors: 17839 ; type_2_errors: 65332 ; hits: 71 ; ratio: 0.003980043724424015
-0.005214835023517511, 0.006784837932087236, 0.0034865923593754705, -0.0019714665820843792, -0.0032088691679127003, -0.004249410874754108, 0.004373151356806122
type_1_errors: 10490 ; type_2_errors: 65381 ; hits: 22 ; ratio: 0.0020972354623450904