
0.0009459973015320184, 0.0001759463270789334, -1.3385823042903617e-05, -0.0010423196640011855, -0.0010901470119062445, -0.0011949191365991192, 0.0022188280069385022
type_1_errors: 8967 ; type_2_errors: 65391 ; hits: 12 ; ratio: 0.0013382402141184342
-3.195959192258963e-21, 7.86935209330974e-21, -1.9256461537912656e-18, 1.937748557742409e-18, -3.021112418692291e-20, 3.919644238030696e-18, -1.9422210938391783e-18
type_1_errors: 17086 ; type_2_errors: 65245 ; hits: 158 ; ratio: 0.009247337001053494
-0.0006508246416478424, 0.0054334987428243916, -0.005010682824570348, -0.002419361196727863, 0.002147465858200102, -0.00025666269216967965, 0.000756566754091377
type_1_errors: 17209 ; type_2_errors: 65311 ; hits: 92 ; ratio: 0.0053460398628624554
-0.004824548159766613, 0.000244772289830205, 0.0028081416584377844, 0.0033816263584772782, 0.003986905293241637, -0.001627828786217702, -0.0039690686540026264
type_1_errors: 10269 ; type_2_errors: 65359 ; hits: 44 ; ratio: 0.004284740481059499
0.0021839939225937973, -0.004341574078308716, 0.0023387990125348815, 0.002614306971043624, -0.0037347755526013276, -0.0011246590020870934, 0.0020639087268247845
type_1_errors: 12332 ; type_2_errors: 65032 ; hits: 371 ; ratio: 0.03008433344145313
0.005012001832600861, 0.003044586383598796, -0.0016785272942369763, -0.00439898271273251, -0.01215608562496604, -0.001071714348521438, 0.011248721764257374
type_1_errors: 10585 ; type_2_errors: 65293 ; hits: 110 ; ratio: 0.010392064241851677
-0.0018104909446988108, -0.0005184419551693783, 0.0009987945225900126, 0.0013093105555870472, 0.0033047330542271235, -0.0010774204215356705, -0.0022064848110003245
type_1_errors: 9588 ; type_2_errors: 65359 ; hits: 44 ; ratio: 0.00458906967042136
-0.0026832370499439997, -0.0009347633272885235, 0.002200682281403452, 0.0033951908517114017, 0.001311950398974195, -0.0008389635425898855, -0.0024508596122666693
type_1_errors: 13366 ; type_2_errors: 65356 ; hits: 47 ; ratio: 0.003516384857100105
-0.0023448944412445528, -0.014086779566505073, 0.011622213465445648, 0.007993748812218177, 0.008255918605082247, -0.0024786730286088013, -0.00896153384638763
type_1_errors: 16491 ; type_2_errors: 65305 ; hits: 98 ; ratio: 0.005942635376872233
-0.0059473822276999945, -0.002310245786858794, -0.008587001316669637, 0.00696931304833327, 0.036080764454251575, -0.011485940486330401, -0.014719507685026043
type_1_errors: 14938 ; type_2_errors: 65313 ; hits: 90 ; ratio: 0.006024902932119427
-0.019380273625047826, 0.04143706460691675, 0.0004959742000755369, -0.018307871463696525, -0.017816537820797576, -0.0023308880519139997, 0.01590253215446369
type_1_errors: 6825 ; type_2_errors: 65359 ; hits: 44 ; ratio: 0.006446886446886447
-0.0014060294730720724, -0.000269473202871873, 0.0007761761298690481, 0.0008146643799975647, 0.0017652003745104576, 0.000704444444302032, -0.002384982652735148
type_1_errors: 9329 ; type_2_errors: 65361 ; hits: 42 ; ratio: 0.004502090256190374
0.0019802982483957134, 0.000560183974492662, -0.002622126340361694, -0.0011770817748865835, -0.00010167163995461982, -0.000459615396821831, 0.0018200129291363483
type_1_errors: 12439 ; type_2_errors: 65365 ; hits: 38 ; ratio: 0.0030549079507999036
-0.00015273403920768323, 0.004893563370893489, -0.004626365381538019, -0.003082863996977086, 0.0018419303061979599, 0.0005187802854663423, 0.0006076894551650809
type_1_errors: 17020 ; type_2_errors: 65313 ; hits: 90 ; ratio: 0.005287896592244419
-0.017027364784910858, 0.1173204054446779, 0.08821144412792487, -0.16572986595002379, -0.15466255323360475, -0.030768910708343068, 0.1626568451042796
type_1_errors: 0 ; type_2_errors: 65403 ; hits: 0 ; ratio: 0
-0.00036287959724330324, 0.00026786490273691846, 3.551914969986123e-05, -3.0141214779788594e-05, 0.0003880093841821504, 1.028134695073369e-05, -0.00030865397154661214
type_1_errors: 11063 ; type_2_errors: 65338 ; hits: 65 ; ratio: 0.005875440658049354
-0.0008558696251615203, 1.8855361152714478e-06, 0.0003952776085860142, 0.0009036687159465159, 0.000747131623351065, -0.0006605897584930219, -0.0005315041003443381
type_1_errors: 10377 ; type_2_errors: 65369 ; hits: 34 ; ratio: 0.00327647682374482
0.0002605928337952852, 0.0019975531876172017, -0.0024045533304390813, -0.0010719158985113813, 0.0002588877896527436, 0.0007648624971271831, 0.00019457292075802888
type_1_errors: 11069 ; type_2_errors: 65344 ; hits: 59 ; ratio: 0.005330201463546843
0.0018215834621501505, 0.0006643254433523115, -0.002118642859074752, -0.002704671312800669, 0.001458727302545535, -0.0005799972200524081, 0.001458675183879877
type_1_errors: 11386 ; type_2_errors: 65364 ; hits: 39 ; ratio: 0.0034252590901106624
-0.013337187712092814, -0.005294337588123776, 0.004353468541812257, 0.01423152320810559, 0.019590928514381708, 0.007204513392846728, -0.026748908356929647
type_1_errors: 12380 ; type_2_errors: 65359 ; hits: 44 ; ratio: 0.003554119547657512
0.0302316970670814, -0.020755522473610767, -0.014695647512417491, -0.0018493201046736664, -0.006913834779763365, 0.0005456498887827247, 0.013436977914601049
type_1_errors: 9405 ; type_2_errors: 65222 ; hits: 181 ; ratio: 0.01924508240297714
0.031732169532846854, -0.015495681308778313, -0.025293602206342337, -0.009684747273378681, 0.006101891683743324, 0.005110256624829051, 0.00752971294708008
type_1_errors: 10638 ; type_2_errors: 65366 ; hits: 37 ; ratio: 0.0034780973867268284
-0.061428160726695304, 0.0033670050050733508, 0.05384077361146405, 0.04392381471206116, 0.009059374748719394, -0.013519348744673114, -0.03524345860594947
type_1_errors: 441 ; type_2_errors: 65400 ; hits: 3 ; ratio: 0.006802721088435374
0.0017584779432112871, -0.0007762961559283384, -0.0018288768048352704, 0.00025879572309889617, 0.00011583424904100493, -0.00036193532766363437, 0.0008340003730760598
type_1_errors: 11972 ; type_2_errors: 65369 ; hits: 34 ; ratio: 0.0028399599064483794
0.004390969841305638, -0.004403259500805352, -0.003640747488383269, 0.0049102045872394156, -0.0024900329981335906, 0.00048292064427498283, 0.0007499449145021824
type_1_errors: 12424 ; type_2_errors: 65041 ; hits: 362 ; ratio: 0.02913715389568577
-0.0032444268242002644, 0.0009375933138612929, 0.003550667465696717, 0.0023995434437498273, -0.0037690439711214377, 0.000915382124101656, -0.0007897155520877932
type_1_errors: 15487 ; type_2_errors: 65312 ; hits: 91 ; ratio: 0.005875895912700975
-0.004534919742243291, 0.004837555458642143, 0.015404117868547517, -0.0032301737665597885, -0.02363314869869786, -0.0016379116168661783, 0.012794480497177393
type_1_errors: 12854 ; type_2_errors: 65344 ; hits: 59 ; ratio: 0.004590010891551268
-5.686135178951318e-06, -1.3222571060384208e-05, -2.394984912279882e-05, 8.196587533606714e-06, 8.296424666953582e-05, 5.510806926990655e-06, -5.381308576798136e-05
type_1_errors: 10987 ; type_2_errors: 65343 ; hits: 60 ; ratio: 0.005460999362883408
0.00012246535659122355, 5.46251758577358e-05, -2.2111884370147127e-05, -0.000134752263937774, -0.00021405103310979354, -8.711162332263834e-05, 0.00028093627229135566
type_1_errors: 8413 ; type_2_errors: 65296 ; hits: 107 ; ratio: 0.012718411981457269
-0.0005076261146177827, 0.0012715089763870007, -0.0006418436643583403, 0.00024498796489049954, -0.0008656848020171682, 0.0002519921725676536, 0.0002466654671480537
type_1_errors: 17380 ; type_2_errors: 65241 ; hits: 162 ; ratio: 0.009321058688147296
-0.0009211827866972104, 0.0008492607315485602, 0.0008094325454714634, 0.0001404113595446196, -0.0013075135897502646, 0.00023685598142132638, 0.00019273575846151552
type_1_errors: 11106 ; type_2_errors: 65344 ; hits: 59 ; ratio: 0.005312443724113092
-0.0007321017606556852, 0.0008473069904864208, 0.0007111944746485153, 0.0007635168582157414, -0.0025794252072349876, 0.00017959755273086776, 0.0008099110918091866
type_1_errors: 18636 ; type_2_errors: 65223 ; hits: 180 ; ratio: 0.009658725048293626
-0.005087283512471908, 0.004676450630207392, 0.0010546085962780327, 0.0006979884881714544, 0.0010620949249396058, -0.0012951417757108385, -0.0011087173514136035
type_1_errors: 17119 ; type_2_errors: 65337 ; hits: 66 ; ratio: 0.0038553653834920262
-0.005446211297852928, -0.0030805628055948168, 0.00625810579890834, 0.009981674871905506, -0.0026242905307109843, -0.0016487849348362736, -0.0034399311018188617
type_1_errors: 11534 ; type_2_errors: 65336 ; hits: 67 ; ratio: 0.005808912779608115
0.0072658486273800855, -0.0030219979688107202, -0.0019183985991881266, -0.002264202653486502, -0.005755453215943488, -0.002507993131128358, 0.008202196941176954
type_1_errors: 16412 ; type_2_errors: 65311 ; hits: 92 ; ratio: 0.005605654399220083
0.005564382832714085, 0.0030742319134268977, -0.0033977562266872415, -0.006085455269636776, -0.007796650952380878, -0.0013167639429980476, 0.009958011645561931
type_1_errors: 10358 ; type_2_errors: 65294 ; hits: 109 ; ratio: 0.010523267039969105
0.01360535983866265, -0.0009622899459995643, -0.00584294481229122, -0.009344115167123307, -0.014552332304014554, 0.0036880800565854315, 0.013408242334180458
type_1_errors: 10772 ; type_2_errors: 65293 ; hits: 110 ; ratio: 0.010211659858893428
0.15971818218549677, 0.06307467621300768, -0.03178723619590807, -0.12699282752230814, -0.22309337289573455, -0.31936830103599395, 0.4784488792514403
type_1_errors: 0 ; type_2_errors: 65402 ; hits: 1 ; ratio: inf
0.010016608249183262, -0.014129749509201785, 0.0049114350344896356, 0.00845927478595725, -0.015194584539703949, -0.004085297365512823, 0.010022313344788491
type_1_errors: 13293 ; type_2_errors: 65097 ; hits: 306 ; ratio: 0.023019634394041977
-0.07358494704768088, -0.0011667543466362326, 0.020839035153894063, 0.060156884313963065, 0.10415174605409168, -0.024786831646382186, -0.08560913248124948
type_1_errors: 8 ; type_2_errors: 65402 ; hits: 1 ; ratio: 0.125
-0.1799846710056188, 0.1300959101304883, 0.07609211059155377, 0.043085089831530046, 0.010213042272603048, -0.0246213210247399, -0.05488016079581627
type_1_errors: 1 ; type_2_errors: 65403 ; hits: 0 ; ratio: 0.0
-3.765707232990904e-05, 2.6803115756332877e-06, 2.4194354706143986e-05, 3.09007728261729e-05, 1.0201744152242911e-05, 2.6576504935444324e-06, -3.2977761423885734e-05
type_1_errors: 11783 ; type_2_errors: 65362 ; hits: 41 ; ratio: 0.003479589238733769
-0.000132698371383011, 0.0001028111640481526, 7.797274013051169e-05, 7.1403024622165345e-06, -2.7855395427920422e-05, 4.533331004370956e-06, -3.190377083434884e-05
type_1_errors: 10815 ; type_2_errors: 65347 ; hits: 56 ; ratio: 0.005177993527508091
-0.0009179634795491808, 0.0009098090959562255, -4.903628064148047e-05, 0.0002974030321789598, 9.180551199393247e-05, 7.906039955520825e-05, -0.00041107827949363586
type_1_errors: 11016 ; type_2_errors: 65348 ; hits: 55 ; ratio: 0.004992737835875091
0.0015835240269917838, -0.0015120164626114402, -5.887217091874235e-06, 0.0002536954174222023, -0.0009155221271602674, -0.0008475549784719211, 0.0014437613409215772
type_1_errors: 11613 ; type_2_errors: 65043 ; hits: 360 ; ratio: 0.030999741668819428
-0.0010801139929539788, -0.005065073733794403, 0.0033121891612482653, 0.00347356020182848, 0.004846525966227096, -0.0015564365562371106, -0.0039306510463184416
type_1_errors: 13595 ; type_2_errors: 65350 ; hits: 53 ; ratio: 0.0038984920926811327
-0.0036083596182833765, -0.0003269959532296598, 0.0033214622930748117, 0.003324367236427059, 0.0010781822624577808, -0.0021301779306472737, -0.0016584782897992947
type_1_errors: 11321 ; type_2_errors: 65368 ; hits: 35 ; ratio: 0.0030915996820068898
0.0013999724825773995, -0.0013039005376644403, -0.0012263500539699864, -0.00040321481867505005, 0.003015997031844906, -0.001797281598927044, 0.00031477749481416477
type_1_errors: 9921 ; type_2_errors: 65336 ; hits: 67 ; ratio: 0.006753351476665659
0.00614676228894119, -0.00111092588483249, -0.006384379608067671, -0.0025269430670329333, 0.0011513032684410149, -0.0005102032129972952, 0.003234386215548169
type_1_errors: 13481 ; type_2_errors: 65365 ; hits: 38 ; ratio: 0.002818781989466657
-0.0075326921470767125, 0.0016809161910693923, 0.008731632514265772, 0.006962070133485017, -0.008144893716850978, -0.002731381096703094, 0.0010343481218105346
type_1_errors: 12497 ; type_2_errors: 65346 ; hits: 57 ; ratio: 0.004561094662719052
0.004969952397347095, 0.009553988607597694, -0.01130642579285103, -0.012620403199587255, -0.0002918893163906175, 0.006081033980876444, 0.003613743323007806
type_1_errors: 14066 ; type_2_errors: 65348 ; hits: 55 ; ratio: 0.003910137921228494
-0.004876920646809735, -0.0003354825074005007, 0.007587934251903899, 0.004821372482225558, -0.0063243213231793495, -0.0012282753900725472, 0.0003556931333327092
type_1_errors: 12144 ; type_2_errors: 65347 ; hits: 56 ; ratio: 0.00461133069828722
0.004994118654671213, -0.008356812072927617, 0.00055001934450853, 0.006352125023291032, -0.004287401402804856, -0.0008623012056862368, 0.0016102516589480795
type_1_errors: 12991 ; type_2_errors: 65027 ; hits: 376 ; ratio: 0.028943114463859596
0.00040996964618786395, -0.009203610353083622, 0.001766168890367485, 0.004459087097128012, 0.011081734892935218, 0.0009528272495666332, -0.009466177423101565
type_1_errors: 15087 ; type_2_errors: 65342 ; hits: 61 ; ratio: 0.004043216013786704
0.0018023645730398648, -0.01203388857699667, 0.004028034891455201, 0.01118392708316687, 0.002250143680406134, -0.0048089527293887525, -0.0024216289216824304
type_1_errors: 16548 ; type_2_errors: 64731 ; hits: 672 ; ratio: 0.04060913705583756
-0.007021210253442907, 0.008006915417135375, 0.0076208483210442515, -0.0015275220996457824, -0.00931404372331273, -0.005180055103633506, 0.0074150674418553405
type_1_errors: 12327 ; type_2_errors: 65327 ; hits: 76 ; ratio: 0.006165328141478056
-0.009448838678136883, -0.004942005896783278, 0.014008926253331184, 0.009420595214875389, -0.0006872562433596195, -0.0015199166184939007, -0.006831504031432877
type_1_errors: 12746 ; type_2_errors: 65353 ; hits: 50 ; ratio: 0.003922799309587321
-0.012917747952307984, 0.005289764103620687, 0.0026580793064772527, 0.0037171064896006152, 0.013046168891700828, 0.003181692717631978, -0.014975063556723392
type_1_errors: 18088 ; type_2_errors: 65310 ; hits: 93 ; ratio: 0.005141530296329058
0.00317536303462235, 0.010021191866979692, 0.0019621205905914346, -0.007769626457040753, -0.02188714276674781, -0.009923455000380506, 0.024421548731975568
type_1_errors: 12269 ; type_2_errors: 65329 ; hits: 74 ; ratio: 0.00603146140679762
-0.011840599154951026, 0.0024378380034176515, 0.014311236644320114, 0.0064576358703487165, -0.008688787501503321, -0.00038587427270224937, -0.0022914495889299487
type_1_errors: 17447 ; type_2_errors: 65303 ; hits: 100 ; ratio: 0.005731644408780879
-0.17571176121504975, -0.07034813962373318, 0.03360277263854616, 0.14224849337040726, 0.2466706425290947, 0.35151340968536854, -0.5279754173846339
type_1_errors: 0 ; type_2_errors: 65403 ; hits: 0 ; ratio: 0
-0.12665540129009326, 0.1818268568784598, -0.002285648094311846, -0.01244249481973806, -0.036903156465681895, -0.02892548688391425, 0.025385330675279497
type_1_errors: 0 ; type_2_errors: 65403 ; hits: 0 ; ratio: 0
-0.0525680016623357, -0.13504744314661926, 0.16650974528002907, 0.0968951038385781, 0.028658284016263587, -0.023395634961267526, -0.0810520533646482
type_1_errors: 0 ; type_2_errors: 65403 ; hits: 0 ; ratio: 0
-7.206162255546556e-07, -2.1210035533356509e-07, 4.0934634156218557e-07, 5.383822111237122e-07, 9.955610473750836e-07, 1.4054503532950324e-07, -1.1511180545948333e-06
type_1_errors: 8530 ; type_2_errors: 65362 ; hits: 41 ; ratio: 0.004806565064478312
-6.2099645038623316e-06, -2.712887997452255e-06, 4.449831233497013e-06, 3.8612446416862416e-06, 8.877872717325672e-06, 3.6854227167888953e-06, -1.195151880797242e-05
type_1_errors: 9744 ; type_2_errors: 65318 ; hits: 85 ; ratio: 0.008723316912972085
-0.0008544493188593843, -0.0001957652678592183, 0.0009417082830075597, 0.0005806644636352678, 0.00033248635959493423, -6.827698967359544e-05, -0.0007363675298455926
type_1_errors: 9943 ; type_2_errors: 65357 ; hits: 46 ; ratio: 0.004626370310771397
0.00030312352999160136, 0.0002638228365657609, -6.477360070202741e-05, -0.0004056538450798859, -0.0007694565212247382, -0.00012288638228117097, 0.0007958239827304561
type_1_errors: 8557 ; type_2_errors: 65296 ; hits: 107 ; ratio: 0.012504382377001286
-0.00045599027363069485, 0.0010509205340463517, -0.0006531922131213835, 0.00011864711746134026, -0.00030526154493484625, 0.00034868956152318424, -0.00010381318134409488
type_1_errors: 17352 ; type_2_errors: 65241 ; hits: 162 ; ratio: 0.00933609958506224
0.0003844291315693628, 0.0010289570365603661, -0.0014151979525611215, 0.0005442225150102914, -0.0018575972205700305, 0.00029195873413566793, 0.0010232277558554677
type_1_errors: 18774 ; type_2_errors: 65224 ; hits: 179 ; ratio: 0.009534462554596782
0.0001044625507120454, 0.006922317793338388, -0.004249027972321072, -0.0030269509977571313, -0.005330748217958309, 0.0015000970475079574, 0.004079849796478069
type_1_errors: 20287 ; type_2_errors: 65220 ; hits: 183 ; ratio: 0.009020555035244245
0.00010896301024651518, 0.004550239064769274, -0.006699722588709116, 0.0031022673745235737, -0.0030732859962305783, 0.00023368683840139867, 0.0017778522969989139
type_1_errors: 20093 ; type_2_errors: 65221 ; hits: 182 ; ratio: 0.009057880854028767
-0.0020771503451436895, 0.00021956950989701962, 0.00028354991676740046, 0.0017153378822733056, 0.0027102464517194352, -0.0003356516959514787, -0.00251590171956203
type_1_errors: 9579 ; type_2_errors: 65359 ; hits: 44 ; ratio: 0.0045933813550475
0.003823296292534299, -0.0018428385408413627, -0.0035018482815367255, -0.0009949937096225313, 0.0009486140670625053, 0.0013695610698905216, 0.0001982091025132985
type_1_errors: 12219 ; type_2_errors: 65310 ; hits: 93 ; ratio: 0.007611097471151486
-0.003893403950668923, 0.0011894402811179618, 0.005726943435082541, 0.0012232496504952174, -0.004453123669828019, -0.0002580530537361228, 0.00046494730753731187
type_1_errors: 11795 ; type_2_errors: 65348 ; hits: 55 ; ratio: 0.0046629927935565915
-0.003966096053125261, 0.006883796821871691, 0.0018655264208268874, -0.003533633046271691, -0.0050251679788143235, 0.002566721622529815, 0.0012088522129830605
type_1_errors: 12138 ; type_2_errors: 65339 ; hits: 64 ; ratio: 0.005272697314219805
0.00047637349130711634, -0.005915744863682935, 0.0037733805705181056, 0.0036998077309510283, 0.0014472936051782076, -0.002367049314709674, -0.0011140612195617598
type_1_errors: 10939 ; type_2_errors: 65307 ; hits: 96 ; ratio: 0.008775939299753177
0.0024343029469048407, 0.01055200484174829, -0.007217030574394576, -0.00982523692022956, -0.0034904315658256407, -0.002041145700251804, 0.009587536972048607
type_1_errors: 14573 ; type_2_errors: 65306 ; hits: 97 ; ratio: 0.006656144925547245
0.0032513387492886714, 0.0009735198751015166, -0.0005786310258441124, -0.002213685529670807, -0.007514645870067492, -0.00039075943871544105, 0.006472863239907771
type_1_errors: 9811 ; type_2_errors: 65293 ; hits: 110 ; ratio: 0.011211905004586688
0.006987820585904065, -0.00023602009260528955, -0.005709650174236062, -0.005419341207189313, -0.0006120544437543452, -0.00042608984637693733, 0.005415335178257928
type_1_errors: 10326 ; type_2_errors: 65279 ; hits: 124 ; ratio: 0.01200852217702886
0.0023742482445387025, -0.005402137038886997, 0.0030999126728755546, 4.0859000718138856e-05, 0.0003543900308274106, -0.0004658120281084088, -1.460881964289798e-06
type_1_errors: 17898 ; type_2_errors: 65316 ; hits: 87 ; ratio: 0.004860878310425746
0.004833683499420543, -0.0009118989713644373, 0.0008747424703844942, -0.0015101314290986057, -0.010700725932031623, -0.0020097298698801666, 0.009424060232569744
type_1_errors: 17246 ; type_2_errors: 65309 ; hits: 94 ; ratio: 0.0054505392554795315
-0.009158042181325595, -0.002782391707618366, 0.006016160181223933, 0.00655109948088867, 0.011952769261280192, 0.0012367339359231672, -0.013816328970372042
type_1_errors: 12575 ; type_2_errors: 65355 ; hits: 48 ; ratio: 0.0038170974155069585
0.003570821463951864, 0.004812936441127693, -0.00425699956258814, -0.005406527046880848, -0.005698458388233675, -0.0008451148218871365, 0.007823341914510274
type_1_errors: 11544 ; type_2_errors: 65326 ; hits: 77 ; ratio: 0.00667013167013167
-0.008615836187555438, -0.0012718911078714605, 0.008465665155421277, 0.006156040353619968, 0.0032377697985531955, -0.0007518486149612446, -0.007219899397206224
type_1_errors: 12493 ; type_2_errors: 65353 ; hits: 50 ; ratio: 0.004002241255102857
0.011604270081685944, 0.007625735792578638, -0.0036722435644463733, -0.016525643335701955, -0.01946061246567339, -0.004567170256770412, 0.02499566374832768
type_1_errors: 10572 ; type_2_errors: 65298 ; hits: 105 ; ratio: 0.009931895573212259
-0.020228385749735976, -0.00021300831278079187, 0.020128505593022306, 0.015146564551672867, -0.002176310561537576, 0.0008342611582871578, -0.013491626678928004
type_1_errors: 16311 ; type_2_errors: 65310 ; hits: 93 ; ratio: 0.005701673717123414
0.010806147364516327, 0.005694709306341642, -0.005333450106951525, -0.00800709110244315, -0.020406500850422032, -0.007142355282827362, 0.024388540671785836
type_1_errors: 10640 ; type_2_errors: 65297 ; hits: 106 ; ratio: 0.009962406015037594
-0.023111998636814575, -0.00163135147192807, 0.01762855176161986, 0.017641198730587844, 0.013902995829716849, -0.004415045717148894, -0.02001435049603304
type_1_errors: 17073 ; type_2_errors: 65349 ; hits: 54 ; ratio: 0.0031628887717448603
0.019748975254053946, 0.005694098675384931, -0.010440106602882178, -0.017532882074490844, -0.022483008588020645, -0.007639255090206189, 0.032652178426160854
type_1_errors: 8819 ; type_2_errors: 65309 ; hits: 94 ; ratio: 0.010658804853157955
-0.0008563109130062872, 0.01751321744045388, -0.013045076758352182, -0.012676836927305417, 0.001658469726007885, 0.004465656639077329, 0.0029408807931247494
type_1_errors: 11160 ; type_2_errors: 65341 ; hits: 62 ; ratio: 0.005555555555555556
0.025263830974612378, 0.005847429737103869, -0.013692245046887937, -0.024666961858379202, -0.021409963635333956, -0.009230341499836547, 0.03788825132872136
type_1_errors: 8956 ; type_2_errors: 65343 ; hits: 60 ; ratio: 0.006699419383653417
-0.028315701586897238, -0.0018927161057388031, 0.006224291489184883, 0.02278036932615216, 0.04500875472363299, -0.0038979933323847332, -0.03990700451394933
type_1_errors: 3979 ; type_2_errors: 65391 ; hits: 12 ; ratio: 0.0030158331239004774
0.11730773601569704, 0.04651996858451782, -0.025120923270868737, -0.09313579002952846, -0.16285698648676333, -0.23084122287118478, 0.3481272180581304
type_1_errors: 0 ; type_2_errors: 65403 ; hits: 0 ; ratio: 0
-0.11826534812911735, 0.08486965660903555, 0.055490487572322375, 0.03523418411770801, -0.0031270026909062418, -0.03616669153107517, -0.01803528594796729
type_1_errors: 2 ; type_2_errors: 65403 ; hits: 0 ; ratio: 0.0
-5.929820269684626e-09, 4.4546802958210114e-09, 1.3322629197560693e-09, 8.245612968198996e-10, 1.833610192925235e-09, 1.8355643651224105e-09, -4.3508587491200345e-09
type_1_errors: 12502 ; type_2_errors: 65352 ; hits: 51 ; ratio: 0.004079347304431291
-0.0013041110915158055, 0.013399557556516612, -0.01833579077226241, -0.001300927295220756, 0.007613861629812022, 0.0028451004815997667, -0.0029176905089294066
type_1_errors: 16791 ; type_2_errors: 65316 ; hits: 87 ; ratio: 0.0051813471502590676
-0.007021447397839943, 0.005210651284091602, 0.00930972282037563, 4.623685737945517e-05, -0.013721450102419526, 0.00614072631777934, 3.556022063327538e-05
type_1_errors: 16726 ; type_2_errors: 65304 ; hits: 99 ; ratio: 0.005918928614133684
0.00020313694055485774, -0.00031521091479571857, 0.0002342979790608779, -3.209563249239053e-07, -0.00015415061084869417, -0.0002706948949219655, 0.0003029424572755506
type_1_errors: 10282 ; type_2_errors: 65313 ; hits: 90 ; ratio: 0.008753160863645205
0.00023011658026808, -7.644937638686934e-05, -0.00014380417463584263, -0.0005063312831759706, 0.00036604434732264715, 0.00036366925375197197, -0.00023324534714398257
type_1_errors: 11297 ; type_2_errors: 65346 ; hits: 57 ; ratio: 0.005045587324068337
0.0011173024475072194, -0.0008829204577188241, -0.0014854415845793139, 0.0008875108340777861, 0.0005488672981688265, -0.00010771315670295437, -7.760538075273621e-05
type_1_errors: 11839 ; type_2_errors: 65369 ; hits: 34 ; ratio: 0.0028718641777177125
0.0014625798585631206, -0.0004706059900403451, 0.00019489605520969593, -0.0011792800272122225, -0.0026528156805415543, 0.0016414380207039594, 0.0010037877633173292
type_1_errors: 14740 ; type_2_errors: 65293 ; hits: 110 ; ratio: 0.007462686567164179
-1.3011682779481816e-05, -0.0036828606313334712, -0.000381839345457576, 0.0027509941733978847, 0.006133350602763856, -0.0004999530905464119, -0.004306680026044666
type_1_errors: 13878 ; type_2_errors: 65349 ; hits: 54 ; ratio: 0.0038910505836575876
-0.0030049007954898667, -0.00047826446946918645, 0.003528636609674773, 0.0036113000172230646, -0.0003657268465913714, -0.0037962656769001107, 0.0005052211615528134
type_1_errors: 11426 ; type_2_errors: 65368 ; hits: 35 ; ratio: 0.003063189217573954
0.0007666059933474365, 0.00020962049291335772, 0.000216021502381714, -0.0009189801997649972, -0.0025306636651570742, 0.0013064434954309448, 0.0009509523808486408
type_1_errors: 14624 ; type_2_errors: 65294 ; hits: 109 ; ratio: 0.007453501094091904
0.003232863095038553, -0.004911683807612466, 0.00023861529794050256, 0.001035428577204179, -0.00013648310074898228, 0.0013734597459544168, -0.0008321998077762133
type_1_errors: 16827 ; type_2_errors: 65272 ; hits: 131 ; ratio: 0.00778510726808106
0.001824335456575203, 0.0018246933261882605, -0.002115513702938986, -0.0030571395526848124, -0.0009116683456599382, -0.0006126692092624804, 0.003047962027782686
type_1_errors: 12507 ; type_2_errors: 65323 ; hits: 80 ; ratio: 0.0063964180059166865
-0.0002574234656282885, -0.0024762594370551162, 0.0029250490831218344, 0.0025756501604267865, -0.0018613915744897563, -0.0017785256857430747, 0.0008729009193675441
type_1_errors: 15088 ; type_2_errors: 65315 ; hits: 88 ; ratio: 0.005832449628844115
-0.003441684627329719, 0.0019197870312360223, 0.0025486071593286744, 0.0016301717440868671, -0.0019561817114873746, -0.00012140783880224565, -0.0005792917570321887
type_1_errors: 15131 ; type_2_errors: 65313 ; hits: 90 ; ratio: 0.005948053664661952
-0.008401434810438244, -0.00337344664514068, 0.002624481330747936, 0.006167715400375668, 0.011570945714256492, 0.015132879135701115, -0.0237211401255023
type_1_errors: 5771 ; type_2_errors: 65328 ; hits: 75 ; ratio: 0.012996014555536303
-0.004556164182507527, 2.9511544583495374e-05, 0.005232558078659931, 0.003867076098773518, -0.0019788166823760897, -0.0013843998740805767, -0.001209764983052801
type_1_errors: 11373 ; type_2_errors: 65348 ; hits: 55 ; ratio: 0.004836015123538205
-0.00499543581817541, -0.005220174379892244, 0.007074188670275928, 0.007073392724779026, 0.003742350184827803, -0.000928146416582843, -0.006746174965232328
type_1_errors: 11589 ; type_2_errors: 65349 ; hits: 54 ; ratio: 0.004659590991457417
-0.0025450923880287833, 0.0009184278628297407, 0.002820985634246168, 0.0033496075677859572, -0.005455718639466594, 0.0002570870526144855, 0.0006547029100189716
type_1_errors: 9212 ; type_2_errors: 65353 ; hits: 50 ; ratio: 0.005427702996092054
0.0020066646263436753, -0.009874132920142217, 0.0014532823064239786, 0.005637966855864919, 0.006759955538050663, 0.0010837359732572675, -0.007067472379798232
type_1_errors: 14604 ; type_2_errors: 65344 ; hits: 59 ; ratio: 0.004039989044097508
9.546828247342752e-05, 0.005049374135852146, -0.0015752750871460654, -0.005078699304591831, -0.0019360519920330976, -0.00041037812767525647, 0.0038555620931207133
type_1_errors: 13295 ; type_2_errors: 65315 ; hits: 88 ; ratio: 0.00661902971041745