
0.0007734931901406575, 0.0001985570324427909, 0.00021196680935466468, -0.001024449573237406, -0.0012262594904763216, -0.0009557438398116964, 0.002022435871587313
type_1_errors: 14882 ; type_2_errors: 65316 ; hits: 87 ; ratio: 0.005845988442413654
2.452425038112791e-18, -8.71681996471896e-19, 2.3563096614998967e-20, -2.0403545944998783e-18, -1.6992447959134953e-18, 1.55337700812987e-18, 1.917651510529236e-18
type_1_errors: 13613 ; type_2_errors: 65306 ; hits: 97 ; ratio: 0.007125541761551458
2.2390674450068494e-11, 8.403572498714143e-12, -1.1085307099645985e-11, -2.387812398333181e-11, -3.346155287680469e-11, 6.536984381542163e-12, 3.1093816225999274e-11
type_1_errors: 8362 ; type_2_errors: 65297 ; hits: 106 ; ratio: 0.012676393207366658
0.0079809556031474, -0.0010068435229604938, -0.08012147784676743, 0.018560632758388103, 0.10265385757246627, 0.016644781962891, -0.06471190652716478
type_1_errors: 0 ; type_2_errors: 65403 ; hits: 0 ; ratio: 0
0.14042055452542712, 0.02155350686419771, -0.10074412286537181, -0.11375325742656359, -0.1089012475298604, 0.011747897327347122, 0.14967666910482377
type_1_errors: 0 ; type_2_errors: 65403 ; hits: 0 ; ratio: 0
6.360745807519045e-17, 7.577967354093333e-17, 8.604659868161861e-17, 1.0367262400780213e-16, 1.025839726227574e-16, 1.0606603925132473e-16, 3.788266805372768e-17
type_1_errors: 9920 ; type_2_errors: 65342 ; hits: 61 ; ratio: 0.006149193548387097
0.05445796062839332, 0.005581887657347347, -0.06882244892603288, -0.0369805795257298, 0.008532561724383077, 0.014509208775457574, 0.02272140966618124
type_1_errors: 488 ; type_2_errors: 65400 ; hits: 3 ; ratio: 0.006147540983606557
-0.031113775239809866, -0.014649527746277695, 0.021329093423634652, 0.05916567882228283, 0.014698353136011361, -0.03227982626316217, -0.017149996132679087
type_1_errors: 2235 ; type_2_errors: 65402 ; hits: 1 ; ratio: 0.00044742729306487697
0.019199555669157296, -0.03137899943248537, -0.07929485726089354, 0.09808245701191735, 0.04117354513244045, -0.017717369109576248, -0.03006433201056001
type_1_errors: 3 ; type_2_errors: 65402 ; hits: 1 ; ratio: 0.3333333333333333
-0.000587364964184205, -0.0001897511858976596, 0.00044263669593722603, 0.0008082601193860709, 0.00017357038149229178, -6.952219029821412e-05, -0.0005778288564355237
type_1_errors: 12166 ; type_2_errors: 65362 ; hits: 41 ; ratio: 0.003370047673845142
0.00014261771146010155, 8.177624494553485e-05, 0.00012028435265880731, -5.277032996653337e-05, -0.0007550059043871797, -7.740210544962245e-05, 0.0005405000307388675
type_1_errors: 14469 ; type_2_errors: 65316 ; hits: 87 ; ratio: 0.006012855069458843
-0.0010376472410697937, 0.0007856872331927011, -0.00020715330699741034, 0.001900683808211165, -0.0011768366903393249, -0.0002223175355098781, -4.241626748743934e-05
type_1_errors: 18451 ; type_2_errors: 65225 ; hits: 178 ; ratio: 0.009647173594927104
0.004138531532001002, -0.004310694658218574, -0.009066275917725708, 0.006350588578755115, 0.007982609580081703, -0.002029597126439129, -0.0030651619884544293
type_1_errors: 12717 ; type_2_errors: 65334 ; hits: 69 ; ratio: 0.005425807973578675
0.003437213737204451, 0.0030697374310693095, -0.010367442652057433, 2.448892118435318e-05, 0.0025608743438911034, 0.00030258557832161837, 0.0009725426403867477
type_1_errors: 13440 ; type_2_errors: 65365 ; hits: 38 ; ratio: 0.0028273809523809523
-0.008812774523704771, -0.010650880948307734, 0.013987943067084051, 0.00860373775225167, 0.012962314594443327, -0.001556562830210472, -0.01453377711155606
type_1_errors: 15714 ; type_2_errors: 65313 ; hits: 90 ; ratio: 0.0057273768613974796
0.06484314614039732, -0.0059870875675099985, -0.07450637168226136, -0.12111352508206821, 0.20807357590174264, -0.1139045288330699, 0.042594791122769385
type_1_errors: 0 ; type_2_errors: 65403 ; hits: 0 ; ratio: 0
0.1370299570738714, 0.04540119218162863, -0.06196811241759344, -0.16407017757071599, -0.13879691395485882, -0.0315088930591324, 0.2139129477468007
type_1_errors: 0 ; type_2_errors: 65403 ; hits: 0 ; ratio: 0
-0.0003696069455718305, 0.00024210353304600647, 0.0019899129370804557, -0.0027038885349572107, 0.0004992903139675329, 0.0001605572368156271, 0.00018163145961939332
type_1_errors: 17374 ; type_2_errors: 65326 ; hits: 77 ; ratio: 0.004431909750201451
-0.009393907122477979, -0.012361437276582126, 0.0069854982453541655, 0.024404568603957975, 0.008334136941602276, 0.0003466564412834829, -0.018315515833137792
type_1_errors: 14618 ; type_2_errors: 65330 ; hits: 73 ; ratio: 0.004993843207005062
-0.0009194502242358859, 0.0002789534229637392, 0.007653904778675135, -0.010450436069525542, 0.0016030751344092888, 0.0016514730556541094, 0.00018247990205915045
type_1_errors: 11860 ; type_2_errors: 65313 ; hits: 90 ; ratio: 0.007588532883642495
0.4173034879993993, -0.24098085760002402, -0.22700605445834798, -0.1295009522983788, -0.03322123385734618, 0.06405290244694567, 0.14935270776775203
type_1_errors: 0 ; type_2_errors: 65403 ; hits: 0 ; ratio: 0
0.11567303451460133, 0.0013763167621280701, -0.10900204111648307, -0.21343314076280162, 0.1660353505129162, 0.04331709483025569, -0.0039666147406166785
type_1_errors: 0 ; type_2_errors: 65402 ; hits: 1 ; ratio: inf
-0.0002004056365935068, -0.0008153749107559098, 0.0006745289815601491, -0.0003219820055272588, 0.0017486812366278959, 4.9775990426196e-05, -0.001135223655737488
type_1_errors: 16114 ; type_2_errors: 65316 ; hits: 87 ; ratio: 0.005399031897728683
0.0030586484964190757, 0.0029988691700778445, -0.0017618380211039887, -0.006021018144150219, -0.004594464215180583, 0.0009530981183240343, 0.005366704595613817
type_1_errors: 11056 ; type_2_errors: 65304 ; hits: 99 ; ratio: 0.008954413892908828
0.0008073376816675837, 0.0013145619148645427, 0.007131381215389086, -0.00411403630902638, -0.01316005031118974, -0.001280150976426241, 0.009300956784721044
type_1_errors: 12282 ; type_2_errors: 65345 ; hits: 58 ; ratio: 0.004722357922162514
0.013083046453417978, -0.0010540441557458792, -0.02446703637917546, 0.012104045639136337, -0.0052567623086240915, -0.0011585247252377158, 0.00674927547622877
type_1_errors: 18011 ; type_2_errors: 65164 ; hits: 239 ; ratio: 0.013269668535894731
0.017745495920649744, 0.012604525141759254, -0.0069618120737451284, -0.04607785627087429, -0.0067239370638446224, 0.010033090002598144, 0.019380494343456997
type_1_errors: 10303 ; type_2_errors: 65345 ; hits: 58 ; ratio: 0.005629428321848005
0.0012503915997954715, 0.0034210254706079136, 0.0054345759658932635, -0.01260930141855086, -0.006934495871187855, 0.005351115182643307, 0.004086689070798924
type_1_errors: 11210 ; type_2_errors: 65319 ; hits: 84 ; ratio: 0.007493309545049063
0.004569400425139039, 0.0047694538812985705, -0.0041840365785676846, -0.0104923746236085, -0.003432388512614229, 0.003814375252997317, 0.004955570155355373
type_1_errors: 14094 ; type_2_errors: 65309 ; hits: 94 ; ratio: 0.006669504753795941
-0.002156229347521564, -0.0004532685265317145, 0.0036749127301802546, 0.00047804809248763665, 0.0015435315426029906, -0.004017139565601914, 0.0009301450743843195
type_1_errors: 18232 ; type_2_errors: 65321 ; hits: 82 ; ratio: 0.004497586660816147
0.003753472077688358, 9.301387857666658e-05, -0.003827941988979083, 0.0017735607320850527, -0.00609241931532045, -0.000809977468711718, 0.005110292084661082
type_1_errors: 17184 ; type_2_errors: 65165 ; hits: 238 ; ratio: 0.013850093109869645
-0.003929041318452441, -0.005506335286967512, 0.015209945997964724, 0.009112266689112941, -0.016003922424410375, -0.005062814864823952, 0.006179901207576874
type_1_errors: 16252 ; type_2_errors: 65316 ; hits: 87 ; ratio: 0.0053531873000246125
0.057417638663747626, -0.031144145193714685, -0.36106741712629176, 0.3056350081458568, 0.17540753101133838, -0.012235523968993018, -0.1340130915319433
type_1_errors: 0 ; type_2_errors: 65403 ; hits: 0 ; ratio: 0
-8.58903668203255e-17, -5.180933862249757e-17, -9.897510888610276e-17, -7.437780706601509e-17, -1.1273304153188074e-16, -9.893241173845893e-17, -5.573229370151336e-17
type_1_errors: 17873 ; type_2_errors: 65228 ; hits: 175 ; ratio: 0.009791305320875063
-0.0026591204124119887, -0.0026468036025988806, 0.0046117630120021055, 0.0007198726847337523, 0.004633587770915128, -0.000685105156574001, -0.003974194296066259
type_1_errors: 11458 ; type_2_errors: 65308 ; hits: 95 ; ratio: 0.008291150288008378
-0.0005089987655420122, 0.0014198911916813764, 0.0013876452328376663, -0.001910643075391912, -0.0020570573228501604, 0.00024999957537065476, 0.0014191631638944126
type_1_errors: 10685 ; type_2_errors: 65329 ; hits: 74 ; ratio: 0.0069255966307908284
0.0003193790394815248, 0.0003859084440557263, 0.0004927012490168869, -0.0011334627243890045, -0.0017138633315767684, 0.001011493383085234, 0.0006378439403264035
type_1_errors: 14012 ; type_2_errors: 65316 ; hits: 87 ; ratio: 0.006208963745361119
-0.001495489181965258, -0.0015681022059671175, 0.001195175623351715, 0.0029090267885477895, 0.0017753773863398035, -0.0002450915101028952, -0.0025708969002041088
type_1_errors: 12151 ; type_2_errors: 65339 ; hits: 64 ; ratio: 0.005267056209365484
-0.0030660734872600486, 1.3432701719632775e-05, 0.0036061771514850466, 0.002110704211856931, -0.0004622840976070808, -0.001502975631334795, -0.0006989808488597157
type_1_errors: 12222 ; type_2_errors: 65372 ; hits: 31 ; ratio: 0.0025364097529045984
-0.003479433408330876, -0.0008400994426686438, 0.0027957975302384287, 0.002115485043261322, 0.0040294641166745, -0.0005114758207584925, -0.004109738018416341
type_1_errors: 11303 ; type_2_errors: 65308 ; hits: 95 ; ratio: 0.008404848270370698
-0.0012921587083078788, 0.00702130038680106, -0.00023301700781799828, -0.007446491498560297, -0.004326740907641205, 0.004571474658077569, 0.0017056330774488386
type_1_errors: 14477 ; type_2_errors: 65345 ; hits: 58 ; ratio: 0.0040063549077847625
-0.003662439370654866, -0.0009776754510207601, 0.0049036160648123885, 0.0046337774271421415, -0.0006652979801682339, -0.005322187101306511, 0.0010902064111958374
type_1_errors: 13016 ; type_2_errors: 65371 ; hits: 32 ; ratio: 0.002458512599877074
-0.0027397300491257205, -0.004317448903818612, 0.0011379345294772227, 0.012084483775697725, -0.0006787495892143835, -0.0014220654527258823, -0.0040644243102903495
type_1_errors: 13333 ; type_2_errors: 65332 ; hits: 71 ; ratio: 0.005325133128328208
-0.0010656962609643815, 0.005484119259503075, 0.0010774567069051777, -0.00798160238350105, -0.0015110649782212344, 0.0016306915475958166, 0.0023660961086825892
type_1_errors: 13512 ; type_2_errors: 65313 ; hits: 90 ; ratio: 0.0066607460035523975
0.0076636100344381125, 0.0012843555495710244, -0.009233877174265825, -0.0049128893654935574, 5.215980192699456e-05, -0.000833580764793515, 0.005980221918616869
type_1_errors: 13819 ; type_2_errors: 65364 ; hits: 39 ; ratio: 0.0028222013170272815
0.00876715517797893, 1.2477993608613655e-05, -0.015332907992329333, 0.001970558610548667, 0.001230093245161512, 0.0002944486114313664, 0.0030581743536001573
type_1_errors: 12641 ; type_2_errors: 65371 ; hits: 32 ; ratio: 0.0025314452970492843
-0.01223049295193903, -0.0029285615748631906, 0.007756858176991499, 0.007718844742915676, 0.018382300001455174, -0.002922801353673217, -0.01577614704088693
type_1_errors: 13351 ; type_2_errors: 65297 ; hits: 106 ; ratio: 0.007939480188749907
-0.015343252299984012, -0.0014786900376214406, 0.0025022068318804407, 0.03038397839793161, 0.004784279391821821, -0.01127635731694887, -0.009572164967079513
type_1_errors: 12912 ; type_2_errors: 65368 ; hits: 35 ; ratio: 0.0027106567534076827
0.014201696944885702, 0.004625729098343574, -0.003007627612074204, -0.02094263766689, -0.017726829679170615, 0.001973255646276265, 0.02087641326862938
type_1_errors: 13399 ; type_2_errors: 65308 ; hits: 95 ; ratio: 0.00709008134935443
0.005379715408353023, -0.001146086067938374, -0.005709592508481291, -0.012351244957270855, 0.014177839653669203, 0.004988563487972986, -0.005339195016304712
type_1_errors: 12020 ; type_2_errors: 65340 ; hits: 63 ; ratio: 0.0052412645590682195
-0.012994926294887027, -0.0041281530840934985, 0.02645408066276576, -0.002832887305214578, 0.0034223128963651317, -0.005551963338360001, -0.004368463536575828
type_1_errors: 18151 ; type_2_errors: 65321 ; hits: 82 ; ratio: 0.004517657429342736
-0.010686115631051646, -0.00704738724446487, 0.02321715281626735, 0.007938878034381243, -0.006093244396208709, -0.005145126567161858, -0.002184157011761632
type_1_errors: 11590 ; type_2_errors: 65349 ; hits: 54 ; ratio: 0.004659188955996549
0.013074100878136687, 0.009440752330498037, -0.003937840277486769, -0.03682408717938124, 2.4060185593463934e-05, 0.0005271353555936154, 0.01769587870704621
type_1_errors: 12466 ; type_2_errors: 65318 ; hits: 85 ; ratio: 0.006818546446334029
-0.0006758175486405558, -0.0005270384147912114, 0.0002749615097610149, 0.001129902289092653, 0.0011701002529550452, -0.00013965604643272346, -0.0012324520419442259
type_1_errors: 9037 ; type_2_errors: 65361 ; hits: 42 ; ratio: 0.004647560030983733
0.0013386345280099756, -0.0001248831241653682, -0.00025805120402609043, -0.0008440953570526484, -0.0015099575572055438, -0.000822985545559785, 0.00222133825999941
type_1_errors: 8857 ; type_2_errors: 65294 ; hits: 109 ; ratio: 0.012306650107259795
-0.0009847425565443096, 0.00045784850344132586, 0.0002494927647982247, 0.0014028889031865394, -0.000802398757690201, 1.737256868719048e-05, -0.0003404614258787467
type_1_errors: 17398 ; type_2_errors: 65243 ; hits: 160 ; ratio: 0.00919645936314519
-0.002641551994387847, 0.0007660466976236851, 0.0025124733399316734, 0.0008600080590147529, -0.0003348634614739848, 5.888786438568322e-05, -0.00122100050509397
type_1_errors: 14915 ; type_2_errors: 65315 ; hits: 88 ; ratio: 0.0059001005698960775
-0.0032188706885833912, -0.005973240879249796, 0.006476892869778235, 0.004686542425165435, 0.004685379171309139, -0.00015852856947814846, -0.006498174328941466
type_1_errors: 11618 ; type_2_errors: 65349 ; hits: 54 ; ratio: 0.004647960061972801
-0.0012741795371680508, -0.0017418608518271087, 0.0004173332277027962, 0.0037014434204301113, 0.001767769514385168, 4.517928127185258e-05, -0.002915685054794811
type_1_errors: 12308 ; type_2_errors: 65338 ; hits: 65 ; ratio: 0.005281117972050699
-0.0009908942363756172, -0.0006718581125720183, 0.000737760849445708, 0.003171960066246163, -0.0008729390003669737, -0.0014163896146733186, 4.236004829614198e-05
type_1_errors: 10794 ; type_2_errors: 65369 ; hits: 34 ; ratio: 0.003149898091532333
-0.004494596513426444, 0.00035973555671377645, 0.0017576764022044422, 0.0022428605361348034, 0.007182117673265243, -0.0029546212667627345, -0.004093172388129035
type_1_errors: 10527 ; type_2_errors: 65358 ; hits: 45 ; ratio: 0.004274722143060701
0.0035915993993403056, 0.007225427426309837, -0.0033675955548013673, -0.012466340957860436, -0.005576382073717169, 0.0043454357126303704, 0.006247856048098544
type_1_errors: 14713 ; type_2_errors: 65306 ; hits: 97 ; ratio: 0.006592809080405084
0.0008284273268855733, 0.0037075043561644117, -0.007899516031730986, 0.004569886951371512, -0.0031760666578613535, 0.0007324508463966646, 0.001237313208774183
type_1_errors: 19955 ; type_2_errors: 65221 ; hits: 182 ; ratio: 0.009120521172638436
-0.006357255555861067, -0.005710609385197473, 0.007592230297860398, 0.009882228773988509, 0.004755332063403147, -0.0028296913790596453, -0.007332234815133864
type_1_errors: 15926 ; type_2_errors: 65349 ; hits: 54 ; ratio: 0.0033906819038050985
-0.0014257738057605561, 0.008921040289693948, 0.002840836297300895, -0.011922785036027657, -0.008354219075674178, 0.005062889456321251, 0.004878011874146259
type_1_errors: 14551 ; type_2_errors: 65345 ; hits: 58 ; ratio: 0.003985980344993471
0.011701201296614625, -4.980134745199211e-05, -0.007811054925074535, -0.008501047895232455, -0.006633094412464105, 5.5351168496139464e-05, 0.011238446115112412
type_1_errors: 12541 ; type_2_errors: 65297 ; hits: 106 ; ratio: 0.008452276532971852
0.01095213421913956, 9.258213389621049e-05, -0.011676251087695206, -0.008815916153725177, 0.0025636089911886405, 0.0018498188452602384, 0.005034023051935604
type_1_errors: 14125 ; type_2_errors: 65363 ; hits: 40 ; ratio: 0.002831858407079646
-0.015542683179662113, -0.012243440533915009, 0.021057137983450543, 0.005634361999877798, 0.0277896201628587, -0.0022375765116052155, -0.024457419921004704
type_1_errors: 11598 ; type_2_errors: 65302 ; hits: 101 ; ratio: 0.008708397999655114
-0.0129625243282565, -0.01563412756667497, 0.011164388904665926, 0.029604332808427516, 0.012633439988335873, -0.0027916502177040775, -0.022013859588793767
type_1_errors: 13190 ; type_2_errors: 65338 ; hits: 65 ; ratio: 0.004927975739196361
0.007779386215363147, 0.005116945100476704, 0.0063444167861344694, -0.02691548184519466, -0.006528333782525018, -0.0038355968384665936, 0.01803866436421185
type_1_errors: 16991 ; type_2_errors: 65298 ; hits: 105 ; ratio: 0.006179742216467542
-0.013751921534585947, 0.01074183938009582, 0.026148871765505916, -0.015525632306193884, -0.017531895894623437, 0.005847533952841463, 0.00407120463696008
type_1_errors: 13451 ; type_2_errors: 65317 ; hits: 86 ; ratio: 0.006393576685748271
0.018775674583969594, 0.004282175129200875, -0.03491678461903143, -0.00048633187162161744, 0.0018828940141821836, 0.003295422912803936, 0.007166949850496383
type_1_errors: 10597 ; type_2_errors: 65305 ; hits: 98 ; ratio: 0.009247900349155421
-0.09974082720163435, -0.04843313690297351, 0.1469817173960452, 0.08153936442955287, 0.021606625791264124, -0.035147566730694635, -0.06680617678155974
type_1_errors: 0 ; type_2_errors: 65403 ; hits: 0 ; ratio: 0
-0.06342914772980554, -0.020876085051242634, -0.0020680597736525263, 0.046591719487987876, 0.12240870637877964, 0.1086349795081339, -0.1912621128202007
type_1_errors: 0 ; type_2_errors: 65403 ; hits: 0 ; ratio: 0
0.17427855938434728, 0.05335515664029454, -0.06814914365145835, -0.1918769727052284, -0.3064948442186421, 0.14877004165124583, 0.19011720289944128
type_1_errors: 0 ; type_2_errors: 65403 ; hits: 0 ; ratio: 0
-0.37980283349309313, 0.1995233283788283, 0.22153830108475958, 0.12935115633888003, 0.033575931227823014, -0.060158176746907835, -0.14402770679028992
type_1_errors: 0 ; type_2_errors: 65403 ; hits: 0 ; ratio: 0
0.00032592448123655376, 0.00033464145742160303, -0.0006025442856329901, -0.0003404805809097173, -0.00010756842086329727, 1.800155246044141e-05, 0.00037202579628742744
type_1_errors: 10925 ; type_2_errors: 65311 ; hits: 92 ; ratio: 0.008421052631578947
-0.0002304959421988321, 0.00017425529451171485, 0.0011578266258643602, -0.0007975607475533196, -0.0006300111934238784, -0.0004669026933154122, 0.0007928886561153322
type_1_errors: 8324 ; type_2_errors: 65336 ; hits: 67 ; ratio: 0.008049014896684286
0.0010319878755553748, 0.0002466781226368253, -0.0016519407827249816, -0.0003349487151897398, -0.00021119353063913602, 0.0006096784712310797, 0.0003097385591305901
type_1_errors: 11527 ; type_2_errors: 65319 ; hits: 84 ; ratio: 0.0072872386570660185
0.0018073373709417565, 0.00048690746851083773, -0.00047971556130724826, -0.0016182182195537086, -0.002787944138442166, -0.0009291563874300864, 0.003520789467280681
type_1_errors: 9169 ; type_2_errors: 65293 ; hits: 110 ; ratio: 0.011996946231868252
0.007352865748670918, 0.002168817920453341, -0.0023560634509060593, -0.006642045177021179, -0.0110438330403755, -0.0035232286788535088, 0.014043486678031972
type_1_errors: 10709 ; type_2_errors: 65293 ; hits: 110 ; ratio: 0.010271734055467364
0.0007597595566603846, 6.135871084179124e-05, -0.001285360789254189, -0.00011912723955006286, -0.0001393588889642795, 0.0009121917594242931, -0.00018946310915791422
type_1_errors: 14632 ; type_2_errors: 65239 ; hits: 164 ; ratio: 0.011208310552214325
-0.0014134329149146955, -0.0008420355711167835, 0.00023838225014701295, 0.002860317543547858, 0.0014640751077935345, 0.00022814349825348, -0.0025354499137103747
type_1_errors: 12997 ; type_2_errors: 65357 ; hits: 46 ; ratio: 0.0035392782949911516
0.0033887460461909055, 0.0003364568730273573, -0.004695402112733257, -0.0033712726276779884, 0.0034742844434095636, -6.790319513437259e-05, 0.0009350905729178002
type_1_errors: 13085 ; type_2_errors: 65365 ; hits: 38 ; ratio: 0.002904088651127245
-0.000351882267734177, -0.00042636847916839316, -0.0019487582183303149, 0.002555542903446019, 0.0027443023028164495, -0.001117064440402818, -0.0014557718006268172
type_1_errors: 11514 ; type_2_errors: 65340 ; hits: 63 ; ratio: 0.0054715997915581035
-0.0004922302077102525, -0.0018340050689339934, -0.00031059631422858695, 0.0009179849268110107, 0.0046057281298699515, 0.0014003808076729662, -0.0042872622734810685
type_1_errors: 13459 ; type_2_errors: 65350 ; hits: 53 ; ratio: 0.0039378854298239094
0.0020035105009959743, 0.001130035043892475, -0.002087059684193947, -0.0034072384474954295, 1.95806897416862e-05, 0.0008595544743405022, 0.0014816174227187343
type_1_errors: 10005 ; type_2_errors: 65308 ; hits: 95 ; ratio: 0.009495252373813094
0.00951033423048869, 0.003766208647011374, -0.0023545787016725087, -0.008333020689541419, -0.014540691588569314, -0.012394288565536185, 0.024346036667819343
type_1_errors: 10262 ; type_2_errors: 65298 ; hits: 105 ; ratio: 0.010231923601637109
0.0017453965900511327, 0.001264838239591717, -0.0017537675572254637, -0.0005689671623948398, -0.0042684957304199925, 0.00046239243866118333, 0.0031186031817363336
type_1_errors: 15916 ; type_2_errors: 65176 ; hits: 227 ; ratio: 0.014262377481779342
-0.0012906525960177022, 2.318416773313052e-05, -0.002269515951548779, 0.0044419004443979285, 0.0026804204845387995, -0.0019804837586355067, -0.0016048527904678116
type_1_errors: 15725 ; type_2_errors: 65329 ; hits: 74 ; ratio: 0.004705882352941176
0.0037071455405363707, 0.000869748171536959, -0.005017922317477306, -0.0019156315362201476, -0.0004185797932693422, 6.412936420559724e-05, 0.0027111105706879566
type_1_errors: 9533 ; type_2_errors: 65285 ; hits: 118 ; ratio: 0.012378055176754431
0.0011821889056873966, 0.002313249442738995, 0.0018057915221280313, -0.0034905546864083064, -0.006942239989686206, -0.0015264026977341387, 0.006657967503274246
type_1_errors: 11749 ; type_2_errors: 65326 ; hits: 77 ; ratio: 0.006553749255255766
0.0028666304532035847, -0.0019475634460998255, -0.006170836737917208, 0.005900405917026018, -0.0013543902334553423, 0.0022289441787790455, -0.001523190131536274
type_1_errors: 15555 ; type_2_errors: 65225 ; hits: 178 ; ratio: 0.011443265830922533
-0.007252150770391285, -0.0027327933771041186, 0.0029563983449568316, 0.016217657140955542, 0.0012465838184338343, -0.005794860931693424, -0.004640834225157426
type_1_errors: 13083 ; type_2_errors: 65366 ; hits: 37 ; ratio: 0.0028280975311472905
-0.007975147863512952, -0.002023479159380198, 0.010034915681034503, 0.005953611879193452, 0.0008182423279107562, -0.001668700039561316, -0.005139442825684265
type_1_errors: 12325 ; type_2_errors: 65353 ; hits: 50 ; ratio: 0.004056795131845842
0.004095686530777391, -0.005330712505294453, -0.007773540832824731, 0.010278086672294583, -0.0009828778979105027, 0.004305102452044137, -0.00459174441908642
type_1_errors: 15618 ; type_2_errors: 65221 ; hits: 182 ; ratio: 0.011653220642847996
-0.006080588306426986, -0.0014456512888652462, -0.0015014634324549514, 0.01054255395128331, 0.00954044010539731, -0.0009909020519365019, -0.010064388976996897
type_1_errors: 12756 ; type_2_errors: 65340 ; hits: 63 ; ratio: 0.004938852304797742
-0.010176044297888095, -3.56189362399564e-05, 0.010631350536483411, 0.01633306921574405, -0.013270198951968307, -0.0037498514207008845, 0.00026729385456976683
type_1_errors: 9340 ; type_2_errors: 65356 ; hits: 47 ; ratio: 0.005032119914346895
-0.00035365920021640843, 0.0021257603049404457, 0.013606641507200881, -0.013861674707982613, -0.015787094423380825, 0.010225800618502093, 0.004044225900936403
type_1_errors: 13615 ; type_2_errors: 65313 ; hits: 90 ; ratio: 0.006610356224752111
0.02534380021226341, 0.010900426493253575, -0.005635656748138571, -0.023776681988720433, -0.04389492600604011, -0.024902408769052305, 0.061965446806434524
type_1_errors: 669 ; type_2_errors: 65400 ; hits: 3 ; ratio: 0.004484304932735426
-0.00043485632784751857, -0.0042039750129494015, -0.009381441318821515, 0.0047692644126648195, 0.02473055471266207, -0.0026141243562001304, -0.012865422109508265
type_1_errors: 12446 ; type_2_errors: 65333 ; hits: 70 ; ratio: 0.00562429696287964
-0.014879852453150991, -0.005658989442746472, 0.019834041462344465, 0.012218846430770099, 0.003791676026063745, -0.006001995261177232, -0.009303726762103589
type_1_errors: 13298 ; type_2_errors: 65352 ; hits: 51 ; ratio: 0.0038351631824334485
-0.03516727537894332, -0.0151804362138888, 0.007102474177285103, 0.030127051350100898, 0.053982421184983254, 0.06014994021369423, -0.10101417533323141
type_1_errors: 5 ; type_2_errors: 65399 ; hits: 4 ; ratio: 0.8
-0.011877362692898838, 0.009056781280608966, 0.0023426816358308074, -0.010866407486820856, 0.022961246989605413, 0.0032862716922767115, -0.01490321141860221
type_1_errors: 12243 ; type_2_errors: 65327 ; hits: 76 ; ratio: 0.006207628849138283
-0.021680966505328702, 0.0011514544002302748, 0.017648008329065535, 0.029873780282991005, -0.014125323710346673, -0.007634199713720746, -0.005232753082890619
type_1_errors: 6197 ; type_2_errors: 65377 ; hits: 26 ; ratio: 0.004195578505728578
-0.004929167696989591, 0.0017791715083601393, 0.02362588243780393, -0.018005696955485442, -0.010777763932249038, 0.001748237619875595, 0.0065593370186844205
type_1_errors: 8160 ; type_2_errors: 65341 ; hits: 62 ; ratio: 0.007598039215686274
0.011853824298217916, -0.0023154792872847026, -0.009105054679621782, -0.025368692045438093, 0.025714811514711996, 0.0015511224724931495, -0.0023305322730785734
type_1_errors: 9448 ; type_2_errors: 65354 ; hits: 49 ; ratio: 0.005186282811176969
-0.02910091907038929, -0.016162769026553017, 0.0462182328042241, 0.03614441295812476, -0.009553889168132594, -0.018779032199904917, -0.00876603629736909
type_1_errors: 3168 ; type_2_errors: 65399 ; hits: 4 ; ratio: 0.0012626262626262627
-0.026946485555305807, 0.0033353054139034816, 0.046773614698990815, -0.03651895387938087, 0.03447932747830184, -0.0014938658521067424, -0.019628942304402663
type_1_errors: 489 ; type_2_errors: 65395 ; hits: 8 ; ratio: 0.016359918200409
-0.15266787290422384, -0.27609214008279587, 0.37597336888926086, 0.23320050264717807, 0.0826565485939611, -0.07234014284717771, -0.19073026429620246
type_1_errors: 0 ; type_2_errors: 65403 ; hits: 0 ; ratio: 0
0.01914755459391782, -0.030744938745178613, -0.048054138342095994, 0.051610459503768434, 0.051250645594675105, -0.026276750169885208, -0.016932832435201457
type_1_errors: 39 ; type_2_errors: 65403 ; hits: 0 ; ratio: 0.0
0.0016452425747974279, 0.00019334227996899806, -0.002650394651814769, -0.0007311319578696528, 0.0003434422420213654, 0.0012699231481960115, -7.042363529928715e-05
type_1_errors: 11859 ; type_2_errors: 65315 ; hits: 88 ; ratio: 0.0074205244961632515
-0.0014766264959640832, 8.646158371713704e-05, 0.0003086456409211965, 0.0017024609373099456, 0.0009795264185404305, 0.00012643284450342986, -0.0017269009290280218
type_1_errors: 12672 ; type_2_errors: 65360 ; hits: 43 ; ratio: 0.003393308080808081
0.004214666300614969, -0.004381985550688529, -0.003388213875187736, 0.00450932825567744, -0.0020495596488625633, 0.0007459199811965887, 0.00034984453724982805
type_1_errors: 16983 ; type_2_errors: 65270 ; hits: 133 ; ratio: 0.007831360772537243
-0.0027702958868144932, -0.005398673208533881, 0.00681502368049383, 0.003820240202083858, 0.0033981276759587915, -0.0019019293165876937, -0.003962493146600285
type_1_errors: 11630 ; type_2_errors: 65348 ; hits: 55 ; ratio: 0.004729148753224419
-0.0006682286094595398, -3.1824935591549504e-05, -0.000495957879960843, -0.0007054750508875961, 0.0035767875816211164, 0.0011151778439790153, -0.002790478949700559
type_1_errors: 11511 ; type_2_errors: 65336 ; hits: 67 ; ratio: 0.0058205195030840064
0.0009473636124766802, 0.0005326232017587519, -0.0007426555936430072, -0.0007899819440677506, -0.0019100436341895088, 0.0008133577915006593, 0.0011493365661642393
type_1_errors: 8789 ; type_2_errors: 65293 ; hits: 110 ; ratio: 0.012515644555694618
0.001917887481927639, -0.0003237265265798794, -0.004798814972057732, 0.0020320022420096803, 0.0029048423811599286, -0.0025991238587843874, 0.0008669332523247707
type_1_errors: 12855 ; type_2_errors: 65364 ; hits: 39 ; ratio: 0.0030338389731621937
0.003195359612733032, -0.0007075826909502439, -0.002002724465740675, -0.0018899630470806852, -0.0018032240461669372, 0.00165299087489157, 0.001555143762313902
type_1_errors: 11913 ; type_2_errors: 65314 ; hits: 89 ; ratio: 0.007470830185511626
0.0013656741240088213, 0.0006545513973696663, -0.0019900055558659605, -0.0008379391287190648, -0.0009249693259154991, 0.0008569765305507295, 0.0008757119585712915
type_1_errors: 14999 ; type_2_errors: 65189 ; hits: 214 ; ratio: 0.014267617841189413