0.0746286310879486 0.026743053495360436 -0.03956005394053086 -0.01009200619124584 -0.08744563153311902 -0.01009200619124584 -0.10586316137642215 0.026743053495360436 0.01937604155803918 -0.04324355990919149 0.056211101244645456 0.07094512511928797 0.056211101244645456 -0.017459018128567094 -0.07271160765847651
-0.0021805704567138817 -0.08359383410385496 -0.03247387786030126 -0.1082071463692697 0.05461938092501245 0.026219405234149284 0.0016060929687345404 0.10005934203039352 0.12467265429580826 0.10384600545584194 0.03379273208504613 -0.03626054128574968 -0.09306049266747601 -0.06844718040206127 -0.043833868136646525
-0.0027403699753260624 -0.01912940693254475 -0.008203382294398959 -0.0027403699753260624 0.004543646450104466 0.00818565466281973 0.006364650556462098 0.013648666981892627 0.00818565466281973 -0.006382378188041327 -0.020950411038902383 -0.0027403699753260624 -0.006382378188041327 0.004543646450104466 -0.011845390507114223
0.006977681611191833 0.013599811210376622 -0.01619977198595493 -0.009577642386770141 -0.009577642386770141 -0.01619977198595493 -0.026132966384732115 -0.006266577587177746 0.00035555201200704323 0.010288746410784227 0.006977681611191833 0.010288746410784227 0.003666616811599438 -0.0029555127875853515 -0.009577642386770141
0.003770183994750695 0.019683765545956328 -0.015326113866696064 0.016501049235715215 -0.07579772376127747 0.05151092864836759 -0.08534587269200085 0.010135616615232934 0.04832821233812648 -0.04715327696910733 0.032414630786920834 0.02604919816643858 0.04832821233812648 -0.0439705606588662 -0.034422411728142824
0.054990110080733456 -0.0016493837306308101 -0.022245563298399634 -0.004223906176601913 -0.0788850571097639 -0.0016493837306308101 -0.09948123667753273 0.016372273391166925 0.006074183607282499 -0.014521995960486325 0.02667036317505131 0.05756463252670457 0.044692020296849044 0.003499661161311396 -0.047990787758110665
0.026684477754599256 0.010757122599924673 -0.03247426996276348 0.006206449698589078 -0.06660431672278044 0.038061160007938244 -0.07570566252545163 0.015307795501260268 0.047162505810609434 -0.03474960641343128 0.038061160007938244 0.03351048710660265 0.04261183290927384 -0.03474960641343128 -0.04385095221610247
0.0283139720373628 0.014172257762609414 -0.039566256481453455 0.0028588863428067046 -0.05370797075620684 0.031142314892313477 -0.0706780278859109 0.01982894347251077 0.05094071487696822 -0.02259619935174939 0.05659740058686957 0.03679900060221483 0.03962734345716551 -0.039566256481453455 -0.059364656466108195
0.00946870754003816 0.024356335812871374 -0.022787820384433805 0.016912521676454767 -0.07489451933935005 0.04916904960092672 -0.07241324796054452 0.011949978918843696 0.04916904960092672 -0.04760053417248916 0.03180014994928797 0.02683760719167691 0.04668777822212117 -0.040156720036072555 -0.027750363142044876
0.019312685721216416 0.009427822438363875 -0.03258284651375942 0.00695660661765074 -0.06965108382445645 0.0464960597490609 -0.07706473128659586 0.019312685721216416 0.05390970721120031 -0.03505406233447256 0.04402484392834777 0.03413998064549523 0.04402484392834777 -0.04246770979661196 -0.052352573079464504
0.008715103500626764 0.021958504499056508 -0.020420378695918673 0.01930982429937056 -0.07869134308900955 0.051093986695601945 -0.08928606388775334 0.011363783700312713 0.048445306495915996 -0.04425850049309221 0.0325532252978003 0.027255864898428406 0.048445306495915996 -0.04160982029340626 -0.03366377969434842
0.04287051853721707 0.020525941347785237 -0.03533550162579434 0.0037675084557113603 -0.052093934517868215 0.01773286919910627 -0.07164543955862107 0.023319013496464203 0.04845666283457503 -0.03254242947711536 0.04287051853721707 0.03728437423985914 0.04287051853721707 -0.0409216459231523 -0.06605929526126311
0.05374637695330975 0.020047190587035857 -0.033309854492897806 0.003197597403898911 -0.08947516510335429 0.011622393995467384 -0.10632475828649124 0.02285545611755868 0.05374637695330975 -0.03050158896237498 0.03408851823964998 0.03970504930069563 0.0481298458922641 -0.038926385553943454 -0.06139250979812605
0.006725099670757545 0.02375798857604222 -0.017120944796641002 0.01694483301392835 -0.0750327670746089 0.051010610824497704 -0.08184592263672277 0.01013167745181448 0.0459007441529123 -0.04607685593562495 0.03397772191921303 0.027164566357099157 0.049307321933969236 -0.037560411482982614 -0.027340678139811808
0.018527733162802304 0.01474300751745218 -0.03445842587209942 0.010958281872102058 -0.07230568232560065 0.043128449857578105 -0.08555222208432608 0.018527733162802304 0.05259026397095341 -0.03445842587209942 0.04880553832560329 0.03555899856687786 0.043128449857578105 -0.04202787716279967 -0.04770496563082485
0.027227897476761576 0.012635996388226572 -0.039477936070826974 0.00012865259805371065 -0.06449262365117267 0.04390435586365868 -0.08533819663479408 0.020974225581675124 0.052242585057107216 -0.029055149579016268 0.06474992884728009 0.05015802775874509 0.04390435586365868 -0.05198527986099982 -0.04364705066755126
0.021695808669919714 0.013675291551147772 -0.03444781116148388 0.005654774432375831 -0.07455039675534358 0.04174710146684957 -0.09059143099288747 0.017685550110533743 0.04976761858562151 -0.03444781116148388 0.04375223074654255 0.03573171362777061 0.04375223074654255 -0.044473457559948804 -0.052493974678720745
0.013651494675186684 0.023391683994375384 -0.01696052889940637 0.019217317143294513 -0.07540166481453857 0.051220796334914526 -0.08514185413372727 0.009477127824105813 0.047046429483833654 -0.043398185622918556 0.033131873313564084 0.027566050845456255 0.051220796334914526 -0.039223818771837685 -0.028092173835622028
