
0.003664586944230501, 3.339673605070074e-05, -0.0009277424492133803, -0.001104518993150099, -0.0007344442694909758, -0.0008401116291295388, -0.0006395088172470546, -0.0003292073867201783, 0.0001216223680659748, -0.00010600287607182387, -0.001122289686676547, -0.0007921283725387655, 6.082679983254823e-05, 0.000414383566039464, 0.002301138066019173
7.589548978735745e-19, 8.176945065931766e-20, 3.2756740626192326e-19, 9.994131421717015e-19, -1.1324823953411344e-19, -1.307744915659517e-19, -2.130739299485393e-19, -8.718565607478934e-19, -7.409816003877983e-19, -8.360222894093025e-19, 2.370246656421668e-20, 1.9004482257592027e-19, 3.6445579670017597e-19, 1.6098943971168018e-18, 7.535035312779534e-20
8.704672057611165e-31, 8.704672057611165e-31, 8.704672057611165e-31, 3.481868823044466e-30, 3.481868823044466e-30, 4.352336028805583e-30, 2.6114016172833494e-30, 2.6114016172833494e-30, 2.6114016172833494e-30, 3.481868823044466e-30, -3.828355257324644e-18, 3.481868823044466e-30, 4.352336028805583e-30, -8.704672057611165e-31, 0.0
-0.0002770282213151372, 0.0020342509212805202, -0.0013010113418514355, -0.005686506734737712, -0.004183289135895946, -0.0008268650927764508, -0.0018582465596250163, 0.003745183100783813, 0.0009680767299649305, 0.0027644866456478937, 0.010152552591430544, 0.00779372005979189, 0.005772891832587473, -0.0016468365467426991, -0.01745137824854252
-0.01435604430365516, -0.006941490634668189, -0.0009762285386041012, 0.006720711999606258, 0.00415262321647302, 0.009691759440808707, 0.010657449271842225, 0.003570262742594616, -0.00385939782343501, 0.0019003665818286945, 0.004836996405529195, -0.0012923983022616642, -0.006702666511902177, 0.00159650480446946, -0.008998448348625891
0.014058366825766609, 0.00010106358382610904, 0.0012034649983698213, 0.007135565089426227, -0.0012904904468827407, -0.001966113571688022, 0.0026585989411486055, -0.006252443415615289, -0.012090210944270848, -0.02113415338506421, -0.021379326362711733, -0.003869590414660506, 0.01213339808370348, 0.013105793997909215, 0.01758607702074356
-0.04168005838366397, -0.018784449654500376, -0.025313330967300544, -0.009140411604300892, 0.01855471324529431, 0.03731804836765539, 0.02836146866590406, 0.016196668847054438, 0.0425720203410033, 0.04045961515139859, 0.001828292286541666, -0.00973195767683585, -0.011654102361230288, -0.04219412607995045, -0.026792390177069518
0.06373382858117221, 0.024560422744263493, 0.004528755860668657, -0.008088659679639629, -0.007480409957847979, -0.032567823073865826, -0.0580348794246259, -0.03935917854283336, -0.02761570977498541, -0.011184724547708238, 0.0008908380120660429, 0.023293278423878707, 0.03126477395584756, 0.01642402893314422, 0.0196354584904651
-0.002517404176626993, 0.0005999395125976729, 0.0005864584891149071, 0.0006146919551220128, 0.0004934588279589529, 0.00044986672556811735, 0.00034036606407053646, 0.00026816536871015464, 0.00016558277722911408, 5.451969203903838e-05, -2.9992246988237822e-05, -0.00012178468869545299, -0.00021051861195218647, -0.0002978783155771896, -0.0003954713725704712
-0.0164440451372873, -0.006143274672667403, -0.00977996255373576, -0.005718016290659291, 0.0069869384634392625, 0.014795060560051773, 0.009519622040365988, 0.006575939826857931, 0.01931791853235845, 0.018279130018723267, -0.0009394449620365839, -0.004564402608053392, -0.004187801591890771, -0.01635312270869366, -0.01134453891677287
-0.01878424302306962, -0.012816825393933098, 0.009192215256250098, 0.009329305964292019, 0.014045633604863512, 0.003025266605820733, 0.01285902168724889, 0.033677918329115195, 0.021438610527699572, -0.02765943734108814, -0.03879958473252012, -0.02884933425136851, -0.018731653587196067, -0.0007569811431066227, 0.04283008749699206
0.04602872441021767, 0.019429855749990156, 0.013212927530873159, 0.0010914983574114338, -0.013147166747010424, -0.02619074613679448, -0.03121385460626834, -0.02804559945397701, -0.019863771214940405, -0.026406840215400126, -0.012761369938590684, -0.0008939318548288858, 0.01279691583988535, 0.025016808940040384, 0.0409465493393924
-0.01997654739587461, -0.008469631182643945, -0.001229796100546647, 0.006945809911165552, 0.0092354813449975, 0.0032261155576256417, 0.013435644388708375, 0.020359883261031567, 0.012242014148441432, -0.0019221744144052083, -0.008729141633306004, -0.015448123671680893, -0.007765362481209636, -0.010313228613075149, 0.008409056880772122
-0.00022842481924131592, 0.0006298968294016587, -0.000701046988959791, 0.0035089865302779387, -0.0033297873315534477, -0.0049761478557543365, 0.0011912158425713268, 0.0014019650640267984, 0.0030655739559765664, 0.00409134919083764, -0.004354881206369512, 0.0004635928489966918, 9.384945874238642e-05, 0.0005535802211383563, -0.0014097217400909033
-0.00470280371643199, -0.0016233289817205018, -0.0028475203498852662, -0.0023848939579588484, 0.0010270278737746078, 0.0010933124095755932, 0.0032508045969570063, 0.005004459306716313, 0.003971562949835691, 0.005784491401064528, 0.004161758701716434, 0.001804858078863284, -0.0018211266113513402, -0.004972326343100902, -0.007746275358054547
-0.03389785742516747, -0.021777016737206226, -0.002743137081806964, 0.011462523984885913, 0.019355555458718917, 0.02223353170826602, 0.019530375888613918, 0.014378654194505798, 0.006582989253971391, 0.002604756069644627, -0.00031837075535207787, -0.0009762044307175848, -0.010781530206447532, -0.012806382893665634, -0.012847887028242945
-0.006796087699365039, -0.008167931870371318, -0.001366582971538384, 0.0007193108407264715, 0.004007303645931904, 0.007780946612040191, 0.00481486422928011, 0.001934570830412518, 0.002977864145951176, 0.009089871783926617, 0.005254630090517113, -0.0007907384356452576, -0.01131698623127633, -0.011676423486321268, 0.0035353885157316635
-0.025086811244342058, -0.01124142491044203, 0.00038341948061683596, 0.006430928609226212, 0.013415902513355837, 0.002119838095492805, 0.01592355915090342, 0.026566402878594825, 0.017957754327609262, -0.0010032795540814948, -0.011093673724768813, -0.023892713706977833, -0.007333771362018298, -0.016587978013942357, 0.013441847460773683
0.002407362684707657, 0.0010568959257301659, 0.001949069603479037, -0.0009244380207267984, -0.0010919383011452764, 9.937601499718609e-05, -0.0009603888950035632, -0.0022734899131558726, -0.0025667356318345986, -0.001747696671689201, -0.0008195171331759248, 0.0005442509473859425, -0.0003165315962271915, -0.0006229261731008574, 0.005266707159759372
0.016655655197377276, 0.00811892331089064, -0.00023112219664093628, -0.0016253844922415582, -0.007115296263786658, -0.008563555523688047, -0.009843752601360965, -0.007058979182149574, -0.00611295486871135, -0.004232119810411606, -0.0008570701578251585, 0.0015874732367232686, 0.004268806915893375, 0.006281932760153229, 0.008727443675778232
-0.02340947043623966, -0.010483437785588301, -0.012382658306280566, 0.013959558834190209, 0.0094451144633431, 0.008069236693181232, 0.019378725228197963, 0.019663552803321036, 0.020508802466426328, -0.0023787653083388975, -0.01003731260380925, -0.013631033742285345, -0.016071917463990688, 0.0013322818115956677, -0.003962676653722829
0.03248692045425452, 0.007316341854523407, 0.00496121501303821, 0.0010946791168485533, -0.010957728134979413, -0.01301920834017936, -0.01164236620757384, -0.02251359654075949, -0.023193829215221395, -0.0020608265001530366, -0.007432485029770705, -0.002133813021869464, 0.012642884573259204, 0.01629159877741841, 0.01816021320116393
0.12199012797160078, 0.09370695132614303, 0.023901809894309085, -0.022886746604919263, -0.0777436190459755, -0.06879208211019912, -0.0820823115711991, -0.08246627623818734, -0.07044855298102366, -0.030288519092914773, -0.0020805394406669827, 0.044799852662733716, 0.033217608811790776, 0.050988986270181634, 0.0681833101483263
-0.023678175230135243, -0.010259308377976903, 0.0025463002646360284, 0.008510003062813739, 0.011446377524790798, 0.0006796223242042821, 0.013705021541350903, 0.024819615978244423, 0.01677763086848692, -0.004448119396938582, -0.014190482275324013, -0.018211292347381836, -0.008567883742216415, -0.01315164967360724, 0.014022339479053413
-0.0003891567548311178, -0.0007643630432847894, 0.0004559172287354052, 0.0009944742360012877, 0.001385873663972365, 0.0003181415649720656, -0.0017555986785562853, -0.0020124332026525797, 0.0006792923524649334, 0.001491677816152419, 0.0003355531135006341, -0.001964650292808667, 0.002111369536127975, -0.0008206419313399067, -6.54556084538374e-05
0.024119844814374836, 0.009879546568459008, 0.00404797457566623, -0.00482701867739162, -0.009592161611498885, -0.014929069517170749, -0.006100878562069588, -0.01674333827647485, -0.014708860749846467, 0.0019460598914758875, -3.0469171118309436e-05, -0.003627050017224813, 0.005904036739232131, 0.012421034252887235, 0.01224034974069994
0.012632809234538583, 0.004675714107324961, 0.00042329845261829984, -0.0007024435508549119, -0.0026630847040247513, -0.008301262033415848, -0.007371475694991206, -0.005882397276722941, -0.004462130858753898, -0.004162082071805612, 0.0004147447557362372, 0.0005258270571066728, 0.002921270425609495, 0.0049986712532678595, 0.006952540904367107
0.03197260249269572, 0.005409836385306085, 0.011605820506155454, 0.006729922105850416, -0.013719353139881832, -0.020962095277018682, -0.011917121958019633, -0.03059583263008612, -0.025242019404138304, 0.004588957532496269, 0.002315941312862452, -0.00820628190288562, 0.013003595732305561, 0.021972113576751544, 0.013043914667606682
-0.008756064977132428, -0.001950649538110005, -0.006023439258727181, -0.0017594853720210011, 0.004035961521386776, 0.006253192035058272, 0.010962932644568848, 0.003025063325046736, 0.004478960324438552, 0.008118746425260264, 0.00043154504710248096, -0.007110438775393438, -0.005845591691612651, -0.00210945864096593, -0.003751273068899308
-0.010131173931338975, -0.010999050306015315, 0.006368200810593386, 0.011607683948528189, -0.005389468025685832, 0.020489895366390332, 0.02636005100085238, 0.02258759400443048, -0.0054858880000793545, -0.026236242312068482, -0.041597608032844915, -0.01867471796525101, -0.023702496371720255, 0.015129330108915442, 0.03967388970529355
0.03859351213573087, 0.020294993130857496, 0.0008090058166244768, -0.0151265812117938, -0.010058468024045617, -0.02890226547024597, -0.04060284304840768, -0.019159910909297726, -0.0006562861475946306, 0.012408301317082236, 0.016684535371190988, 0.014999678333514033, -0.0005688093379127513, 0.0034840856445508385, 0.007801052399747389
-0.04046607867925329, -0.012724227636765612, 0.05084772964856908, 0.025346469409559313, 0.022854677870340095, 0.012075160321310405, -0.01084446365868694, -0.013998936470726354, -0.02020955224846392, -0.027116109646989524, -0.020256676615471737, -0.00634698628582724, 0.014486612688771544, 0.01841348613645945, 0.007938895167174675
0.01895947011769171, 0.012848844894620643, 0.00619577922618994, -0.0017068881336198937, -0.00018068372932878162, -0.013271071471916857, -0.013990059467550695, -0.013530323965595708, -0.006234312035079842, -0.01725757991796312, -0.01555944606206151, -0.004729083273848913, 0.014130043228236938, 0.011696796931513043, 0.02262851365871264
0.011399385519789107, 0.005872534716235399, -0.00046155637605116374, -0.007774103714044259, -0.008464106179435351, 0.004839850476258902, 0.022125534223134236, -0.0032933032079435487, -0.014684274634703653, -0.016120686036805783, -0.01684096710492237, -0.01698001496374413, 0.009823037584291403, 0.00961764109214038, 0.020941028605801274
-0.023902165604865595, -0.013734617124183253, -0.016504798845246256, -0.009503814978535759, -0.008398995061334366, 0.0075724496653410585, 0.014711071907138247, 0.02811205412295024, 0.03959618298777263, 0.04162273681076758, 0.02588584946428282, 0.0021622246949678727, -0.009648758341708804, -0.01927849574222558, -0.058690923955120856
-0.006018423877740028, -0.0016684274521178426, 0.0005075527762526218, 0.003138814257276665, 0.008221067817182442, 0.005197785921689824, -0.004152436455898386, -0.0017453829904198496, -0.0034463214767743943, -0.004460055302902869, 0.0015223988977143697, 0.007702451291599491, -0.001311758105155685, -0.0018189057462738903, -0.0016683595544325716
-0.001983012103140837, -0.0005251287618949928, -0.002192077072442514, -0.001144740611898616, -0.000707835744787923, 0.0005606697164640759, 0.0004059529462754959, 0.0020318446045209187, 0.004879968921465184, 0.005189907914691753, 0.003914306622291761, -0.0003876755018084164, -0.0038471902422830572, -0.003981463454771646, -0.0022135272326811663
-0.02585093905980854, -0.003918267064218187, -0.00432217263592449, -0.0006146020428563761, 0.007968101560111546, 0.012060874878841582, 0.005486141388283318, 0.011193821130817622, 0.018582853027011837, 0.01318647478754224, 0.004027863989877878, -0.00016602889793870666, -0.008828528086930174, -0.014383260949626237, -0.01442233202518324
0.6076495867010167, -0.1728570179245957, -0.1546655372697416, -0.13306855538382953, -0.11256454633006176, -0.09421401137780484, -0.07344190679040666, -0.05368052000714879, -0.0346392492906877, -0.013003878440629493, 0.008226233778584677, 0.026135088543134212, 0.045832411825667385, 0.06653789929088649, 0.08775400267561649
0.02561672607921949, 0.011936783229524512, 0.005185380090243168, 0.0015136029322467606, -0.008058373521686236, -0.01154318756139316, -0.022456447101967324, -0.016525139038959802, -0.014720110106210821, -0.0113409707885665, -0.004036990108649528, 0.003453164122705995, 0.008368395830140101, 0.02119062391363442, 0.011416542029719373
-0.7091031256332109, 0.17775836038874937, 0.1829184701451673, 0.1615097869299686, 0.14086145085795165, 0.11461518797665375, 0.09210278393062132, 0.06528789059342183, 0.0402183656705769, 0.018461396996675098, -0.009124127503325334, -0.03035158612174166, -0.056732276266573414, -0.08163428822393529, -0.1067882897409988
0.009550336008131691, 0.004260043749190461, 0.005357388323927316, 0.003668718881295128, -0.00022542272269520207, -0.0017178238949731982, -0.002595745475165811, -0.0065440097020938144, -0.013626662972150018, -0.021113020394283463, -0.01231275629543611, -0.00023724589685089723, 0.009499866604466351, 0.008846943030678485, 0.0171893907559586
-0.00038619376632127744, 0.000269404589432084, -0.002899725546157733, 0.004781027678999853, -0.005777419517587385, -0.007038358460100478, 0.0038709092786471853, 0.005472106793638994, 0.005522197992986356, 0.006514198010070808, -0.00690881848347661, -0.00036372916751881607, -0.00019713898058471284, -0.0006261839277368681, -0.002232276494291399
0.0010627939657521397, -0.0010137489547538672, 0.0003007359479403659, 0.0009248187863902497, -0.000514210155307863, -0.00015751145972775203, -0.0021284203498462087, -0.0014354206674097277, 0.0007049410058887944, 0.002419336275012333, 0.0004742853475238605, 0.0005014207649937446, -0.0005280502578879523, -0.0005188355527357232, -9.213469583237598e-05
0.000977886914720429, -0.0020409979150430007, -0.0005094839107264102, -0.0006808883665368332, 0.0020686747360674804, 0.0016584359051538243, -0.002818608231294398, -0.0034931780402494513, 0.00215424689527984, 0.002708067651007029, 0.0022360342446638027, 0.0013707777985233528, 0.0005406581515125361, -0.0027690296288282305, -0.001402596204250101
0.002369404591766063, -0.0014349356769202558, 0.0008287556457000819, 0.0025925056545197268, 0.0007495132784425941, -0.0025158598340905775, -0.0035139039082944246, 0.0005439297754353503, -0.001693294887876895, 0.0020239023107317213, -0.0006990280799989917, -0.003565186903414835, -0.0008017302358654696, 0.0016065894033917992, 0.0035093388664741124
0.10855516854471566, 0.02999891897354914, 0.014808837960608652, -0.0101534872181471, -0.04353271986765272, -0.04069437220216772, -0.04788695869082506, -0.05105309916837589, -0.0491805806626744, -0.0332205083333909, -0.01883300374818122, 0.006050209886746895, 0.021237598487719028, 0.04216012379147119, 0.0717438722466045
0.009662525639202077, -0.006908459667601364, 0.006702397324949071, 0.007686027257350719, 0.003625594633489354, -0.008563884719951084, -0.015326270268015014, 5.3844410184854095e-05, -0.007466517123253469, 0.009113505322265522, -0.0032473745032106835, -0.012561396138728956, -0.001272926040156298, 0.005062931054770324, 0.013440002818705062
0.015897942047369565, 0.011353771018028765, 0.006342385424475527, -0.002439684694568337, -0.0030136071104239523, -0.00851526515674396, -0.01095858991981132, -0.0063105944717264904, -0.008589381326729996, -0.016269372588220914, -0.014486127792678142, -0.006528614806093777, 0.00805589482166281, 0.01347574967166237, 0.021985494883797967
0.0005008979581161622, -0.001259004882484682, 0.00024237094785350792, 0.00013218717828146804, 0.0006127110498440283, 0.002472765928026446, 0.004636152306930343, 0.0010267583579707717, -0.0025740412466315793, -0.00655551892140287, -0.004175165873063509, -0.001455777012880848, -0.0008450712675850103, 0.0033134300642919667, 0.003927305412734041
0.529416087878288, -0.1270239320352228, -0.14114184823112916, -0.12190199147265522, -0.10316588163035187, -0.08481948659701505, -0.06842305309422006, -0.05063032418179741, -0.03358934031799653, -0.013208950415502905, 0.00442406654392894, 0.024177304800098713, 0.04318614071728614, 0.06192119281252769, 0.08078001522376145
-0.02414517628685716, -0.012570231696235208, -0.0019998611895105274, 0.0009462008515692099, 0.009079615111597817, 0.014057247190195058, 0.022079558010050473, 0.014262623778416115, 0.006110579965814628, 0.005113231061055119, -0.0009888626982241045, -0.0023906970207514464, -0.008977320290634628, -0.011898054046873142, -0.008678852739612556
-0.0027552739361965087, -0.0005531994653804698, -0.0006973270970541154, -0.00011691895799559315, 0.005593625600727838, 0.00017124924443927424, 0.005436180416322057, 0.004956279932743202, 0.0019226509803620519, -0.005743344293631714, -0.007274002565396441, -0.009524492174697906, 0.0016332370764784382, -0.008657611989007476, 0.015608947228286811
0.007484853193612443, 0.004717373791404058, 0.0011830359059210181, -0.0013382138621830786, -0.0009469200835187457, -0.0004690778085120735, 0.003377793481063587, -0.002630595859521767, -0.007064166124680431, -0.008845159688218595, -0.01290570436296045, -0.011911398321682897, -0.0005295680176740878, 0.014519785535487486, 0.015357962221463385
-0.020533479090702692, -0.014265019685253863, -0.005575102418117758, -0.011695190136510075, -0.015065602584955703, 0.013967273144963861, 0.0008504436850673995, 0.03707012485904675, 0.04055837395350697, 0.030979594988712437, 0.008586726208903583, 0.007367567883442876, -0.007038427179107505, -0.013502545044154596, -0.0517047385848418
0.003995829923518927, 0.0015957112208020681, 0.006936200705203417, 0.006626540559025096, 0.003747958062819312, -0.0003174339275615269, -0.010576513843989206, -0.009126781743233102, -0.007986196518952738, -0.012869935761783746, -0.005921600609700695, -0.0012231627211793678, 0.003270371177332466, 0.014146694433310396, 0.0077023190443890055
-0.03802140312426692, -0.016355797868067685, -0.009797984220202036, 0.007783673568669365, 0.008482797673316023, 0.023859155784727897, 0.023710857565844023, 0.020537937495248973, 0.014558904073635229, 0.0063488844397396335, 0.0065959279458937285, 0.007964293917308855, -0.005201635482620042, -0.015103553588300666, -0.03536205818092664
-0.3662886889490108, -0.39496219789223747, 0.11736781908870524, 0.2084281885799321, 0.22652768262255496, 0.1994372068225716, 0.16190014391445176, 0.12332005320519086, 0.08215619930650443, 0.04574363750190637, 0.005588739570445256, -0.039510317679418164, -0.07875507265046235, -0.12519614023027958, -0.16575725321085386
-0.0008349867066366371, -0.0009991624613663011, 0.0004897206418899638, -0.00022948664268443417, -0.0001544290325496587, 0.0007853298044407536, 0.001504452447150613, 0.0007509285572769197, -0.000148667888479426, -5.69980865377706e-05, 0.00046440979370996905, 9.525890334855663e-05, -0.0010495885942265904, -0.00035640706795640026, -0.0002603736673795485
-0.0033221572434807833, -0.0001582308336987222, -0.002684669290969815, -0.0007993707659586951, 0.0018830889883597471, 0.0027670978539740014, 0.004975056507928159, -0.0007314493157495319, 0.0006279338558676289, 0.004187148817245334, 0.0005208429113083042, -0.0037762291080377717, -0.0019175709309072586, -0.00046165493928219183, -0.0011098365065984243
0.2565566322990119, -0.0685248270484008, -0.06623797830894772, -0.05757284138665961, -0.04872660365770077, -0.04047250575578318, -0.03214836730195653, -0.023278233945651233, -0.014544799345585373, -0.005820749596842013, 0.00283716279101212, 0.01143274520211159, 0.020425309050431495, 0.028715098004413353, 0.03735995900054639
0.07522483993060068, 0.04402809090973156, 0.012856853909962914, -0.007917502812137529, -0.03405908019946, -0.06492482095973875, -0.04785697632105965, -0.03636483021031907, -0.029419521384941572, -0.01017998051822541, 0.003498507831315298, 0.0005263502112313386, 0.020023141243827567, 0.04141882228616112, 0.033146106083051144
-0.030525228026000523, -0.022570489880884843, 0.005319617566756271, 0.02641425599662415, 0.02374590239781634, -0.003890461125936842, 0.009688669918634731, 0.015852797276177426, 0.012292173083402658, -0.005776112696264087, -0.00956973764430436, -0.016231207909991476, 3.5209361382247757e-05, 0.017483200489849953, -0.022268588807261597
-0.0039909123166830115, -0.001995792614220737, -0.0016140390579394593, 0.0005394501729350242, 0.0012646576689307192, 0.0026003390967310057, 0.0049095634165490214, 0.003851394826926365, 0.001479527992831355, -9.699999623300161e-05, -0.0004148797664560006, -0.0016234031820374704, -0.0032383466916475947, -0.0024190524499339396, 0.0007484929002478017
-0.016931852236354655, -0.006272889046726089, -0.011628234772628676, -0.010740687522039582, 0.004703622646474267, 0.020795491730652677, 0.013775504259033448, 0.007059591563031131, 0.024357308943589978, 0.02261150665337183, -0.00491756415677082, -0.009912368200231314, -0.003831296233988667, -0.019668391356363904, -0.009399742271049779
-0.010841832569003744, 0.00028553591425937, 0.007132205132496592, 0.002226592380266339, 0.008974685894060603, 0.002204318324711029, -0.009030583790732056, -0.013331119345783071, -0.0014156601947733927, 0.00769224543858521, 0.006973118902717078, 0.009524223934281473, 0.005532047234231068, -0.003525014715336249, -0.012400762539980275
-0.014437242020650502, -0.005813365336899561, 0.0026888619840209596, 0.003709056912020182, 0.0032164595231540184, 0.00476792379737104, 0.0016512359818513414, 0.0030297795202763166, 0.005755730909999333, 0.0055158004978204875, 0.0029060801500328257, 0.006426090766935276, 0.005745086813213574, -0.00937124055276023, -0.015790258946385166
0.0039060560204631813, -0.0008687219422378096, -1.7357109933385224e-05, 0.0016230591551428836, 0.0015537341383759827, 0.004394910284416017, 0.005893678653301602, -0.0030483650419660473, -0.009226364551181004, -0.010511859086417195, -0.0068772275867072016, -0.0040452488168485606, 0.0009785837790480848, 0.0036657996775316774, 0.01257932242701175
-0.0034184006732211705, -0.0022859817395176904, 0.001784905830839587, 0.00032016921997850154, 0.0022634600028311573, -0.0007877499362646846, -0.005710642001165296, -0.002386449775499743, 0.002990054237662498, 0.015355085591131176, 0.003057377552877842, -0.0006476495447253458, -0.002147904453342917, -0.001226431567401072, -0.0071598427441827974
-0.008874589459453545, -0.010554208047381327, -0.015290234462031482, 0.012096627577781852, 0.00592416527050268, 0.002727055333424864, 0.020038907118584526, 0.025926995866142694, 0.022227850961488934, -0.018260385742848478, -0.018595954191312825, -0.01740248711240379, -0.021429531338594373, 0.013668652244517788, 0.007797135981582319
0.003945298632054165, -0.0018906710829787907, -0.003998178456511305, -0.0002413396061988792, -0.002484142802992026, 0.0009875740368555147, 0.003567972336299321, 0.0038281898294838133, 0.0022986700252730853, 0.008149707003582156, -0.005537148124370249, -0.011501717408666757, -0.009730325895403185, 0.0021634159224679576, 0.010442695591105328
0.009350567212565573, 0.004342502271103302, 0.002530357020762576, -0.0006791881042513396, -0.00043957545059352743, -0.006741340857797155, -0.01569984498407017, -0.007306283202939268, -0.002438492663522221, 0.005263074898393192, 0.0028521787380875606, 0.00130544027401092, 0.0007369252593290266, 0.00307357411272652, 0.003850105476195213
0.036142722712977964, 0.008040500112959918, 0.0007762666466821977, -0.004819820226919084, -0.014250955159103877, -0.014994464859225464, -0.013862235548562182, -0.01053526918651923, -0.01103262917450212, -0.00804379690192134, -0.005019216236317434, -0.0003949642159730541, 0.0039056084944986136, 0.015148007464765786, 0.018940246077159557
-0.0071229635223442524, -0.0078099134379859565, -0.006226456622075265, -0.002053895796195516, 0.004807107236784222, 0.003813756473951689, 0.01596236914743548, 0.008680784808572716, 0.008836867858213235, 0.010878699244356452, -0.006000266814636219, -0.007075780691329877, -0.014080143376382004, -0.006324637528969958, 0.003714473020605647
-0.007295548333962573, -0.005664234642588891, -0.009326528127743202, -0.006220657996720513, -0.0029817932418052563, 0.0031251362163624047, 0.014594779878986308, 0.018732410134062242, 0.015359382072139879, 0.021426627689933895, -0.0016313245504993913, -0.016125526826465397, -0.012220939174995645, -0.010020774824684183, -0.0017510082720197857
0.024874787436931195, 0.01937482845361311, 0.010386908202703118, -0.010208715277326372, -0.01145431214919082, -0.012335911079982534, -0.011677164630114673, -0.011534460528758513, -0.015237929486306853, -0.02036843382246586, -0.010890697069232692, -0.003632102150829682, 0.009835999293864504, 0.01531487972998792, 0.027552323077108625
0.011143054157422269, 0.0038850896078411875, 0.001693434870756956, -0.0009960330087877985, -0.0028468137409419013, -0.00041935272739958366, 0.0017580501447175185, -0.006318430997472746, -0.012598325678103688, -0.015392109399301253, -0.007626274412355566, -0.0006416791653762523, 0.01610138268114556, -0.0006889798292895224, 0.01294698749714519
-0.026938873546704264, -0.012302560886227722, -0.008335304221100834, -0.004082912281063748, 0.004439120194345162, 0.01601117492116358, 0.025362312841915195, 0.018430131151985503, 0.01486257978210057, 0.013602154653742569, 0.0053761857541417945, 0.0024725890337075618, -0.0007782321075242742, -0.02294028797736905, -0.0251780773131119
0.006386635923734113, 0.0013461298295372682, -0.0007404455269426596, -0.004664626192542387, -0.004077343351924871, -0.0009635989161607965, 0.008182895953107873, -0.0014532470263787123, -0.007170092045616384, -0.012661604164483593, -0.003384867237238658, 0.008735039481505651, 0.0179031451700844, 0.005295662309883626, -0.012733684206565092
-0.016388584920843243, -0.020508054286836153, -0.002675221728498437, 0.0001571978683601855, 0.011092562023663998, 0.02065346490866894, 0.012095878077478028, -3.74304042860867e-05, 0.007410033294216669, 0.027117851882865276, 0.014640566859966783, -0.0026739198278330914, -0.0339626641057685, -0.029558076318245564, 0.012636396677091129
-0.011932855683709881, -0.022799162542987566, -0.0036565065802349928, 0.0022832404057156024, 0.017031153284402783, 0.022060968504878122, 0.05808182875979069, 0.0098286348627175, -0.024138746209986975, -0.04726907544113103, -0.02925884748992755, 0.007333359593104758, 0.03018409702318528, -0.004258824774952356, -0.0034892637108644596
0.13878990245011438, 0.08991188869890278, -0.015416799366587216, -0.038027163199075516, -0.05502746882206271, -0.087265368337939, -0.06636018623356038, -0.08253196531487351, -0.053704077339888086, -0.029520096299216154, -0.0006419578560973076, 0.04118313193475611, 0.08068731636895476, 0.12312419895383636, -0.04520135563726449
0.25433687595200544, 0.03750323198782615, 0.03386815970282803, -0.011179512920707164, -0.07067928242404423, -0.047510321836959066, -0.08627223823029649, -0.054645249226051615, -0.09055761784816868, -0.10030372823471372, -0.10166930259836202, -0.10921935452892352, -0.11561123074006649, -0.1141990985552345, 0.5761386695008679
9.229236070753958e-05, 7.766228903065126e-05, 3.035696094674468e-05, -3.0727717325798525e-06, 1.0695248322017952e-05, -3.350998231637728e-05, -7.754061324201489e-05, -8.053642672099482e-05, -0.00011709598965599878, -2.9697089978479607e-05, -3.243759295967293e-05, -6.359003464296846e-05, -5.344905501718602e-05, 2.501137463278897e-05, 0.00025491132262635215
-0.000125852310629419, 4.8785849323472284e-05, 7.365593497371728e-05, 8.702011985084144e-05, 4.219689813592423e-05, -4.8714833099201816e-05, -0.0001935140665673293, -8.187812997539666e-05, 7.3839988125027686e-06, 0.0001357979141992907, 0.00010748736114728698, 6.47507619513398e-05, 4.587905447712573e-05, -1.4905674806651394e-05, -0.0001480928777935919
0.002189039817871564, -0.000461423688929128, 0.0018261225156636536, -0.0015355170839962424, -0.001563918927853179, 0.0011097052529651773, 0.0021573116116447907, -0.002581551214893712, -0.0004589445711810653, -0.0013165396485146658, -0.002783303763142536, -0.0018155689867039998, 0.0012495699240372034, 0.00021052368908135166, 0.00377449507395072
0.00028010961607077833, -7.26506911424497e-05, -5.250624518748711e-05, 2.867027018452038e-05, -4.370089584774094e-05, 7.634565967844272e-05, 0.0003522654714144521, -0.00014571090495455344, -0.00024188196378933463, -0.00032685745870452657, -0.0003743616183541509, -0.00014260314590510561, 3.255933800853148e-05, 0.00023509322619136964, 0.00039522934233712906
0.00047818337135920323, 0.0016583477495269823, 8.689058542367097e-05, 0.0019470088942990038, -0.002333188056626253, -0.0008899632062933403, 0.0006729431659871325, 0.00029330375300872186, -0.0021024640301137067, -0.00030884951035984204, -0.0012212675603250878, -0.0026181983064910413, -0.0011874342393855032, 0.002465570390719474, 0.0030591169992708446
-0.0013782806861941293, -0.00041905638725591885, -0.0007077250286753298, 0.0007291140180856945, 0.0009859486520812865, 0.0009990379380852156, 0.0013085263046762872, 0.0011279748101834792, 0.0006993925856571099, -0.0004130160987657304, -0.0014403670897521251, -0.001885313997219574, -0.0013556850353302293, -1.2478848546014932e-06, 0.0017506978992785824
-3.9754344627982875e-05, 0.0001821278417331699, 0.0003665771608356471, -1.873879035007496e-05, -7.7600535530416e-05, -0.0004368817546003113, -0.0007119158672357946, -0.00030383200397622443, -7.422860121907e-05, 0.0007286302465971234, 0.0007342368594388572, 0.00022868316168471093, 4.0504027321695976e-06, -0.00030268559543459385, -0.00027866818004720835
-0.0017489081844279022, -0.00031097246211175887, 5.92397630019006e-05, 0.0004138269733302705, 0.0004976200537859457, 0.00045899671952724517, 0.0004793350818700972, 0.000667001515292943, 0.0005704391106270362, 0.00022549166164444862, 0.00017143153155832832, 0.000322766572619816, 0.00017286800493018152, -0.0008963343747668668, -0.0010828019668818313
-0.00022619658262659173, -0.0001450756122858006, 2.8193204836993727e-05, -8.626757084789038e-05, 0.00020332504298649175, 0.00032831006852432543, 0.0007108576710197221, 0.00021246345408746837, -0.0002303617380327915, -0.00038636702961297953, -0.0005677765427434857, -0.00037529207918370885, -4.1415271101885524e-05, 0.000295031871406243, 0.00028057111357376283
-0.00010900528428165786, 6.496373374259305e-05, -0.0015685790280515182, 0.0036439598740007945, -0.003495035808241582, -0.005218274856965143, 0.0024265967019656194, 0.002764703101253288, 0.0035997082318166614, 0.003958042558184057, -0.004744800523776769, 5.787274086832377e-06, -8.305227103856823e-05, 0.00030955426760675845, -0.0015545679703013412
0.007095723964504735, 0.0016038475925772167, 0.005380486762482806, 0.002245280613894259, -0.003962056838791672, -0.004624674052653911, -0.003497617283525595, -0.009358651989744626, -0.009298687177107377, 0.0019291691009979406, 0.0011361493905856657, -0.001261400506432843, 0.0023722967059846382, 0.005921343051660659, 0.00431879066556826
-0.002938445061912008, -0.0009639742018189251, 0.0007215500742651698, 0.0015517925527262584, 0.0013404709878080184, 0.002074275310144265, 0.0022525353080421135, 0.0023609773650883825, -0.0006861695923328346, -0.003670974586084462, -0.003203680027158163, -0.002323862893638178, 0.0012874362916232497, 0.0010045915206295082, 0.001193476952617659
-0.010115362725417625, -0.002691400708414134, 0.001497988038714185, 0.005208416753523514, 0.010255579639758337, 0.003640402054947916, 0.0043033983782603, 0.005680324192476671, 0.002983593949854194, -0.003659192337099028, -0.009987282602528477, -0.015943471117044285, -0.006552892739023503, -0.006894297427969029, 0.022274196649960894
-0.016880288867242958, -0.00670858680237052, 0.000722160511590221, 0.004431576712490989, 0.0083422190096109, 0.001903503692734801, 0.010423098852691617, 0.01833921457947029, 0.01240850525279518, -0.002401500992852079, -0.00982291701297279, -0.015448974445398861, -0.00725002819523847, -0.008495492386756641, 0.010437510091448575
-0.00875290341312137, -0.007080792879219524, -0.006256746123700859, -0.004618324206358191, 0.005237644833533041, 0.008759933624723252, 0.010219270637002377, 0.00963776956295717, 0.00960616414701763, 0.006605429745370622, -8.739732108687228e-05, -0.003968401151261567, -0.004340107166779381, -0.009690054563920962, -0.005271485725155045
0.05454846712671711, -0.014045148585353513, -0.010672790691868142, -0.013098146953964544, -0.011008745725269654, -0.009278670993412962, -0.0075194800643069, -0.006347189774011613, -0.004334698306145261, -0.001910612653974142, 0.0003030198283217019, 0.0022011121254565612, 0.004982990120112504, 0.007023018934394078, 0.009156875613304763
0.003544244355864829, 0.0011446004540364707, 0.0035809220996543024, 0.0027146364265497117, -0.0042480337743462035, 0.005540518991501674, 0.0024452417133726395, -0.0009653845271793936, -0.012309657290679482, -0.01702293793359919, -0.0036524165521266035, 0.0017096649709670564, 0.005060517299087918, 0.0008124021402412113, 0.011645681626654733
0.0022557335015170724, 0.0015244021893822534, 0.0007012816586726018, 0.0003554383858119749, -0.0015131502216904915, -0.0013587904529487093, -0.0022470139662041436, -0.002648905498666518, -0.0015328294912650736, -0.00037533968646978296, 0.000557637374038042, 0.001114802061557469, 0.0014630652772789207, 0.0027289560270883483, -0.0010252871581018807
0.0021933257272656573, 0.00026025616287840764, 0.00017037300605882106, 6.791699051151163e-05, -0.0006923213912238502, -0.000711815655239771, -0.0021747661645493245, -0.0015871604622420272, -0.00088903041008777, 0.00020769939132518568, 0.0010008757859994338, 0.00047643124581144274, 0.001240915820238977, 0.0013374110760066816, -0.00090011112275312
0.002563433387263627, 0.0010341924785209633, -0.00271651029017643, -0.006066787394376153, 0.00040590824567219674, 0.003415676211106704, 0.0027658826887586255, 0.0033587963148229544, 0.0013888771631399366, -0.003873251059816401, -0.0014311026718285755, -0.0015260182073656378, -0.004578934952762611, 5.473864245549411e-05, 0.005205099444584905
-0.04820535452386826, -0.02013343349202112, 0.0032480332481370855, 0.019954930380082357, 0.02992926597509456, -0.0061876150774880815, 0.02114269137951708, 0.04425492650212766, 0.032037269012305254, -0.010836363146675791, -0.023780323055012376, -0.038069163729051114, 0.0009991246452333343, 0.024887560743580107, -0.029241548861960693
0.003309358369430857, 0.001469735643849507, 0.003166569360088226, 0.0018898796825417442, -0.002347677626701166, -0.001093220533289993, -0.011742108554420944, -0.005088075030278127, -0.0008907699787394485, 0.0011827888730072274, 0.0031756214419670554, 0.004928189859420397, 0.002575183572148518, 0.005437318359814967, -0.00597279343883905
0.016542507877895688, 0.00020989964531424946, 0.0008555583403432425, 0.00045986010972679653, 0.0007378940647324687, -0.008657880596769064, -0.012837571121080655, -0.005275082103833779, 0.000493740600267533, 0.003085122554996319, -0.004638764442160156, -0.008979518937189311, -0.00874085659246462, 0.005106432836891793, 0.021638657763329624
-0.0038699030232645284, -0.002902043948255284, -0.0005573368866576752, -2.1402933531481727e-05, 0.0022360108995895514, 0.0020239685333607966, 0.0021429567510528403, 0.0014933983948113465, 0.002242299699310293, 0.005353940241694213, 0.00326367864287183, -0.0012527747207578986, -0.006115429943292396, -0.006633609933445306, 0.0025962482265137928
0.000515106105524017, 0.0014417395514739102, 0.0019402753309982817, 0.0010208957644342255, 0.0026356076553966747, -0.002412175137981658, -0.004595150970776321, -0.00284637750401677, -0.0016930703608332087, -0.0012366392233680798, 0.0011271952053573883, -5.966431636195699e-05, -0.00018067448192392722, 0.003945272328286514, 0.00039766005379083787
0.015717947891528705, 0.011499372235834051, 0.0022444175918670435, -0.006877133092011187, 0.00450521842725695, -0.009759946082767736, -0.009589166992424226, -0.014684049684356507, -0.0002600021864591802, -0.013358802922584886, -0.012033428193057923, -0.005231239166063419, 0.0137946599269602, 0.006053495712883418, 0.017978656533394546
0.0016455070046567139, 0.002012602084059878, 0.0024869293599204625, 0.0010930504742563399, -0.00040009697879890603, -0.003611482892262669, -0.006466257941381724, -0.001494866261292338, -0.00048343385383463637, 0.0015163709883506341, 0.0005999211104061744, 0.0003226509043762081, -0.00023526386461433834, 5.2449240344592304e-05, 0.0029619206258134777
0.0012362615074998232, -0.0020467056881542283, -0.000527374996591046, 0.0016538710251919472, -0.0015031940439707119, -0.001689832768676057, -0.00350872772459337, -0.001383986697527846, 0.003219357939772668, 0.008203057788418483, 0.0034690036241892047, -0.0003053503006931593, -0.0019111259707387722, -0.004035552673704773, -0.0008697010204219658
-0.0010495224257785472, -0.0032198521981092326, -0.0030897040312795635, -0.001463095344213804, 0.0005108634076887713, 0.004802949153636704, 0.008374978816019665, 0.005167382057452171, 0.004997723738669231, -0.008021743565071317, -0.005164060673002216, -0.0006992368089663156, -0.0021575084204482928, -0.004593446338771888, 0.005604272632174173
0.006409879264311722, 0.007934038989517899, 0.007380502377897644, 0.00469518672423869, -0.00101711839730061, -0.004448672671467303, -0.0014014534159482138, -0.003387978123127751, -0.023372579270529954, -0.025984563570328457, -0.001973568665629616, 0.003287925478908788, 0.007443806119894664, 0.005343992601020923, 0.01909060255854137
-0.004221337852156464, -0.001017624210404874, 0.00226546084974744, 0.004053228772960753, 0.0030621415328604936, 0.003981435214236399, 0.005106441896437993, -0.0018517221621640661, -0.0033545423251125314, -0.008068036568154358, -0.007373369343181228, -0.004091318410799533, 0.00126017539157632, 0.005927504286246269, 0.004321562927907424
-0.05254103695779232, -0.026012961445803676, -0.0022325369432591507, 0.014742249353605014, 0.028396928271959526, 0.02778868325713125, 0.027900426613486018, 0.02195863573876745, 0.011779427923644894, 0.004268482131668054, -0.0012484638894866597, -0.0033878286026207518, -0.015863236310035035, -0.01774774269337161, -0.017801026447892887
0.014286733937520833, 0.004539621417013786, 0.00020246745481680532, -0.001647832325522798, -0.0021754211366428345, -0.003589928302488365, -0.002997169795291599, -0.005486159493766862, -0.007876798315215549, -0.01119231313401853, -0.007739848961808722, -0.0033686071936664397, 0.003518106031898787, 0.010362594409823261, 0.013164555407347938
-0.00597619879824064, -0.006983047891189278, 0.010270623628873647, 0.012966292271932089, 0.016868764082638366, -0.00026742274370420436, 0.0053070815818347, -0.0031120647316338172, -0.01441133033038389, -0.02155616517111201, -0.010738991588813394, -0.012697874640735752, -0.008050538437864992, 0.013016146547857134, 0.025364726220541575
-0.02455329710852497, -0.012525994827537197, -0.007688064786639191, -0.0004706680261126646, 0.00815921349424668, 0.013879563274984078, 0.00923857486369715, 0.01353176733082325, 0.024580121554827583, 0.018150111751658024, 0.010219181648761597, -0.001781808062325003, -0.012081176007075605, -0.020721195119594665, -0.017936329981188808
0.01374012614037745, 0.0060458958227032015, 0.004286041722052171, 0.0027717139636977434, -0.0010207290165727481, -0.008149816224963583, -0.016746318394147766, -0.012428399346340102, -0.0073295730689581454, -0.003225988583096662, -0.0011033695178807278, 0.0015328652315701047, 0.005058498737855827, 0.001450479072569592, 0.015118573461133803
0.013914449951866852, 0.0054504205011520115, 0.005156447395556326, -0.0012596463648918768, -0.005335417309248707, -0.009981916662186742, -0.01686215754962139, -0.008964681634483999, -0.004020569473436262, 0.00194965222755694, 0.007896266399025784, 0.0030867601595558616, -0.001464614249045048, 0.0036214684426994076, 0.006813538165500508
-0.05655011851140533, -0.017705688101025376, -0.002265546210328632, 0.0040664642168510125, 0.004418800854374942, 0.0214193333016858, 0.05014751519947265, 0.04688727395689761, 0.026005951247325756, 0.0034710260327754927, -0.012057851245895052, -0.009847938026611547, -0.0171453787210075, -0.023346856083802235, -0.01749698790930774
-0.038804827204711324, -0.009163598048197566, -0.03152501978501933, -0.01601439000930179, 0.024425551988859224, 0.014670625607433117, 0.027744976527677687, 0.045461943258545114, 0.042007054795188105, 0.008354996426632892, 0.01732276632344945, -0.00286174215633336, 0.0002325050800305109, -0.05461984226080065, -0.027231000543452084
0.004789483168246577, 0.0025805229379563303, 0.0001486642118061598, -0.005608381428053142, -0.006109022301335001, -0.0029863711435941047, -0.008920402053727012, -0.004410199526298671, -0.0016168161090868512, 0.003488629968352139, 0.0139257110339196, 0.018366188527791986, 0.017434123166203998, -0.0039010702010734226, -0.027181060251108786
-0.061974435092485305, -0.02988055819752252, -0.0027318150045209143, 0.011349999947318183, 0.02282861978742364, 0.019386101707022995, 0.04651611070038509, 0.05220704435912349, 0.03326397027965872, 0.010770842642524982, -0.00916875127632323, -0.036966341251533655, -0.02075712151395038, -0.040667943860832945, 0.005824276773711846
-0.03113308075151676, -0.01599830359125102, -0.01721382939901182, -0.0030102133791494604, 0.00335380925516661, 0.018907536701068123, 0.02342419243589046, 0.028634069113977645, 0.02899023778813846, 0.026778160386149892, 0.008938702805788156, -0.0011038905503406708, -0.011150173008343527, -0.02599359119498653, -0.03342362661157959
0.04284965467725504, 0.016235363609640667, 0.008186415306975546, -0.007637742670140573, -0.014441542606592254, -0.020010147600363952, -0.023635821327495133, -0.020995843732446767, -0.018615359814564303, -0.015625268199359412, -0.006135072813450095, 0.0011074146240733808, 0.014220621076388731, 0.01798282961020892, 0.026514499859869645
0.07344763696837144, 0.11948315030591825, 0.19645739564346637, 0.19560048954189524, 0.2979386504054585, -0.37281813525778895, -0.3670712709100399, -0.28847896480158236, -0.2136225323830212, -0.13768110372311204, -0.0598761463022724, 0.021465875558630783, 0.10404691006064123, 0.17841148126592893, 0.25269656362750603
-0.03757798437057295, 0.005057153363371866, -0.02783210385003514, -0.005879956039589752, 0.020190242028400616, 0.018199675834612013, -0.006264737416176138, 0.021282450883906037, 0.04400796080518893, 0.045631080070765204, -0.0041296864372816966, -0.008262863522238678, -0.016581402445142376, -0.023278233532182308, -0.02456159537302547
-0.033751872455317335, -0.007402263719001729, -0.005802644054665358, 0.017882610930571058, 0.006347222593516579, 0.01596270643157997, 0.02319105168127234, 0.02744258095456284, 0.02659979291733212, -0.0021206478663362074, -0.04141466553170477, -0.015966741675055882, -0.04196570844324197, 0.005410373055823401, 0.025588205180665027
0.04512284376049806, 0.01717051977618947, 0.020432430418360962, -0.0032135749384355956, -0.010737630533226253, -0.029852055120462902, -0.04512515504208735, -0.04048730886599028, -0.023806941496171703, 0.005585594463031781, -0.00027501969021827277, 0.0010864008062025747, 0.020706328957694902, 0.02702268846882626, 0.016370879035787784
-0.0033426662341307237, -0.0017246310262531643, 0.0070378999002670296, 0.00852071103049267, 0.009603245866866159, 0.0001175215238270657, 0.00479248991319768, 0.012244857684646438, 0.006053177636249904, -0.03115821394608109, -0.024571361457379357, -0.017638694894796934, -0.035579966225536136, 0.011724301877171137, 0.053921328351459144
-0.005095820766048328, 0.005082521286613283, 0.012430534094201466, 0.009785326675731232, -0.004614676600858806, -0.02461727480244231, -0.04557674619647764, -0.06236798925316533, -0.005264474143702449, 0.09069992932421615, 0.0645248503641872, 0.04241951372674631, 0.02279123854730486, -0.03549737648067429, -0.06469955577563147
-0.009761170904629649, -0.016992892731846242, -0.02421925442842183, -0.01990116173066949, -0.004678521437446133, 0.005490309668759448, 0.012879325419250184, 0.028365578033714783, 0.04762140014445953, 0.06732698223333908, 0.02322670493516687, -0.014391939266150585, -0.03463584481196037, -0.0399360162288841, -0.020393498894681547
-0.01202197833081863, 0.000895584745506582, 0.002739049982052004, 0.0028261840175236056, 0.002978729648756296, 0.002975236484642054, 0.0023661031039565925, 0.0017901219513482003, 0.0013729717181428023, 0.0004973095228930976, 6.22365536110326e-05, -0.0005238221390726235, -0.0013481059124980433, -0.0020212782734924314, -0.002588343072550526
-0.0003000194301815524, -7.673655059244365e-05, 2.7475646799350953e-05, 5.8321698619837165e-05, 0.00016788095743053, 6.424401480879559e-05, 8.468716798306814e-05, 6.94423231197507e-05, 0.00017628992212510175, 0.00020463366973510517, -2.6792415594818562e-05, -0.0002404336060675849, -8.535909108838025e-05, -0.0002757177981214932, 0.00015208349102473572
0.0004382016837525969, 0.0002402550501446762, 8.35899992446709e-05, 0.0001370314241357809, -6.788195846094608e-05, -0.00021928830184391514, -0.00016606261321850708, -0.00028620860388757204, -0.0005509744977974559, -0.0004904347670454313, -0.00023816455936024887, 7.22118565879766e-05, 0.00021202634753949526, 0.00028580134792898084, 0.0005498975922799032
-0.0009539579362288689, -0.0003389401502109434, -0.00013161803331545848, 0.00027232500588310614, 0.00011216151299970835, 0.00034251376188630965, 0.0005673482527828405, 0.0005510279888266969, 0.0005032891364820522, 0.00034023214066738035, -1.2481368983583222e-06, -1.0560639272069609e-05, -0.0002570231329266472, -0.00042492132697248867, -0.0005706284437033306
-0.007988236347147157, -0.008305285233453415, -0.0037330902323945785, 0.007952354119264577, 0.00533886135005868, 0.00804509173796616, 0.008303366465479542, 0.0012644091351125505, -0.0025536143065619603, 0.0014783080492670295, 0.0012647287153579258, -0.002339914053104046, -0.009943237634535723, 0.005830417719863984, -0.004614159485173173
-0.03569425642657934, -0.007749687941261574, -0.011506340539175756, -0.025396297706262182, 0.011955453607316015, 0.017057119875378716, 0.02798620439681791, 0.02309028549708619, 0.030915843010193088, 0.038741065649322066, 0.012742329516363626, -0.008602459247428603, -0.011146798489734155, -0.022758083809681362, -0.03963437739235483
0.0037252439754781887, 0.00042806256837005046, 0.00030198417211677676, -0.0008747023815605716, -0.0011310129493077397, -0.0008850841740064895, -0.000800612213038004, -0.0014687293702012913, -0.0016348179786722463, -0.0011607687892417062, -0.0007955796950381393, 5.368514117801582e-05, 0.0008022318861084524, 0.0012711288437501221, 0.0021689709640642977
0.005373704218377991, 0.0011752490489988906, 0.0028081734400237294, 0.0010269152057900076, -0.0031001088337452463, -0.002270556319963814, -0.001187314031142354, -0.00581602465126162, -0.007338708655895102, 0.0006071471280141053, 0.0004601101267789417, -0.0008761086668045611, 0.0015810875869159838, 0.004764761401610331, 0.0027916730023026673
-0.0035386230570779633, -0.0007504413306780966, 0.000484496492284478, -0.0016264572877164195, -0.0014669074406976448, 0.0005211899368717185, 0.0024619211210300976, 0.00254920486716572, 0.0032465192466826277, 0.0037668501159770574, 0.0018845405813218716, 0.0009924162280675575, -0.0003613788971277858, -0.004293924983112174, -0.0038694055929910888
0.009759718123450768, 0.0023484701129838424, -0.0012652237536950664, 0.0036126329227919815, 0.0033863198647522807, -0.008206625707330138, -0.012196748414031833, -0.008036998750506785, -0.0026628606444773087, 0.005415976505740949, -0.00582027620088585, -0.00034489816187183717, 0.00484048437584404, 0.0056390808564072015, 0.003530948870827511
0.001518272828731811, -0.0012506325913926133, 0.00027279259842437803, 0.0006576298186703263, 0.0017082469253289665, 0.0014591811999481925, -0.004439941320225779, -0.005642873854470999, 0.0009566958347028124, 0.001488328540150934, 0.0019805627788335666, 0.0020579702248044182, 0.002110233206155008, -0.0021989335213573585, -0.0006775326683037274
-0.009753760692383987, -0.004642238706858829, -0.0071968996234996864, -0.0068841023486691, -0.0005780489443774924, 0.013937507919551987, 0.008024743640219982, 0.005128506123752993, 0.018176503800258977, 0.017293129893476943, -0.005083111667036034, -0.0068315685494100015, 0.0004022468003390567, -0.016266913173571537, -0.00572599447179359
-0.007445458141577, -0.0023701031938924938, 0.003929549145261296, 0.0020276484913632586, 0.0017828962702197274, 0.007538530180861767, -0.004732373726876469, 0.0009058528507419386, 0.0018621492411173167, 0.0017229135173058541, -0.005175477499561354, 0.00023557168955495126, 0.006650425848581576, -0.0016618019164016636, -0.005270322756698711
0.004375674188953802, 0.003817262135485813, 0.0027947182550166066, -0.0023522253287257683, -0.0035274170082266764, -0.002348149218707048, -0.007115689884881898, -0.004566583876256406, -0.00494415462787695, 0.0046988992026674265, 0.00374737686941838, 0.0036705059692884864, 0.004350996197421184, -0.001779453613863034, -0.000821759259714173
-0.025819933027756807, -0.010515670807375891, 0.006320627460015323, 0.008716246359752978, 0.011832090398677046, 0.00017715296741616833, 0.01577822936736521, 0.031467588068631376, 0.019169983744289014, -0.011293504323369714, -0.02175109889917226, -0.025946873018260447, -0.010148229535698428, -0.01336859583185963, 0.02538198707734615
-0.004811950729573948, -0.0012332830176870536, 0.001859020495378344, 0.0005933004571606192, 0.0017156407638318617, 0.0046621793852188705, -0.003919811295825904, -0.0016797602748126728, 0.0007820446072417502, 0.00210140617607097, 0.001074170825499097, 0.0032518631578208374, 0.005840850280403426, -0.0023670432044020527, -0.007868627626323925
-0.0028727437509733114, -0.0036587428634015473, -0.0053496819876880436, -0.0038418285997035297, 0.00557756923511891, 0.004090349162832545, 2.7291088889807326e-05, 0.0037569480506347923, 0.0023964632922901926, 0.00629638578715475, 0.005493568568705081, 0.00290211521851316, 0.0001845853829897178, -0.0017779310812562484, -0.013224347504106275