
0.0035843437022647145, -8.210313084704365e-05, -0.0009250233625636954, -0.001064997063571539, -0.0005699754881514295, -0.000795695303748692, -0.0005762053427613092, -0.00022035854895075102, 6.099269672121226e-05, -0.00016023843903567483, -0.0012223957305514262, -0.0008545416933589643, 3.916506670489799e-05, 0.0005250560030789704, 0.0022619766347707283
0.15822941567616186, -0.04799738884908292, -0.0421896638049037, -0.03475274235116524, -0.02860128335847587, -0.022754703943109276, -0.01833669475340862, -0.01310900118923036, -0.007906270041920377, -0.0021551188695598067, 0.004874151029513434, 0.009364634899149026, 0.01193872513235621, 0.013317358037205462, 0.020078582386470156
-0.042964825316602555, -0.0012601655227451182, -0.03642881392409921, -0.017453821838090272, 0.022850371214284373, 0.023326828321969105, 0.014573467859764959, 0.02727564173582225, 0.05061593658861273, 0.044995774511787, -0.00028886228990737943, 0.010236704558845162, -0.010579448304572634, -0.03600514853150793, -0.0488936390635606
-3.979906634820689e-25, -7.242278447260432e-25, -1.7207665568319536e-24, -1.7118503612433425e-24, -1.947583326169922e-25, 2.160211480053984e-24, 1.6663971751601143e-24, 1.0054549076945216e-24, 3.8631499980447446e-24, 4.2067695389205626e-24, -3.828357241042805e-18, -5.493884131784826e-24, -1.7987569365993265e-24, 3.8907707929507505e-25, 7.331422993802428e-25
-0.06957194631923448, -0.027536260498907342, -0.05809750277272118, -0.010867022588738104, 0.04632403040110477, 0.035625614270633904, 0.052931554469356816, 0.07396825436441207, 0.06346210033200624, 0.012996515887837692, 0.022291823896501792, -0.005473104212648579, -0.006829915574033041, -0.0812584652798607, -0.04796567637570978
-0.000868720391733529, 0.0023304097976147263, 0.006999215557917655, -0.00030370520977607014, -0.0041245061001051585, -0.0037166939905532615, -0.003496659594954298, -0.00018288975972398047, 0.0011201322217906549, -0.0012280683616365193, -0.0007603973211547217, 0.0017965272361913757, 0.00033412151284631825, 0.001569053749326701, 0.0005321806539500798
-0.013587291873154488, -0.007339356834188146, 0.011907023769353868, 0.0008331505142257056, -0.006147404758880378, 0.013776391754582368, 0.009959101335948788, -0.003234344127930204, 0.007303648876440694, 0.00896705310298004, -0.006443632829055135, -0.0007381075551550441, -0.019833695132159747, -0.006962010342177324, 0.011539474099168816
-0.06140530906668254, 0.0175841305408807, 0.016905149411677936, 0.013387533309063265, 0.01118414965802982, 0.008490252668682523, 0.006618608300103815, 0.004499203124538788, 0.0032137344404683512, 0.0027999357930268204, 0.0003071529711021609, -0.0038013616382388264, -0.004002248468850159, -0.006843203948703399, -0.008937727095099214
0.015284041618403004, 0.010662924751920782, 0.001416740247702073, -0.005612639249983493, -0.006101025394991384, -0.010435340970262495, -0.007966802960299413, 0.002283336249497199, -0.002233024421230947, -0.009862431099829226, -0.008136982205078119, -0.009687396242455501, 0.0049645076613151476, 0.009214341214554606, 0.01620975080073799
-0.008551281468920351, -0.00794595353557892, -0.0019576642021948117, 0.0015471333616704586, 0.006480314293922329, 0.00761929932879007, 0.005691546828257073, 0.0023639864698502, 0.0022927435939245288, 0.006888543559058974, 0.0039916559397376325, -0.0011516472885663128, -0.0084363034271035, -0.00980653123585613, 0.000974157783008589
-0.04984767216619824, 0.013671694869194761, 0.01327781603719525, 0.011732475856027338, 0.008620761927411296, 0.008941394426858946, 0.005363501668050508, 0.004526860721970443, 0.003839530187802517, -0.00046632318073276186, -0.002423778398287522, -0.003453123484285953, -0.002334662658865779, -0.005513613208852147, -0.0059348625972885875
-0.0019039411604497424, 0.00015878587319100287, 0.0005401239301125609, 0.0006477418653362936, 0.0004531508888164165, 0.0004263965308592825, 0.00020855523776879461, 0.00022671238583173883, 0.00014193006236315616, 0.00011497707608541993, -0.00029490961246309575, -4.9823699750033234e-05, -0.00020887611470713597, -0.00031979803019597483, -0.00014102523279866348
-0.002608956959261266, -0.001974668627549313, -0.0047728368051843184, 0.004319636058867385, -0.006894978095190576, 0.005647706523167946, 0.003375351256236324, 0.0049292575983553395, 0.005813067476250894, 0.006931606853027812, -0.00840981397651302, -0.00102379937011734, -0.0016204671612406907, -0.0010179071762731386, -0.002693197594576028
-0.004901563829265203, -0.0038176646195592447, -0.009442963839893886, -0.011126705194050202, -0.0013245800778178619, 0.014050728053512323, 0.010407390488007803, 0.00809281427079613, 0.01702582503451769, 0.011740320063334796, -0.005150473686347982, -0.008561627930977356, -0.0014810402360837787, -0.01076641013909407, -0.004744048357079136
-0.012323617435456204, -0.011019853696894493, -0.006678111404583418, 0.006077559651160493, 0.00610734161661493, 0.00701516195552105, 0.015400994702402393, 0.012312231595670705, 0.0021368007081035843, -0.0043418217200110595, 0.002591919956075405, -0.0010450788091914609, 0.0029771779421968424, -0.00882902463618919, -0.010381680425419593
0.059252814407566086, 0.006570065540969708, -0.04303490896204599, -0.02598189995185369, -0.01667597763851898, 0.0036058575009593223, 0.0007137356312753813, 0.001603184098189832, 0.01085884627138796, 0.00015761576645435875, -0.007011837253016367, -0.011399535915087742, -0.003223763511617396, 0.00739676573539714, 0.017169038279940103
0.006853380314554685, 0.003587456642170984, -0.0049359929482397005, -0.008638188591125645, -0.0030826161671760883, 0.00206134328222103, 0.005739770077472067, 0.000522503270361784, -0.00010806961595432141, 0.0003204346977756978, -0.0023391957964911075, -0.0054291547072311125, -0.0028400438966687982, 0.00473669705657699, 0.0035516763817537568
0.0014134260847059046, 0.0005830878963100169, 0.0015793403350152716, 0.0009507619049583664, -0.0011680810329090185, -0.0013636226303238872, -0.00217144857673966, -0.0023866669973784363, -0.0023772332845762465, -0.001598550970734887, 0.0015041093552252485, 0.0043648680062578745, 0.002372446503136516, -0.00034668109988244704, -0.001355755493064626
-0.023401643634772193, -0.010198058224358202, -0.0069689966696215985, 0.0016544828755031946, 0.007070517830977414, 0.012056638788764396, 0.009217213308742795, 0.010834910384149, 0.021642098576296058, 0.016237392674908473, 0.008089392316475359, -0.002705225738091358, -0.009929476384615239, -0.01859308447396154, -0.015006161630396307
-0.3160023304185049, 0.08883453986258566, 0.08083805833583647, 0.06993345878791933, 0.05964249892542832, 0.048903970242655366, 0.03857076597571867, 0.027464274515922114, 0.01576863992796708, 0.008297157700195724, -0.0040168837604951805, -0.013269040646992384, -0.025907800196998367, -0.0359252805989076, -0.0431320286523304
0.0020183883278322274, 0.0025483658782630516, 0.003286279072055843, 0.0019228160679823755, 0.0006259552720019006, 0.0010606371655796577, 0.0029939882044880857, -0.0004378393524085211, -0.012871020735423672, -0.015765538334610373, -0.003378745684442186, 0.001569926215339444, 0.0024919409253257837, 0.0012103023278616338, 0.01272454465015434
-0.014064296919009987, -0.005544333935227194, -0.006476818218032156, -0.005925127094975819, 0.00391355115538223, 0.014186445091271819, 0.01016140834074021, 0.004436601132858669, 0.017441239525613935, 0.016720738726807002, -0.0030164183404374108, -0.006922747691084984, -0.0033460913046820633, -0.01601130908933846, -0.005552841379885896
-0.004432536807157279, -0.005281687088899841, -0.005863681702144155, -0.009694231810804307, -0.010691578363531134, -0.005414034196125138, 0.02551809655069031, 0.02065227885136771, 0.013996971328307769, 0.00983395932688135, 0.0031887734792499537, -0.0020249158835471018, -0.008009782332696506, -0.009162861369401133, -0.012614769982190568
-0.04015756936263988, 0.007445550535848673, 0.010156316790601364, 0.009468125466240398, 0.007624288443534662, 0.006431775673602811, 0.004903420971373253, 0.005866095215796861, 0.006057779228042094, 0.001966094414804586, -0.000513388143069864, -0.0018041445595345037, -0.004226848793862712, -0.005287730887938011, -0.007929764992799708
0.00964478068597131, 0.005089293915570232, 0.0054849186271799955, 0.0027920307739160155, -0.0037502364392313888, -0.005961500279174382, -0.010706001036522047, -0.003268499033587407, -0.0005908372585197148, -0.00566493107391039, -0.0072792757056235734, -0.01372117164438158, -0.0035480895336490485, 0.011210731630532192, 0.020268786371429884
0.011850074436723786, 0.0040562712944838325, 0.0037450470162827014, 0.0003641072005594283, 0.00023223763705715756, -0.008313957040081942, -0.00994812043415292, -0.008874286805253939, -0.01653098363730405, -0.008815223671827318, 0.002372876765753125, 0.022182042117811145, 0.007648608463481716, -0.0014429344042531048, 0.00147424106072002
0.051428230534673124, 0.02524883712381944, -0.0011808249585612267, -0.013021334346406264, -0.0331627558592807, -0.027068900972026876, -0.023225541322905805, -0.014980425232170434, -0.010492520673084588, -0.004523230565168022, 0.0045991480337013325, 0.00535764379431615, 0.007308809508583261, 0.011573576097042652, 0.022139288837467946
0.5069258458368292, -0.14133570534343634, -0.12770216221254885, -0.11165456729143822, -0.09582889266706607, -0.07823370407814499, -0.06082085437854792, -0.04904141277857364, -0.02828899410343565, -0.012567213054904465, 0.007097995084505327, 0.0221379004590103, 0.03648222947277292, 0.05807739159237113, 0.07475214346260708
-0.004277474233552963, 0.0007166634393839941, 0.000999626094655881, 0.0011146011956037608, 0.0010423991954343086, 0.0006633341317861324, 0.0004955567507716517, 0.0005200267413664599, 0.000413131162433927, 0.00028037121605893595, 0.00010495132905402698, -9.727403567924705e-05, -0.0004899274528341093, -0.0007155234243274121, -0.0007704621101553381
0.009028391225790012, 0.003599652430251059, -0.007969009083308809, -0.011559036479342385, -0.00258641866746642, 0.003963653521180544, 0.008714470568893209, 0.0027178843330363375, 0.0005523928486037104, -0.0027513696149824808, -0.005816183225145566, -0.005586352615417046, -0.0015023133130611169, 0.004505809976034309, 0.0046884280949348114
0.00432320506628047, 0.0005099840238547429, 0.0015769659804391143, -0.002069653053684526, 0.0013917364149779589, -0.0016893718846316692, -0.0014879010675342846, -0.003490082466689958, -0.0026573086953649164, -0.003215066756587756, -0.0012280678074289846, 0.00111178766854593, 0.0024335832338079643, 0.003037624917821722, 0.00145256442619415
-0.006147878343495753, -0.0010175286624541336, -0.0038477566748764806, -0.000555035491930338, 0.003376404633105113, 0.004188758610743115, 0.007857159636689318, 0.0004399934576763612, 0.0014310094648963807, 0.005915952312453103, -8.711580189868037e-05, -0.005648848899107708, -0.0028826913608040504, -0.0009288909195103055, -0.00209353196148594
0.009293378804572561, 0.001975929871899814, -0.005342217890648684, -0.004516274971467497, -0.001380198040036322, -0.0008323264219472541, -0.0016729131823653715, -0.0016988756422168128, 0.0008483090305326998, 0.0014611523451752242, 0.00023321614169162508, -0.003518601698134538, -0.0013153093322683953, 0.004417544210645186, 0.002047186774567938
0.002835687426794438, -0.0013938746649156508, -0.0011481034134721859, -0.0032410463071684465, -0.0021152894991930474, 0.0016751051375446, 0.009899557695409808, 0.0013240176196917899, -0.0004236460632261298, -0.0035364787124986933, -0.003915706011021782, -0.006958590821292689, 0.00011704791378171487, 0.0019906314844604007, 0.004890688215105854
-0.2150613575745956, 0.06419443626579922, 0.05262418084106296, 0.042969034894517116, 0.038360571637731655, 0.03494912823216356, 0.02623671186245787, 0.019116345627142765, 0.012175609352926437, 0.006790693846726389, 0.0012511756002947876, -0.006521925541544774, -0.017770839178896942, -0.026578576869887387, -0.032735188995898036
-0.0016051969547043437, 0.008990964047942071, -0.002688254556218915, 0.01955129066160724, -0.007806934159513486, 0.006864933587049327, -0.010704321476008881, -0.017906442398382214, -0.017055334745225723, 0.0044267314673276815, 0.008829589133864583, -0.005456456096938865, 0.0029907559528556072, 0.005317541032362, 0.006251134503983923
0.005735360772743816, 0.002424789163911495, -0.0017640919176358765, -0.004051592419939101, -0.0018034247222652989, -0.0005763945997916649, 0.0008983969977693322, -0.0010289783946130183, 0.0002454231738316316, -0.000999744669654816, -0.0029934022800051064, -0.0035954161549597253, 4.5456513813940234e-05, 0.0033519099451673026, 0.004111708591626954
-0.02433256409231571, -0.010460873975671236, -0.013668537123792462, -0.011248621304287587, 0.006339064293474613, 0.02665573158045645, 0.019494555953619017, 0.008625263561732608, 0.032309466719836054, 0.030757378109286738, -0.005124818501381747, -0.014133676428282888, -0.005957416804074197, -0.02804953487804138, -0.011205417110558256
0.010348901599535826, -0.006896160876194052, 9.380232903036392e-06, 0.0046293182464235885, 0.004270511928531182, -0.005106411359808505, -0.0068814639412433905, 0.0021268860854551344, -0.005406388483646665, 0.003074589914706485, -0.004562448756117215, -0.01041508641687996, -0.0005518996472057821, 0.004810732274118996, 0.010549539199421335
-0.0015821261603657904, -0.003168699701964602, 0.0030071175819470736, 0.004537060781082081, 0.00590893653020584, 0.0004896338146997081, -0.0035301125034163864, -0.005393319688052629, -0.0020973518223419024, -0.001906433680714952, 0.0017631082561684196, -0.002469550839665971, 0.0007351756644995283, 0.0008499985076898235, 0.0028565632602299837
0.004581088652662169, 0.0018583085488297437, 0.0012414518082418833, -0.001285668204381072, -0.004511883824541412, -0.002621653045698448, 0.0007822576011623297, -0.0018479510037032354, -0.0029324483116764228, 0.0001562478555981582, 0.0008356342036161577, -0.0010141501781083034, 0.0002699767542700096, 0.002316398953945165, 0.0021723901897833958
-0.0032969948561946756, -0.0030620400781227125, -0.003475741552463141, -0.0008771229321878261, 0.003967826473981159, 0.004328058836720487, 0.0047509576997787385, 0.0031147817351157097, 0.0006009845767756634, -0.0003099065693141612, -0.00014046305259880746, 0.0007750946118338456, -0.0012285002595132284, -0.002483033848554182, -0.002663900785256848
-0.0037318951562023664, -0.0037044214173921107, -0.0014347705707439893, 0.004091625642073353, 0.009061120851256115, 0.007609382823154382, -0.001985905264439077, -0.003878051820811063, -0.0039027939202896434, -0.0022445663924881235, -0.001549147436383769, -0.0012899831277884315, 0.0004608909457367948, 0.0003356790608951452, 0.0021628357834226246
-0.02492339220164068, -0.0024062280244828093, -0.023790050269571344, -0.009221562966668616, 0.019695141735121487, 0.017153141384456144, 0.00801245624925072, 0.015006619125930572, 0.028394505841464558, 0.022165359502869273, -0.0014560719677327208, 0.0016428202534034568, -0.005496349198435049, -0.022654729732925843, -0.022121659731039158
-0.03775532250778937, -0.01636716100024497, -0.021571764280904446, 0.002806755937680393, 0.025687417768054818, 0.025752713916954727, 0.017999479081034657, 0.019457754023271122, 0.022514494563315713, 0.019636330421533905, 0.0031755198935995346, -0.004894512424928141, -0.003735562304952745, -0.023330286752982276, -0.029375856333642814
-0.01185775399884613, -0.010269648673087524, 0.003490559129403907, 0.0036830957528589435, 0.014850381494170442, 0.02019312598498682, 0.027407236097976538, -0.0036275207906979086, -0.02093518866578025, -0.021436890977963058, -0.019492319259576663, -0.0018630426364274054, 0.0002664988586156934, 0.008827027959029973, 0.010764439725336649
0.46045662418765604, -0.13265116214802228, -0.11546211243900725, -0.10126090467828741, -0.08420851900958551, -0.0692687771848798, -0.05614334428735307, -0.04275438549819738, -0.02762007798336444, -0.009756116111562239, 0.005278687468576996, 0.019714860963271255, 0.03736324592578052, 0.05093453141464948, 0.06537744938032522
-0.004047972895836451, -0.0014343503426485298, -0.003526076525173818, -0.0006575186042862273, 0.0021631062003753124, 0.0034309062006192305, 0.005452007290713304, 0.0013713665175128509, 0.002287815774222832, 0.004253394005861621, 0.0007119132240840968, -0.0038607583195604178, -0.003061408041180737, -0.0009974703421857544, -0.002084954142517307
-0.0036558380860144558, -0.004507736134817992, -0.006867015943163432, -0.005433336384787748, 0.006597491820352855, 0.004929194456604145, 0.0009724288409401014, 0.005627624008945749, 0.003511714830079993, 0.008000942191835985, 0.006575358253350642, 0.003394057586847001, -0.00036098389218924235, -0.0023939105248691815, -0.016389991023114427
-0.004689993125336901, 0.00011686047210994814, -0.00013819178452275038, 0.004963299794182556, 0.001815395605367297, -0.0002500444672850203, -0.004693723822518157, -0.008818285881297587, 0.007262246224884836, 0.009986948951915396, 0.0054008080401784, -0.002074523358854979, -0.0056623030111561355, -0.002986320974052095, -0.00023217266361514588
0.001569306261879455, -0.003944331304694364, -0.0014916800204642952, 0.003043179956987783, 0.004925067928150571, 0.0023697791049962285, -0.0020259038784013104, -0.0009111572476213822, -0.003502090249607786, 0.003804952067942186, -0.0029701024955924426, -0.006116576813631542, -0.0024837578426250345, 0.0029232778139577703, 0.004810036718723971
-0.013209783972552838, -0.01327510852297329, -0.00283151606790319, 0.0019026780357623493, 0.009805620826800908, 0.011683300753508862, 0.008950172540984232, 0.003568734162087148, 0.004625277811480931, 0.011715890833734826, 0.006607102358484469, 3.775900132083817e-05, -0.012617619160689798, -0.016863882830312298, -9.862576973370978e-05
0.005131115256006214, 6.665847900685917e-05, 0.011215675030780945, 0.011809992600930415, 0.003752537226474839, -0.005315792621484778, -0.0028507730255429515, -0.019256526752356184, -0.01267966058019129, -0.011108644787630025, -0.00037128552678253324, -0.01000920814482912, -0.00793936289761801, 0.009731119764819742, 0.027824155978415716
-0.03325931749591574, -0.014600098978907933, -0.0007031477328319597, 0.016364901632840274, -0.008283913500509103, 0.027085535803723543, 0.034277202230740926, 0.03034332343290989, 0.005230058809806987, -0.007152388565123559, -0.01506641324737196, -0.013721506776800757, -0.02453191473285588, -0.00882038985097561, 0.012838068971270886
-0.050221594470009, -0.02413329094049774, -0.03085092042025362, -0.015255036790116793, 0.01850639122787851, 0.041485059201647634, 0.0476903419174248, 0.034520634933664134, 0.05301290299366011, 0.04025021144963968, -0.006369235395310637, -0.013808424557246636, -0.018967886258841056, -0.04123555786723053, -0.03462359502440883
0.03909490524841683, 0.00792673655455907, -0.022638439273236912, -0.020127896717827345, -0.015479665004212982, -0.005616200997128169, 0.0059803164161947725, -0.0005577622074387331, -0.0007673767465428285, -0.0022395593617763965, 0.0011244850317954135, 0.003287005050528594, 0.004698194338160236, -0.0038571370403106425, 0.009172394708819356
-0.009603790712285917, -0.00868362232029132, -0.013998583078503149, 0.001617509454090602, 0.015947046815057653, 0.012453729860540993, 0.006233082248701441, 0.0038928741397356533, 0.000614915150475835, 0.0026058925978352204, 0.00657060416337465, 0.00568920050188426, 0.00013003485644430969, -0.011467302544446608, -0.012001591132613652
0.044648949378433195, 0.019229788808599192, 0.011270997611396199, -0.006550982756750152, -0.010951377255759202, -0.030517022132425242, -0.0333451287585654, -0.024467879061034387, -0.020130253105968984, -0.011550626946433188, -0.005382866284242608, 0.011051595618206523, 0.01685859633623319, 0.017133587400692818, 0.0227026211476184
-0.005390466642022193, -0.004242749610314537, -0.014931195603701816, -0.01245407129374556, -0.01075631458062375, 0.004951431277666412, 0.031283538078559964, 0.020144118615588104, 0.010856009682776295, 0.00959113079678673, 0.0023324984563521728, 0.004581331001987828, -0.002909308952825167, -0.011832542238645846, -0.021223408987838435
-0.665307285507351, 0.1905276830775898, 0.16562642263528243, 0.14478952500973744, 0.1282052829128734, 0.10201146234052014, 0.07988851773808449, 0.05804286483640464, 0.03380326084271389, 0.01669832912753927, -0.0034995790030609214, -0.02739977012353194, -0.05190532969782577, -0.07462684050466915, -0.09685454368430706
6.723347134869693e-05, 4.427581019469358e-05, 4.880479091619341e-05, 4.7489082266945974e-05, 7.443563542771357e-06, -5.198706033760638e-05, -9.466772129386846e-05, -6.0280909877666455e-05, -6.249248129329062e-05, -3.527774372989659e-05, -4.789105278320959e-05, -0.00013888221735410116, 1.3164766039161672e-05, 8.108945728750706e-05, 0.00018197824507361593
-0.02070719469867138, 0.0053462308617594325, 0.005247900121765686, 0.004212842440723218, 0.003954005867388596, 0.0030931836188257456, 0.002546919500463933, 0.0023924734656764228, 0.001567045138937279, 0.001102908182187113, 0.0001910036488131044, -0.000878908665256254, -0.00196426681655785, -0.0025332919483079214, -0.0035708507177470857
0.0020934681658935817, -0.0004257186838490278, 0.001756569668601947, -0.001486342212772956, -0.0014810412783790468, 0.0010854780257946385, 0.0020627999595554847, -0.002510139757566904, -0.0004150521091461487, -0.0012901883421783764, -0.0027082102045010797, -0.0017354039576615104, 0.0011958346714364442, 0.0001950437768544053, 0.003662902277918581
-0.015185001548309504, 0.0038119253071232356, 0.003814104800681781, 0.0033102377347017597, 0.002862472847332397, 0.002359098333365909, 0.002049665374863154, 0.0014632538083242707, 0.0013463428666303635, 0.0006130976255071452, -1.8277553646919934e-05, -0.0007661536700465809, -0.0012586938050235825, -0.00189817962950515, -0.002503892491998258
-0.00020940965993875853, 0.0001159695899203731, -0.0013729979858570515, 0.0023326346377394377, -0.003029416845944047, -0.004015329034919475, 0.0021558845321676796, 0.0024668118665889774, 0.003368134720054389, 0.003447037399229707, -0.0031245416739946693, 0.0001248000976582879, -0.00043129509158324625, -0.0002991428947245761, -0.0015291396563970414
-0.017959536240835853, -0.008784486491593533, -0.015487294471110857, -0.011320726710572665, 0.006406251620434601, 0.0194946541197969, 0.020462672494363413, 0.013212125553915372, 0.024717090026622767, 0.01736345195765362, -0.002677996046271731, -0.00534119569194063, -0.00548011435481525, -0.01711730286025228, -0.017487592905394065
-0.029310442504929254, -0.019205926810912818, -0.004479198074472331, 0.007905177265616299, 0.023874233225936174, 0.001930859825088635, 0.014080058033598283, 0.02754347365801478, 0.025525459418237327, 0.00802988314291139, -0.005627796098953382, -0.023249833407628043, -0.010828620866598202, -0.01413242584937086, -0.0020549009565379896
0.004769822818513605, 0.0047308931349477855, 0.0010511587331127434, 0.0028774806007657713, -0.005555054866171553, -0.0031159204163725123, -0.007320264362470819, -0.0026335159933201986, 0.0013603552291885628, 0.0016145933982443534, -0.006256498662667881, -0.0031625465151236868, 0.0034381476441378797, -0.0005525218158024046, 0.008753871073017746
0.0063148818765667095, -0.004278480823360964, 0.001231571376725324, 0.005838638469763833, 0.004612246633766648, -0.0021077801221111073, -0.008258272919631621, 0.0002169573360014518, -0.0076701130928629215, 0.0015028660827741142, -0.003233632360543364, -0.009649337519152566, 0.00013313109752885466, 0.005725689457907419, 0.009621634506627962
-0.0052553531070861316, -0.0021026687698440186, -0.005359910787512869, -0.00121143802733043, 0.002865983377481225, 0.004561866182185472, 0.007996206844398827, 0.0024938515653413, 0.0034900949983047093, 0.005012522305639629, -0.0007405673919291903, -0.0026405236071315773, -0.0024255773425311444, -0.0028570463129470075, -0.0038274399270388586
-0.0040132202342818704, -0.0023733118458165274, -0.0033252687278488534, -0.0012024031541536995, 0.0011985192401021813, 0.0025240890015433178, 0.005444494947575225, 0.0037927662992545096, 0.003566238394694856, 0.0028340722139767577, 0.0015463053611072847, 0.0006160434307325357, -0.002141234477952253, -0.003958194603632022, -0.0045088958453014145
-0.010142847904590436, -0.007715410676041704, -0.005938117608537638, -0.0016065268247413707, -0.0037593105081067425, 0.0056354430721505385, 0.014911563808177264, 0.014147826728424497, 0.00886093664272605, 0.005987980545691367, 0.004375632739162702, 0.006708972909433311, -0.005110973606626105, -0.010736789361775176, -0.015618379955346758
-0.009135119848545481, -0.007136957487330597, -0.0019200348942617074, 0.0015512651016032066, 0.0053790764063568145, 0.005376487409185034, 0.005807567348202782, 0.003835643056524591, 0.004382819952983942, 0.0065148237401503675, 0.003974085675752424, 0.00032017003296223786, -0.007464352047309762, -0.009639750225018064, -0.0018457242212554482
0.006112242282998849, 0.0008013602411922951, -0.005461460559970657, -0.004062418415642547, 0.0007634697522853087, -0.00018796708819335018, -0.0005207575611854168, -0.00042259155845737506, 0.0012694850702122762, 0.00010316868439339315, 0.0014069292038554125, 0.0012235818847888774, -0.000584105854267374, -0.0008467427406936004, 0.00040580665868339904
0.0034175845123934324, -0.007207788835840641, -0.004382993884963775, 0.003702015410781681, 0.010611939717441968, 0.0064521087534372265, -0.0017520231283814716, 0.0008732415138031071, -0.0016698609109599156, 0.0007605799634515099, -0.010251851457162743, -0.017669732531687767, -0.0029442086451673456, 0.007565233631013192, 0.01249575589184151
0.008102017238818714, -0.008252312069911387, 0.004865062028453839, 0.010952409793918982, 0.007494835754768131, -0.008174205671214949, -0.014804895823779089, -0.0008647604924705647, -0.00841294378049188, 0.006165120372879934, -0.0016965462737345135, -0.013840255512236261, -0.00017029382088277136, 0.006406147113575237, 0.012230621142306634
-0.0057583659881762965, -0.002242963401594701, 0.003338474002069762, 0.004284421048678466, 0.0008113593713242717, 0.0035862499300813536, 0.00515410034344773, 0.0036651253466447424, 0.0017563086571019833, -0.005181754109481553, -0.008631122935708701, -0.010772309443251245, -0.0033960514312956942, 0.004311246776803542, 0.009075281833356178
-0.009539684245638207, -0.0010274270234597732, -0.02136942809244498, -0.01160650475939768, 0.019623943807656884, 0.029813763896608333, -0.004936767591904234, -0.009052283576240841, 0.0069471445338200695, 0.02895735856591244, 0.009485318447184888, -0.024299742301668613, 0.0030276720617258166, 0.011746581789834525, -0.027769945511988612
0.01986591243198649, 0.001514019747691064, -0.002256899807148174, -0.008168039332859712, -0.006824352563833869, -0.004397471587839735, 0.002063992891834658, -0.003312418866989555, -0.002877408931424739, -0.0070555916833519305, -0.005342702945942511, -0.0012366094804103101, 0.0015751413970478286, 0.008094727878797265, 0.008357700852442921
0.020960754753576564, 0.0019688712165871927, -0.0022058253179253087, -0.00695654517739696, -0.005436470626614486, -0.006768286544655933, -0.0048955324661244665, -0.005244547433040825, -0.00536580849069201, -0.0021679222583971857, -0.001553208095776565, 0.003307318087347453, 0.005269087179211106, 0.0038885513278736922, 0.0051995638460276454
-0.017233088328276237, -0.013031065164430618, -0.01903453575806601, -0.005541946422702258, 0.024644738141321197, 0.021039910076862716, 0.01777217827059083, 0.008651892600530049, 0.008731114095953037, 0.007654405900881051, 0.001370154045982534, -0.003050719125739096, -0.008523317779136641, -0.008444860321993583, -0.01500486023177691
-0.042072427477734424, -0.018434235752165243, 0.02626794900856764, 0.020033422343490707, 0.017039440694654986, 0.011373843403202976, 0.007364677810504783, 0.004046784314254169, -0.002835009086253439, -0.004192452672925426, -0.0025049626983768667, -0.0028279977292780664, -0.004003281268555914, -0.002445170273372654, -0.006810580616013301
0.04024658797698001, 0.034114402386080336, 0.0388429244937813, -0.025393733658759875, -0.04277393700481487, -0.03440982801781469, -0.02536328029899949, -0.025440201391264714, -0.019222517314470944, -0.011536941279187843, 0.0014331419735737793, 0.014009650824368869, 0.0164487771839374, 0.0170527235110337, 0.021992230615556604
0.1030899715511871, 0.04755106205680971, 0.02599004366846768, -0.018539834584759024, -0.04692660409349197, -0.055089285109086776, -0.063759362836846, -0.059542253295521694, -0.04842057001283243, -0.019313726591566095, -0.006315280460647908, 0.014409018576473873, 0.024780300692842535, 0.04214004839802071, 0.0599464720409501
-3.3306690738754696e-16, -3.191891195797325e-16, -3.400058012914542e-16, -3.2612801348363973e-16, -3.400058012914542e-16, -3.2612801348363973e-16, -3.3306690738754696e-16, -3.469446951953614e-16, -3.3306690738754696e-16, -3.2612801348363973e-16, -3.3306690738754696e-16, -3.191891195797325e-16, -3.191891195797325e-16, -3.2612801348363973e-16, -3.400058012914542e-16
-0.002711895651805516, 0.0006943372479777061, 0.0007210587310336563, 0.000599213399872782, 0.0005571088980214985, 0.0004925997398870588, 0.00029436137934552313, 0.00022770856810087076, 7.87564425385851e-05, 6.873411277230623e-05, -4.72848689986052e-05, -8.557316982485871e-05, -0.00016488930043812746, -0.00029780655285423967, -0.0004264289756286692
-0.00023890393634509288, -1.2764796046033861e-06, -0.00014388399002957203, -5.166761758417212e-05, 0.00017578125316644805, 0.00011967145205732164, 1.5786041976124346e-05, 0.00010588588777528081, 0.00022030771323121166, 0.00017502146636187214, 1.1329508768090424e-05, 3.2259182657257433e-06, -6.618575095472987e-05, -0.00016572203210114605, -0.00015936943498275904
0.005130411260096963, 0.005036367174489808, 0.002035917419060552, 0.001239969713458338, -0.004527859168378537, -0.004926935254812749, -0.005682334528104816, -0.0031746326152828352, -0.0007692509257236305, 0.0005549266000022413, -0.004193675272778375, -0.0024154949854425754, 0.0031263662897605855, 0.0015422327446762835, 0.00702399154897883
0.0006986303736053686, 4.7647854668629325e-05, -0.0008038372546952637, -0.0002817982287135047, -0.00042930926570026334, -0.00018563549302183838, -1.986671269998898e-05, 0.0005655865383612223, 0.00039875222487020464, 0.00032064246494004653, 0.00033354340237797507, -6.340741302262687e-05, -0.00038257783455169163, 0.0001346988830326792, -0.00033306953945096525
0.0007607500137052988, 0.0015386079434280165, 0.00312811189451186, -0.00034995763786372844, -0.003910365816778562, -0.002121012719752087, -0.0012350465154626943, 0.0004339575092711439, 0.001682683994885894, 8.224588118496213e-06, -0.0026624211406325623, -0.0039057125092941403, 0.004066019338079421, 0.0047927865346237926, -0.0022266254768402074
0.003726254602345165, 0.003063075159501251, -0.005842604993045765, -0.00819440945651399, 0.0015818842951848128, 0.002352280188860998, 0.0018685878886356942, 0.003600348009987469, 0.0026799282493625114, -0.002635339864695687, -0.0010555465694195056, 2.4268744896232403e-05, -0.003635894646564119, -0.0003599822353163272, 0.0028271506267817242
-0.023202007654507775, -0.00917436606487506, 0.003536611288245048, 0.007803657331384235, 0.012676805980912313, 0.0007166327512424485, 0.012965378199357395, 0.02260772074654726, 0.01492780079169747, -0.005115765350617883, -0.014653299140226839, -0.0193365765886704, -0.007177282129438016, -0.01239001289998122, 0.015814702738930597
-0.0059282224669567314, -0.006993931029276869, -0.008019735317460832, -0.0007212427410845329, 0.005920978353730651, 0.00627725081951294, 0.011535109249254435, 0.010310316383665759, 0.004627956848519881, -0.0003512754101115082, 6.708592479922736e-05, -0.004617083930010877, -0.004261909337426413, -0.005976054988033966, -0.0018692423591205216
0.009338130669738817, 0.00562323783091039, -0.001410388292233067, -0.0012942060518216936, -0.002660601017421366, -0.00964897589438122, -0.009518644766403218, -0.001648444261171108, -0.0007002306830023374, 0.0008124316983651025, 0.001340409346626356, 0.004598493261826903, 0.003499909645853839, 0.0024423552242191704, -0.0007734767111066618
-0.00131420219540248, -0.0027989979740478546, -0.002406011313941007, 0.00023302599957639755, 0.004857317078854562, 0.005913021800740091, 0.0022073464838535226, 0.000747421126734843, 0.002214599998733048, 0.004676932705508864, -0.00935211249451224, -0.011180586254171622, -0.007544682083220028, 0.00578087680409259, 0.00796605031720151
0.0016617508614907269, -0.0018671700680990208, -0.002632896933994302, -0.0007274761821490418, 0.0016005119563259436, -0.0001055875931028731, 0.002217715385712093, 0.0014666371986265117, 0.00020457019785262778, -0.0013229793733575213, -0.0005994337137177497, 0.0018209263714161804, 0.000638507960601587, -0.0014118991663370876, -0.0009431769012681343
-0.003568073600112215, 0.003106674070987213, -0.0025329930467832564, 0.010690879912845097, -0.011754999231161734, -0.012670552835514142, 0.00846648144521565, 0.007352334180870871, 0.0032056726964322007, 0.009285713887095887, -0.009758970892843902, 0.0010272052711466318, 0.0034161677134943932, -0.0017913912808619399, -0.004474148290810736
-0.005446587303635399, -0.0027429174073793977, -0.0017536184984215403, 0.0002971514248439523, 0.0019895803967988077, 0.0034215322717090005, 0.004465618522705585, 0.003277732801487024, 0.002205259427766, 0.002461877511071814, 0.00145429818554909, -0.0010568347295303567, -0.002388632319495634, -0.0030841353873889564, -0.0031003248960799427
0.00277623567945616, 0.0007372364305339814, 0.005346142725921845, 0.0036134131789964403, 0.0022374836404321606, -0.0010523839004226813, -0.0005465245485353001, -0.00908090931902512, -0.011722289241676963, -0.0028436344613604198, -0.0013466514021726393, -0.003063871941656929, -0.0022808019540911293, 0.006374282630293463, 0.010852272483306592
-0.00815710108346638, -0.0006929499493070994, 0.0005166103497043739, 0.0006931735803614156, -0.0010490727598648259, 0.0017639132115170257, 0.002520217546350293, 0.006134618831200404, 0.005036946663589545, 0.0009519683777650296, 0.00022073412458993992, 0.003473586688355065, -0.0009261114124228327, -0.003538028174059584, -0.006948505994312541
-0.007741399281553418, -0.005612249046999534, -0.0015466208621520696, 0.0015281486723589968, 0.006084052596481374, 0.004116816863281586, 0.0037693474067012505, 0.0027814620409554267, 0.0022999538343716863, -0.00028172721207008855, 0.002075311930230757, 0.005069227286059193, 0.0025548641196793216, -0.005437993536367281, -0.009659194810977215
-0.03572483027615796, -0.02410396267372715, -6.6021614551829e-05, 0.01123863155320355, 0.027760852537702913, -0.002274843713880854, 0.021861293231625376, 0.0385710501363494, 0.031424260880523386, -0.005376196045681294, -0.014863907585520681, -0.02957258019147701, -0.008644553995863837, -0.007558283991995939, -0.002670908250548191
-0.004609814098289233, -0.0008569289049592838, -6.41834450561504e-05, -0.0006042591000494941, -0.004117023693291667, 0.0008123268595031674, 0.007573724752092811, 0.005347158264914821, 0.0034901593208022364, 0.0024662068943491437, -0.001623891787184345, -0.00033672499117160773, -0.0017117517094899413, -0.0034088309473479326, -0.002356167414822667
-0.037962829981983096, -0.009739219047593048, 0.0024021942485318373, 0.010730372060592241, 0.014593410335562614, 0.0036113195456469183, 0.022076391117558998, 0.03558494145890857, 0.020663790648770244, -0.004485555309489304, -0.017690521156461636, -0.027689853348555435, -0.01032844734261689, -0.019979082690129442, 0.018213089461257805
-0.007908844322185218, -0.0038610344454327312, -0.0054932942387054574, -0.0032552460762343043, -0.0015337356923829622, 0.009738641636266478, 0.011887245401894765, 0.009422229572780504, 0.007681092821177446, 0.002070783149980795, -0.0017730058154642279, -0.002290373647655242, -0.004991991577924866, -0.0032128273392248285, -0.006479639426890083
-0.006851769374005282, -0.0017615403683045438, -0.0040593686318437065, 4.3660172081304554e-05, 0.014714053840059728, 0.010292640524397448, 0.00040633813946790696, -0.0030096185550442813, -0.0014996895910647531, -0.006430364794532895, -0.0009196930644854935, -0.003020197814955002, -0.0022049600043603027, 0.0033985265932364016, 0.0009019829293535061
-0.01212743970600869, -0.000994676958230274, 0.0018801835198029291, 0.0048977405183609785, 0.005453533838340527, 0.004192579633029691, 0.0007505984668607704, -0.0010770681644088438, -8.94117877173143e-05, 0.00035009311887490807, 0.001605613353778036, 0.004538236703997697, -0.0005576784905578426, -0.004592058677247757, -0.0042302453688748375
0.005088241168661755, -0.0011476298501118306, -0.01894051725594146, -0.02052916059349634, -0.0019257949521449321, 0.014154183015750312, 0.0035850366297805088, 0.013275305011731228, 0.0175780720913904, 0.010954678247990396, 0.009471569757770021, 0.004338622051917408, -0.015430175746479789, -0.013229957932884215, -0.007242471643933095
0.03299664933600631, -0.0059548947060188125, 0.0009066919524096215, 0.012102163087581571, -0.014177664053113503, -0.0065392016190689555, 0.001822046993610391, -0.007401440267898891, -0.017315679781482737, -0.02405979855831139, -0.0266652285253774, -0.0028495378669433974, 0.01624884574091483, 0.016224511811975838, 0.024662536455717112
0.0033534652464084496, 0.0001181175325754198, -0.004167995640085311, -0.005611068487501465, 0.00026544204826967803, -0.0017266369155235165, -0.01123326547054861, -0.0005216773461083472, 0.005903625279940932, 0.010398672050029785, 0.009872827536299266, 0.016298386469108268, 0.0028338678306991556, -0.011812480529208119, -0.013971279604355102
-0.020048340395451794, -0.005731885128691012, 0.004262093081934763, 0.006653319046708706, 0.0019571933265378288, 0.007508201493352324, 0.007845485247875695, 0.004885110626703215, 0.003654320459261291, 0.0032668969075003063, 0.002628761268905182, 0.0022389441984897386, -0.0013256768869776663, -0.006086688553385736, -0.011707734692762834
-0.013570170086692583, -0.008285747100671662, -0.0019019229226260028, 0.0010084908065047507, 0.0016535557393565874, 0.007445939407913086, 0.019121289417131513, 0.018860936174479072, 0.004066243410586487, -0.00578010777710584, -0.00472706497641884, -0.0078670823473781, -0.003507169489973592, -0.005092186551033459, -0.0014250037040712347
0.28952747038439164, -0.0836009001338377, -0.07349738427031952, -0.06490095678525729, -0.05365027246531573, -0.04396790797034157, -0.03350218942287777, -0.02341847052883653, -0.016822267556622264, -0.006738839749145015, 0.0032150989570937675, 0.01349121656263948, 0.022134549438286556, 0.0304916174037713, 0.04123923613637041
0.015493313107351244, 0.010948150869158362, 0.0060380150099019585, -0.0030040220364978363, -0.008990901943967776, -0.009020942486295426, -0.014519983679478675, -0.010584589080722538, -0.005643125424461173, -0.0007138265171135506, -0.002350747507924189, -0.004267812385072891, 0.00597920074657508, 0.010381123123999988, 0.010256148204547375
0.026923235044881703, 0.01043059312067696, 0.00731704427383531, 0.0009552766713603056, -0.013648690106311426, -0.012343418992239692, -0.02054602764142282, -0.0121759330067937, -0.008137964725182377, -0.007838349692630734, -0.009591374697166944, -0.0062739986585510065, 0.005873777198676891, 0.019801325485293543, 0.019254505725574012
-0.0027697364492002734, -0.005295490472385609, 0.0011210986805404908, -0.0013378727792039838, 0.007207589523754853, 0.011208505084262427, 0.015068210472426373, 0.0053150267160838, -0.012689676153263859, -0.011437870484819498, -0.013040004376000449, -0.012729426292636192, -0.0007280543792922314, 0.003309605530839305, 0.016798095378894443
-0.036140106503296465, -0.02288548323857631, -0.008677590414057393, -0.004536434370230019, 0.014775123124007389, 0.023426272201748418, 0.04351468129155132, 0.018836311489249982, 0.010605941698151784, 0.008558979453088809, 0.0083188948030875, 0.0056803923963323, -0.00852983344713884, -0.020742312585533506, -0.032204835898385104
0.0457742345944752, 0.015062018573098903, -0.013168869782685498, -0.01718910783827031, -0.02124508156443067, -0.009916133911833762, -0.013062587066209703, -0.008160720953117578, -0.010921449683483072, -0.007059781193791295, 0.003001046943391277, 0.009840530397792448, 0.011326048735043105, 0.01043258952539856, 0.005287263224622432
0.183558272014707, -0.05001085170575589, -0.04587512499195153, -0.04160820458090851, -0.035682604719676714, -0.028673226068726854, -0.02336774068916802, -0.015355503922790156, -0.009092500410826668, -0.0033441338899101196, 0.001203808768403274, 0.00611027056139502, 0.012731900854164376, 0.02049837249890525, 0.028907266282139098
-0.04946550083344233, -0.012148854025948907, -0.03850717415318572, -0.019103210290054996, 0.03027563138227535, 0.019109093397968346, 0.035492900609015325, 0.05622712938349453, 0.05305441829059242, 0.010399482873666965, 0.020614231279427075, -0.004617411025453624, -0.0006610760796985707, -0.06720421192052788, -0.03346544888812762
0.040215805630907375, 0.02788177583218154, 0.020081054331760842, -0.005964060349645981, -0.03626244801283194, -0.03629993010211806, -0.027865662331668477, -0.013602181172949528, -0.01339161382026717, -0.009708634681511152, -0.002478349243271786, 0.0040378933919266655, 0.008009346058291476, 0.017285946135167513, 0.028061058334028097
0.026030902568247697, 0.01597161280454318, 0.00855263151169795, 0.003747532393414063, -0.009664124487442633, -0.02035467175951379, -0.03447978308431804, -0.023698278197558, -0.013035198916713134, -0.003422660784173595, 0.008759496267009805, 0.01471402764322651, 0.007406294748604662, 0.006973305811258018, 0.012498913481717
1.1102230246251565e-16, 1.1102230246251565e-16, 1.0362081563168128e-16, 1.0362081563168128e-16, 1.0362081563168128e-16, 1.1102230246251565e-16, 1.1102230246251565e-16, 1.1102230246251565e-16, 1.1102230246251565e-16, 1.1102230246251565e-16, 1.1102230246251565e-16, 1.1102230246251565e-16, 1.0362081563168128e-16, 1.0362081563168128e-16, 1.1102230246251565e-16
-0.0013285798152277938, 0.004319310932142796, 0.013352198014806495, 0.008984571357329224, 0.0041053351562527285, -0.012214452228316363, 0.004882452320697701, -0.008980452098992548, -0.018034397819407688, -0.017547173342029734, -0.006812312155511787, -0.0009728106762746297, 0.00011026093645455463, 0.021962091211275882, 0.008173958206801078
-0.00011185688175683067, -1.931477804896052e-05, 1.8855590239905564e-05, 1.2652299286737109e-06, 3.220821214913566e-05, 4.890647083995897e-05, 7.441230907887108e-05, 5.383919683032266e-05, 2.1743083828212064e-05, -1.0021891184947732e-05, -2.6635735430442447e-05, -2.833472842228498e-05, -1.5995541807029192e-05, -1.4320198798227078e-05, -2.47503374463572e-05
-0.003445789655099111, 0.0006609874660807568, 0.0007815957348396026, 0.0007668552736401513, 0.0006074369804557898, 0.0006555105226160359, 0.00043972441540427105, 0.00047986229633125186, 0.00037148879653430656, 0.00039200700031144585, 7.285178691879945e-05, -0.00010025487228964193, -0.0002937190761788985, -0.0006093067806454773, -0.0007792498889192226
0.0012736943377753274, 0.0004665403659520347, -0.00015326659335055092, -0.00034651053053977586, -0.000720690719823487, -0.00047981850041587564, -0.0005515449858482923, -0.0006981879830737699, -0.0005459672966606465, 1.4231694702762469e-05, 0.0006037053488491572, 0.0007935932997291731, 0.0004006563872094884, 0.00018675017764063344, -0.00024318500214616444
0.000549926975231365, 0.00035956729939074644, 0.002723355633492842, -0.0021910155121151816, -0.0021243511747376267, 0.0009839656602823308, 0.005522334493534525, -0.00048799246171551865, -0.002232969764433471, -0.003513624663176983, -0.006646655202079873, 0.0027739880360958683, -0.0006148025322184116, 0.0011328462415586152, 0.0037654269708910985
-5.148708606267536e-05, 0.00023466313372692114, -0.0002064172764349216, -0.00030655762473956466, -0.0004879420708573075, -0.00028271857108301323, -5.914871291638527e-05, 7.150134271934716e-05, 0.0001003173714728594, 0.0006779293280962336, 0.0008003677841529979, 0.0015273161381176856, -9.300384182833289e-05, -0.00067305492822922, -0.0012517649861346334
0.001580405326301551, 0.0008158195407419466, -0.0008305652459051974, -0.0005714062443779133, -0.0008348243997973396, -0.0007438552479413692, -0.0005130587643239381, -2.1985637302997183e-05, 0.0001247394824209247, 9.768878919505569e-05, 0.0003093857031063339, 6.453009255112633e-05, -0.00012667956675650011, 0.0004075790492455439, 0.00024222712284299242
0.004834498244819846, 0.00013234157287151199, -0.001552633761370677, -0.0007375426302209577, 1.9305321251246917e-05, -0.0018247368425853504, -0.0008602820142973056, -0.0010473521796638388, -0.0019701407204684445, -0.0023828527743321197, -0.00036572949507009583, 0.0023644384594899075, 0.0023137849975769704, 0.0012615987379811897, -0.00018469691598173323
-0.007598531605556232, -0.00450355389893697, 0.00451134912477232, 0.003476828085231106, 0.004624201867206094, 0.0001039863564932723, 0.005319055280716071, 0.0141185294558219, 0.009870689580486676, -0.01011175799069221, -0.01835997605645238, -0.011796622258790327, -0.009100533483987983, 0.0023497908528727573, 0.017096544690815847
-0.001560293413807651, -0.0005706290818735703, -0.0008921508027753318, 0.0009770828356115173, 0.0019158694825949071, 0.00137387280497688, -5.7373066312840176e-05, -6.44535940024334e-05, 0.00020743913096818735, 7.004557781136334e-05, 0.0002017932397096126, -0.0007990820390136329, -0.0006474411659898816, -0.00010311326766405787, -5.1566640233058925e-05
0.00731585104547627, 0.006323610840701173, 0.002401931278530778, -0.0011617789921152366, 0.0009257674460645108, -0.0006426269135975808, -0.006681692591336471, -0.013768366441415044, -0.01397579411206071, -0.0002529290082996072, -0.00010962492384033462, 0.004300165298040422, 0.006718427294059756, 0.004906170514428184, 0.0037008892653638712
-0.012251759476883832, -0.0055231248740853925, -0.009152237627133745, -0.008546625465719514, 0.002260284137689587, 0.016316305106690458, 0.0112561311023081, 0.0065014357991451, 0.01933121664993328, 0.017814102198766984, -0.004059112804598689, -0.008198034852343446, -0.0027569289847719724, -0.016557096210054977, -0.006434554698942276
-0.004978398662061137, -0.001933033453193586, -0.00029399710247552974, 0.0005212580696783529, 0.001614751901210039, 0.0024759899240610938, 0.0029354642581551032, 0.0028148946267547584, 0.002554147557645154, 0.0014465290493501067, -0.0009086076553686047, -0.0018425669052249182, -0.0002917009255743088, -0.0018102595618805443, -0.0023044711210759147
0.0022197316276662115, 0.0028154536539406203, 0.0005182435716143614, 0.00022772060641519954, -0.00221380599927884, -0.0031081429870420275, -0.00525255041067168, -0.0003066475191046104, 0.0019454640391157712, 0.002947980547694042, -0.0010432612008353655, -0.001659384044824975, 0.0007688875803917377, -0.0009219722193534725, 0.003062282754273125
-0.0019964005344582777, -0.0020673127248414147, 0.0003411984174045712, -0.0017468198763140547, -0.0019824048098222463, 0.0029191715710950175, 0.010116447694352085, 0.004470124415748568, 0.00047216654416278985, -0.0031116920768402253, -0.007412914041416263, 0.0013800508764412786, -0.004685981703315191, -0.001116709908539303, 0.004421076156342662
0.010910945687164586, 0.002748360599698174, 0.006512747663398403, 0.003425026795796345, -0.006413952218491803, -0.007101452550855022, -0.00457108263889027, -0.01289456262036904, -0.013097304663391448, 0.002121568277029673, 0.001512303504081373, -0.000975348135421487, 0.0040189236458922474, 0.007387970158751334, 0.006415856495606794
-0.005023349276821752, -0.0006612444327052427, 0.0015533692032246868, 0.0017648005722230237, 0.0006384733498622666, 0.0011209894102929138, 0.0006261885345897492, 0.0006133150101984861, 0.0013133202499828356, 0.0007838284117605768, 0.0010675230231357662, 0.0012566830910800972, -0.0017049279634902784, -0.0013358697693459818, -0.0020130994139871865
0.4930823706827609, 0.5273064273573926, -0.4051700549515471, -0.1700418980861623, -0.31810423772978774, -0.08634232028919452, -0.23197205716540042, -0.1890929341695143, -0.08239336078147724, 0.017902520035160095, 0.0028715244230461236, 0.04579396702612824, 0.08629350758714145, 0.1953076001402344, 0.11455894592121964
-0.007659143826265596, -0.004032276726145113, 0.0004289395316026815, 0.0005841295296415203, -0.0011167242702611367, -0.0013185753896109778, 0.0036934285157903006, 0.010250040021013181, 0.006094079649646609, 0.0044883928550789815, 0.006809296836824807, -0.0011754129597597062, -0.0036874543141965127, -0.005530857274889482, -0.007827862178469445
-0.0049527257858533735, -0.002285210103029041, -7.133698188294887e-05, -0.0025255262385891256, -0.008566006346238877, 0.005093794718363073, 0.009622246074990784, 0.006884548120091346, 0.0052322278696310485, 0.004061805738378091, 0.0004187083197961759, -0.0011269147141536049, -0.0022658780777952696, -0.0031358985858546433, -0.006383834007853718
0.0021086011422018344, 0.0015168114987045274, 0.0018159521073430516, -0.0003244442614058045, -0.0028483510102377155, -0.002597668319330741, -0.0018026689891397524, -0.0016039476017296781, -0.0005817833184200872, 0.0007708620254447408, 0.00026484617500477186, 0.002035102825454349, 0.0009399606099513449, 0.0006417816019555258, -0.00033505448579617775
-0.0011654906780356495, -0.00034005792700658055, 0.0019161950682368275, 0.0007122150550858787, -0.0005543648318825855, 1.2561365729788983e-05, 0.0009910578001950511, 0.0008822160825639751, 0.0005760630148170905, -0.0005427582620689649, -0.0022603282425705156, -0.0033653752584947784, -0.0009113169625003715, 0.0014530230587570063, 0.002596360717173826
0.00357192636753134, 0.0024783031759079257, 0.0011986425575224529, 0.001280489990812326, -0.0016088693507692643, -0.0029314498197369936, -0.005154920267585597, -0.0036356239192721, -0.0011873520647473208, -0.00043719376068096055, -0.00020884008866690445, 0.0015715485547305515, 0.001333703769822266, 0.0012298487821889342, 0.0024997860729434273
0.001153520139559215, -0.00023083356142549846, -0.001325203578503535, 0.00011565382309289529, 0.00044778531525937695, 0.00015777936719833577, -0.0005572362828037106, 0.00039511462088623973, -0.00047157263252862005, 0.0005736992930999129, 0.0003106316006945146, -0.0013848169688117791, 0.00028547311439594444, -0.00042205670389282697, 0.0009520624537794476
0.0017889971106888193, 0.0003587642627678712, -0.0035504624814957472, -0.003248825800357318, 0.00173551573379489, 0.0012255900786897977, 0.0017313573213882162, 0.0012229475086891859, 0.0014460243254498346, 0.00038878542432662505, -0.001078119342009344, -0.0012429217621691116, -0.002314595641414886, -0.00011385969879078306, 0.0016508029604419827
-0.024908239419979144, -0.01034077333633924, -0.016625697413752034, -0.012526611006239441, 0.007493171613064976, 0.028662689501131936, 0.020516731974061498, 0.009382853200223033, 0.03306951959944747, 0.031166777457078652, -0.004907345306181573, -0.012275241568601717, -0.0054355984566652246, -0.029187956587330022, -0.014084280249919152
-0.01227350470250237, 0.0010640433909125148, 0.011005512857919625, 0.0024605175500027987, 0.010723775356721562, 0.0013027135845611693, -0.012250669747959674, -0.018118540240392503, -0.00377425107920674, 0.00948843314778592, 0.007813354853853512, 0.01243967593878458, 0.007803795356272527, -0.0042390789617388494, -0.013445777305014039