
0.0033891816778032673, -8.67007688326091e-05, -0.0008598184978206423, -0.0010069425675318638, -0.0005314872541793591, -0.0007684460884498611, -0.0006304464963706068, -0.00024570974193682566, 4.9664359424130416e-05, -0.00010690337984744956, -0.0010261249280973076, -0.0007336155065778002, 9.97755779639437e-05, 0.0004095100435285613, 0.002048063570924422
0.29172065004825604, -0.0846777709102909, -0.07402643842787363, -0.06437512036775839, -0.05434776046915851, -0.04482160436896981, -0.03493469506626531, -0.02599114793281345, -0.014600556495470507, -0.005241899930043658, 0.004484131830618338, 0.01469583652834181, 0.021474356831550516, 0.030293234462592564, 0.04034878426728468
0.12900730870230429, -0.03681610199328591, -0.03268323357316618, -0.029457053817703346, -0.02481381953956075, -0.020420529766774553, -0.015572800047526994, -0.009861976503770005, -0.005588109106648671, -0.0009434949225410862, 0.000885127232236415, 0.005224031416940535, 0.009867532305842251, 0.013571059617516335, 0.01760205999613747
-0.019445308972051937, -0.0007954434532599805, -0.004248312991794142, 0.009601218892358088, 0.0034243608416805104, 0.008394937736754104, 0.017578963513884195, 0.02013800827368156, 0.01368431356079289, -0.008470426950951475, -0.029822268382191198, -0.013758564045797205, -0.025695426568517366, 0.008747496705453127, 0.02066645183995893
-0.02159226624924049, -0.009048401362423842, -0.012963414688451727, -0.00946524613885385, 0.005180594966686761, 0.02426229775586821, 0.016593174196661106, 0.008225783548468205, 0.028118314520962456, 0.027709732976694098, -0.004285713181078525, -0.012180203677276492, -0.004859901870912079, -0.024748163403835573, -0.010946587393268287
0.0029613696510841104, 0.0014915573066951024, -0.0020629698041629814, -0.004777366057488052, -0.004747825266350413, -0.002569390531777652, -0.0025995496623122134, 0.002617402125658755, 0.001444999093270743, 0.003673211132091389, 0.009007590374237626, 0.007277425417262789, 0.0035602225150695517, -0.0024845389504607163, -0.01279213734281822
0.006426687933656512, 0.006435051928473241, 0.005321113774549686, 0.00315809490697061, -0.0006803719240135264, -0.0025750160876766947, -0.002576567171495533, -0.003998835103871859, -0.017325249982977697, -0.017849812033911068, -0.004782301853230926, 0.0025838391136871162, 0.003201304022642727, 0.004537173809676804, 0.01812488866752087
0.002834548842841792, 0.0018944580318015554, 0.0014405353295856588, 0.0002753025224289134, -0.001732135596309479, -0.0013925392690014285, -0.002164391712563815, -0.0030878889656071897, -0.002794578145606723, -0.0012415308529554806, -0.0005464868625888657, 0.0024218384182589365, 0.0004279227089997405, 0.0011978858449152475, 0.002467059705801296
0.27246075752505344, -0.08033970703868891, -0.06995644782362063, -0.05923513451130372, -0.051404615040798206, -0.03974634957670147, -0.03018747974689659, -0.022421017847181646, -0.01323035131114763, -0.007330047184069229, 0.00042593414302067163, 0.011816650588191013, 0.0206776685126011, 0.028763017589108843, 0.039707121722432806
0.012199360269282375, 0.006823881883618763, 0.01954474758900764, 0.017473165374377053, 0.009578903433936034, -0.012954834923977454, -0.01253312344535495, -0.034731709438980386, -0.023775460658693976, -0.021927545969337797, -0.007340489173292063, -0.017056407425616895, -0.004622959422129092, 0.02001572678203054, 0.04930674512512992
-5.0181431482521725e-25, -9.131568476980544e-25, -2.1696621803533327e-24, -2.1584200206981277e-24, -2.4556485416925104e-25, 2.7237449096332843e-24, 2.1011094817236223e-24, 1.2677474923104837e-24, 4.8709282584042426e-24, 5.304187679508535e-24, -2.5012054647588253e-24, -6.927071296598258e-24, -2.2679978765817596e-24, 4.905754478068337e-25, 9.243968122620452e-25
0.015133453011756604, 0.009388917335390854, 0.0005420484709806027, -0.0035336215255670476, -0.0034029091908898785, -0.010393601683951134, -0.008165169538542745, 0.0032003254507603747, -0.0025485725080306924, -0.012253499105802122, -0.011128571177553791, -0.0100509982029397, 0.004889968220416304, 0.010377846277674333, 0.017944384166298462
0.01882765396029032, 0.005436639745228764, 0.014414466808396191, 0.004093120711779839, -0.006514710449164482, -0.01400669087089357, -0.012707590059406476, -0.0249831664648174, -0.014971567344492063, 0.001117733791420738, -0.0024494481688871785, -0.007842872148339728, 0.008942505047196266, 0.015170940532316057, 0.01547298490937308
-0.6744793712914338, 0.19439389170330298, 0.17081476151798397, 0.14779509341552025, 0.1269806946334929, 0.10245630904674943, 0.08153306143178934, 0.05858108583158859, 0.03542937915100777, 0.014225177337201701, -0.008142741547936339, -0.029677987096544248, -0.05162469307084559, -0.07302622784949048, -0.09525843321238651
-0.014035071868223748, 0.0038306267346646704, 0.004684188034750547, 0.00014300761771409302, -0.002932379772403876, 0.013437147954848482, -0.004309092202051563, 0.009109890478268247, 0.00401312323262764, -0.0032246062031088, -0.007067161797737986, -0.00879706719224452, 0.007599593868742169, -0.0004925585584531779, -0.001959640327392159
-0.01060173023915838, -0.0035615895152831673, 0.004598247233853345, 0.009619075346416811, 0.009171335238802626, 0.004737935829091774, 0.00038047972174384164, 2.667897562192762e-05, -0.006669870459229497, -0.004899923412790247, -0.006078037373804634, -0.0027216631244145187, -0.0037792528631449187, 0.0007052103909976217, 0.009073104251297481
-0.018611963949778026, -0.007194085679642725, -0.011901105513559973, -0.01011910330813835, 0.005339317819923744, 0.021783264874980387, 0.014829333267083833, 0.007269077694362513, 0.025207423839770027, 0.023328164692049777, -0.004267771600692197, -0.010615191418301194, -0.004319791232296134, -0.021075883763383377, -0.009651685722378176
0.010810639263450602, 0.0041511247365584305, 0.0028288453732922174, -0.004557321318044088, -0.007724923935766329, -0.007785101842743031, -0.0071585040308957204, -0.004247805773603815, -0.0007744959018224075, 0.0009208634342477133, 0.0043874778415422195, 0.0063405547647967415, 0.003824945201597591, 0.0010098395360923914, -0.0020261373487028846
0.02539470024326328, 0.00447022817488192, -0.00829541299866714, -0.0031863133799743463, -0.01130770555730165, -0.006620270941647809, -0.007687519682647395, 0.0077075337956007935, -0.010676979332915377, -0.01196577928222334, -0.003896724305874551, 0.009127321272231757, 0.0006959454432476263, 0.011866363353309707, 0.00437461319871654
-0.020903294463927375, 0.004117974409011137, 0.005296365415384926, 0.004910183650960832, 0.004331285662894254, 0.0042986772124076035, 0.0029554232883661326, 0.002220940323837862, 0.001611428075145137, 0.00025712623341120805, -0.0003974474771386135, -0.0008314137974939798, -0.0017851394957798447, -0.0029467594070857633, -0.0031353496299935312
-0.012793410100401385, -0.015217885538425893, -0.002397475130959154, 0.0019495383259636127, 0.009062569724938309, 0.012643508223974182, 0.007994444055079425, 0.0033113164222592717, 0.005198995677879025, 0.015150526563815285, 0.01124739019270223, -0.0003896164373026571, -0.018650300019801672, -0.020753723576186316, 0.003644121616465317
-0.02989862017695481, -0.007725926764238637, 0.006263157954798865, -0.025690352032539707, 0.016410621644879657, 0.034350527613447694, 0.009803828385578148, -0.00816423592014097, 0.028191929577084204, 0.03662462130063844, -0.003634565550211342, 0.004700962751822193, -0.04650249179393127, -0.026922559733102525, 0.012193102742869716
0.00548412109981092, 0.0019272089157065294, 0.015660360174317885, 0.012254553307392784, 0.005734396653439156, -0.007955895553189337, -0.00893606308049019, -0.022079846792196173, -0.014527184971700182, -0.008249351841449478, -0.005689560764871825, -0.013040278262395111, -0.0037335428914714876, 0.013506738525998284, 0.02964434548109821
0.18714402764303045, -0.05376784688563312, -0.047502676936290726, -0.04132006159352436, -0.03577715924234578, -0.028986685512595565, -0.022534711567333873, -0.015546683263427532, -0.00861805216372408, -0.0038526812022300475, 0.0033512861977400203, 0.008168775691776905, 0.012386749821426688, 0.01956140817889169, 0.027294310834239145
-0.3184232325320765, 0.09269063291799033, 0.0798908501012328, 0.067995170296664, 0.05541109132520981, 0.04625109449864892, 0.042504729297809296, 0.03195451222409211, 0.018476071120823542, 0.009482933683738653, -0.0036696007535296357, -0.013636698932416364, -0.02712200645292077, -0.036218813080385666, -0.045586733714880805
0.00028388809096442636, -8.735706915021128e-05, -0.002960286139741045, 0.0032676381758938284, -0.004123977197407451, -0.005249506074327085, 0.0020749125261437067, 0.004554435149588862, 0.005541989572540918, 0.005520514237388211, -0.0055920011316956935, -0.00029992717070580975, -0.0003289116824046534, -0.0001832964642191192, -0.002418114822868872
-0.0005029343620421365, -4.952414245802945e-05, -0.0029487602157511933, 0.003111737113757922, -0.004748639726973568, -0.005625348535793049, 0.00400182136129273, 0.00587587502731796, 0.005368325742006309, 0.006071312109780879, -0.005987724917072999, -0.0007275047516823632, -0.0008982732056918684, -0.0008268073976923495, -0.002113554098998244
-0.002474221702208365, -0.0004525237024282305, 0.0010722648002163926, -0.002729924079543303, -0.003352348648697248, 0.0001350849108283843, 0.0032203837786931658, 0.003238186144154389, 0.003742109598478355, 0.0029148931983230737, 0.0021444293385617826, 9.52917725240613e-05, -0.0004717033206904043, -0.0033860613271695108, -0.0036958607610425736
0.001537632320280995, 0.0005983559960843914, -0.00011238999051571192, -0.00018333126414931745, -0.00039178009833313145, -0.0005215807252472956, -0.0011632145988462396, -0.0013452526918947515, -0.0007652784976106979, -0.0001518775794387155, 0.0003040637044805422, 0.001095611685515715, 0.0008877590411321936, 0.00046680742951497027, -0.0002555247309728447
-0.003970585108083495, 9.628497784712168e-05, 0.0014819302811185453, 0.0007813931700942497, 0.0016489796197110909, 0.0009912435043647086, 0.0004590164454127717, -0.001424801219559708, 0.0011830942199133347, 0.0012067841885319136, 6.377333541359906e-05, -0.0017463437129872615, 0.000794355827887115, -0.0008887723266869008, -0.0006763532029770957
0.003698726899822495, 0.0022866740355286185, -9.65132327120144e-05, 0.0016744625605398494, -0.002371950562173826, -0.0016097104524818912, -0.004535559479546536, -0.0007250165892885949, 0.001666728257767039, 0.0007704444130557986, -0.005863981031115367, -0.004060675350947505, 0.0011425145008003026, 0.0002969527865089902, 0.007726903244242675
0.003865149770288004, 0.003387638727462705, 0.0029786725295488452, 0.0011256996922572274, -0.0010361654944421234, 0.0011888570402441845, -0.00127796339675013, -0.008151584761995914, -0.010129666584563128, -0.001765345834709184, -0.0026994407874741224, -0.0008754988565786229, -0.0008189880278677633, 0.005335539336026469, 0.008873096648553664
0.0005188088752035977, 0.00022260975943206337, 0.00011664932929209919, 0.001134195188368633, 0.0012478621756950056, 1.7883503573644465e-05, -0.002020347553717977, -0.005571270289944628, -0.0017259502758070534, 0.0005426740117316141, 0.0018905010948427777, 0.003624513590353016, 0.004276037019344249, -0.0008563785717177228, -0.003417787856649225
-0.02154901440566876, -0.0041960859916073175, -0.0053024856305421645, -0.010523291634304727, 0.00897267581568959, 0.010629404634853058, 0.024564860895338624, 0.0042147454127207055, 0.005197562810213807, 0.010920246345312695, 0.007555929297701752, 0.004483610762083945, 0.003781276450244381, -0.012815860773607034, -0.025933573988428788
0.008066619556248055, -0.0004593383742573405, -0.0002763403875550567, -0.002250757870156801, -0.0016174194049065594, -0.004227425153995474, -0.002976843209786261, 0.00037450383900453353, 0.0008241453982450603, 0.0011657263591215168, -0.0015424216106798491, -0.0051621763919669815, 0.0017271319913736663, 0.003955832991336667, 0.0023987622679748828
0.023044359983648992, 0.007050542890916658, 0.002081806178088644, -0.005460417607712755, -0.01194707248394268, -0.013282128829853978, -0.008155423896699373, -0.008366450536908706, -0.004984926715687158, -0.0006572702932293638, 0.0027151532968622853, -0.001564434569254145, 0.00197578906710564, 0.0067002755812139115, 0.010850197935451954
0.013403309058056024, 0.00935095532408807, 0.0063803712546697975, 0.003937592095543531, -0.0008630417909946767, -0.007131616347666668, -0.011296370988760986, -0.024694014213640193, -0.010388916142123809, -0.006746982013198385, -0.0032882356810935804, -0.004875046951756562, 0.008556951416651408, 0.013689905976644856, 0.013965139003580956
-0.08286102549184424, -0.007154573867188268, 0.025838368673893712, 0.020004105736774837, 0.021117852983894354, 0.018220586762095016, 0.02133355397578525, 0.021568852628663333, 0.011639262170515027, 0.0052233121332276875, -0.00019820196844897096, -0.010969618711091799, -0.011447056221427441, -0.013212338176007237, -0.01910308062884123
7.4118053810696e-05, 7.08396455230903e-05, 7.8616510401021e-05, 9.708660117277572e-05, 2.3080125753050306e-05, -4.044522733756567e-05, -7.205550696021117e-05, -0.0002002185022200028, -0.00018054911972023528, -8.456122572693369e-05, -8.732848908759311e-05, -6.016091826215362e-05, 1.819142776713032e-05, 0.00014077517942532894, 0.00022261144546161402
-0.021517937033923205, -0.008304619111396816, 0.0008268881829011555, 0.005822481784512787, 0.010898120373684136, 0.0021642383971144374, 0.012494723908641895, 0.020403185278408575, 0.01332106185144057, -0.000573140762223759, -0.008579703169243058, -0.01824161879296299, -0.005499529716723055, -0.01301616723845454, 0.009802016048223908
-0.02291450134685098, -0.00803784588653797, 0.003118544418820435, -0.009597608548322816, 0.014442182723494278, 0.02289439587800532, 0.009817621268036147, -0.005701408420536636, 0.015617130725766414, 0.02185417255097639, -0.0016705232068658681, -0.0018593214715112065, -0.03418043578374143, -0.01800904325090975, 0.014226640350177809
-0.015894706103660883, 0.0017264495371820808, 0.015136207653833876, 0.003354333563773575, 0.015623146322945236, -0.0005481071730755404, -0.016846201575719744, -0.024493764424729655, -0.0044921705373975425, 0.011492368788507254, 0.009716505621705515, 0.016909943246278668, 0.010606188500104734, -0.004839704616555533, -0.01745048880319196
-0.0053015815221368594, -0.0027546163058302002, -0.0005535428258227056, 0.00017665485869545775, 0.001604926730206038, 0.0018943605449453739, 0.002010524040563021, 0.0022530535017360673, 0.003238205456563999, 0.003177502611941046, 0.0031151725287828676, 0.0022441296160139817, -0.0005072269732643228, -0.0037179861090288536, -0.006879576153364992
-0.031808285745744326, -0.017307143830074298, -0.02779632121049681, -0.013601270152117276, 0.01685806440371435, 0.03152922020245432, 0.033325632351479416, 0.026068820664145485, 0.03420777837836681, 0.02504424655286011, -0.0008554028319298017, -0.008128082117424773, -0.0128863340170496, -0.024841110209856777, -0.029809812438326855
-0.03981627729754624, -0.005850726802136435, -0.013742679610819203, 0.023707496128288374, 0.0065950469069857316, 0.018571610802377802, 0.023273430130183275, 0.0309585090588303, 0.029140437122333045, 0.003035084223989485, -0.0412086163944016, -0.012230478616128743, -0.04327000224580672, -0.0003270801687937758, 0.021164246762645014
0.008608544716680301, 0.004314627057233908, -0.007125648057749097, -0.017296676032071787, -0.010765307413822568, -0.004921086250605839, -0.005554474404655612, 0.010655853484588827, 0.0014342120434895035, 0.005860955042206675, 0.025408039116140355, 0.019232707787527812, 0.01365597552824452, -0.0036031718485897905, -0.039904550768617264
-0.023136464876810748, -0.01067430004404499, -0.006943172274184628, -0.00046991570871522307, 0.007074326406388019, 0.009782156095556738, 0.012831107432901489, 0.0120969827419154, 0.01970137781363272, 0.018041274608381605, 0.011036959996793239, -0.00301556114088649, -0.010360661465888167, -0.017741332202931826, -0.018222777382106866
0.004636608165613198, 0.005759359388483063, 0.011486431975557368, 0.006057271191412694, -0.001136097981218473, -0.005019684464651085, -0.004720133996488956, -0.003999842197710478, -0.018590014561641065, -0.018955892802411365, -0.004259383506191344, 0.002806981012028503, -0.00422452191608136, 0.001431940371586055, 0.028726979321713742
0.15945654546263813, -0.047806997931929864, -0.0399479663443529, -0.0342518758354005, -0.028153706911945624, -0.024091706709416783, -0.020227538169021172, -0.01350654293157346, -0.0076653892375542826, -0.005515417945569939, 0.0028246620585968933, 0.008136676147607524, 0.01074080254131224, 0.016353245730525965, 0.023655210076083722
0.048246108498612605, -0.003358878983330812, -0.02593633525643922, -0.014676139250762148, -0.012448654629885892, -0.012630463540980937, -0.004283534237092164, 0.008304676933862899, -0.0006828859596505506, -0.0005552560180439621, 0.0036547612152897924, 0.014470681257711017, 0.002170988654746432, -0.0003097539298975292, -0.0019653147541392833
0.5080905632417574, -0.14040846868310897, -0.12859978207670708, -0.11156912602976526, -0.09668680903134491, -0.0788394981790883, -0.06257607681002761, -0.045491511511859914, -0.03095911514529366, -0.013233654081934465, 0.005038121458523992, 0.022485199936818565, 0.04078030236092135, 0.06072701864723939, 0.07124283590386936
0.05739643517515964, 0.025909669440004324, -0.0014781578881732723, -0.005564175841797412, -0.01686036693461117, -0.02977383380983907, -0.03293502092700939, -0.03015576750527391, -0.0216628507361566, -0.014422588995165365, -0.0048147668837535676, 0.0071306763881438485, 0.014392490406888473, 0.020878854282788975, 0.03195940382879468
0.0001141231943645844, 6.6334439836026e-05, 3.518628151233823e-05, -1.959393103806632e-05, -4.771314209676013e-05, -9.723026570105563e-05, -4.900182949466488e-05, -6.790550159588101e-05, -5.665229601336173e-05, -4.323681114870575e-05, -8.814110508351421e-06, 1.3606758984932547e-05, 2.6368011420563272e-05, 5.058035776591675e-05, 8.394884371262784e-05
0.00027789948619559395, -0.0012710975019988085, 0.0013206043149583755, 0.0006663437161451252, -0.0007787949091079719, 0.00015239659048985372, -0.0010579615941126788, -0.0012566182716573459, 0.0009987435799889471, 0.0015250967601111419, -0.0004856311449216445, 0.0006852985536821818, 0.00010540224646932821, -0.0008090783614645757, -7.260346477748808e-05
-0.00012411920985294373, 5.6402872185193886e-05, -0.001034965351028498, 0.001989769694134103, -0.002093176176617825, -0.0031660750703061723, 0.000927430189573413, 0.0014306687996982898, 0.0027337036905020007, 0.002691783496758835, -0.002245572479835584, 0.0011173296777615472, -0.00024480059452327175, -0.0002123740908430691, -0.00182600544760604
0.004213249732724532, 0.004260551631656042, 0.0005763796408673568, 0.0063223585649131876, -0.0032893143582688137, 0.0017355115267998686, -0.006678113600277543, -0.011641318394938854, -0.008344337537523096, -0.00034602021129691025, 0.0024389514574296957, -0.0025220387435256285, 0.0028472069574819537, 0.005264532801673274, 0.005162400532284898
0.003704249176974448, 0.0024110236112180623, -0.00010877198079793745, -0.000654930414719705, -0.0012477015478131852, -0.0021381488425533434, -0.0022711703436707567, -0.002156523013826994, -0.0016962348866016626, -0.0004676836747444637, -0.0007474073693794512, 0.000623312150735328, 0.0012338434782472986, 0.0014599155774315923, 0.002056228079500784
-0.0005190398661639966, -0.0004918251776352579, -0.0030590384852592187, 0.0034512409376896863, -0.0036478448508995634, -0.003414797439620947, 0.004578085057997582, 0.0032291244837331337, 0.004085725929165204, 0.004703410448591675, -0.005678392349469529, -0.0006112045585813074, -0.0013037858456280457, -0.0004884824935213537, -0.0008331757903980429
-0.012106134199489698, -0.005324430084061527, -0.009036059349268497, -0.00878035383375795, 0.004363455719416687, 0.017272293513589256, 0.0109728104463309, 0.0050655575404173385, 0.017834728143115607, 0.015180240928377014, -0.005487615131489817, -0.006731089782600934, -0.0015057548919099667, -0.016360844764820658, -0.005356804253847797
0.01731513338344258, 0.00601232882315817, 0.011064386561455121, 0.005867267223190469, -0.009769548583490134, -0.012621211440478215, -0.01009923954565158, -0.02227618239671956, -0.016185147590771776, 0.0012132810612725561, 0.0010028122099017668, -0.004218164966882275, 0.008070047623462449, 0.013676492732025333, 0.010947744906084612
0.010305664281833637, 0.003786616389781656, 0.004051068469083368, -0.006606166231988123, -0.00793191241507643, -0.007289445525211168, -0.006704996075743311, -0.0060637718440818816, -0.0003775709442713208, 0.005564160816663846, 0.0074898391719043405, 0.0066058432997048895, -0.0013578397175509226, -0.0010563862670977715, -0.00041510340795041883
-0.04017779549151685, 0.006991771433664982, 0.01058588929480542, 0.01122427923880637, 0.010003417156707875, 0.008087932043473167, 0.005157642287994148, 0.002964161684699576, -0.00038561072320773056, 0.00015860816290535885, 0.0012259391879500937, -0.0014408845494128543, -0.004508478078769928, -0.003780988397432619, -0.006105883250666853
-0.03444409285583379, -0.016714366097288817, -0.016596091802816577, -0.002152805816469935, 0.016219643388389736, 0.026565609041869238, 0.019464092741999908, 0.015317744034468379, 0.031199113788160995, 0.028075903198879624, 0.0009382672639081226, -0.008878639329574098, -0.011581391800488701, -0.023414406765899325, -0.023998578989304763
-0.014856617392990037, -0.004330634735696979, -0.0014107358901116844, 0.0041646558622946235, 0.0035103398568331196, 0.006807103005118451, 0.006973558317059572, 0.004717792685370372, 0.0030943894049054945, 0.004549186826810676, 0.004401783313154999, 0.0006115147573422646, -0.002032642352435117, -0.0064604930697088146, -0.009739200587946948
-0.016563957062262158, -0.007786001914208535, -0.0014350130881525375, 0.002757353097615768, 0.004223885368442373, 0.007015925188789728, 0.009814596052863278, 0.012455974778395267, 0.0069416133613996265, 0.003782781761894252, 0.0024976707974849167, -0.0014968323796529194, -0.004774644060105048, -0.007602562423404622, -0.009830789479099204
0.01964635728693738, 0.00954826771216635, 0.004015642825947913, -4.551950424643978e-05, -0.00446649384434217, -0.01996405869562618, -0.012044681465332404, -0.010692052261635616, -0.007109451322467982, -0.007011420602991782, -0.00020056849069878652, 0.003173288421394042, 0.00422925889645495, 0.009217504473687235, 0.011703926570753698
0.011358722664928288, 0.0014328066961646084, -0.007940823665130905, -0.004374797886963411, -0.0014188231291918745, -0.0012469885237758218, -0.00417874160213442, -0.0022016376000716306, 0.0024745656075337943, -0.0014046194659683138, 0.0026308066217938988, 0.002999493154843065, 0.0062007614190554665, 0.000269055297336513, -0.004599779588418795
0.013859631919694283, 0.0012546353909967433, -0.003464938413672699, -0.0035111029966409016, -0.004052652949159687, -0.005478845292794516, -0.0023681227075483223, 0.0031031794040488085, -0.0028705492364418214, -0.00452166116060876, -0.001597573550394517, -0.0005729616683523656, 0.0005262718921739723, 0.0038033865712193554, 0.00589130279748047
-0.024785577722306766, -0.010052683040712728, -0.01552342204583496, 0.015447475217521597, 0.008517507834527226, 0.009274196563348592, 0.02038249241059956, 0.02138681183085168, 0.0242596208264452, -0.00036364306058105707, -0.01332284890547933, -0.014222773587659927, -0.01606644153720943, -0.003015574913776599, -0.0019151398697332207
0.02749234673085058, 0.00396549362648926, -0.0045690825206313596, -0.007622972624281957, -0.01077388734707734, -0.010668352915403094, -0.006278688169297716, -0.005081428726703348, -0.00395397023032797, -0.0044162562709403825, 0.0012713783773514145, 0.006009673481821877, 0.005520384072140811, 0.003440774526634084, 0.005664587989375353
-0.02214089041003199, -0.010814909752346636, 0.003862635466171079, 0.006415238661015451, 0.008255409072198919, 0.010581354340185346, 0.011665391919828147, 0.010560024107522797, 0.005364614566515566, 0.00421517252584051, -0.0007785563497636679, -0.014442988056703144, -0.007950529320929316, -0.002301844056484246, -0.002490122713018836
0.01634147540041177, 0.010727750532690898, 0.017865199878738743, 0.0013574055385686772, -0.010089224032639448, -0.016929252313393244, -0.016932604779397835, -0.014394747774447473, -0.013122179231199698, -0.00948569394810629, -0.0030491182889755154, 0.002318052008414045, 0.00616827871904306, 0.010991616623688007, 0.0182330416666047
-0.06995897057899975, -0.03028508342144778, 0.02507133967662969, 0.023904896036802372, 0.024612077712381705, 0.02504606056894227, 0.018941117072046248, 0.010572454054641696, 0.008234733031603917, 0.013640473677302966, 0.012144727883427651, -0.0033546989720497234, -0.01427114774127432, -0.015332982853876369, -0.028964996146130777
0.18765815958648135, 0.15939024128338028, -0.11807412602322848, -0.09855395272111801, -0.0750361629820714, -0.06614935104637543, -0.056296070617487676, -0.045680656536540645, -0.02255045506263314, -0.01734256164436106, 0.002122835756734512, 0.012912085826377389, 0.0235081929142574, 0.04530612351315332, 0.06878569775343132
0.00041602231858229623, -2.927539322153028e-05, -0.00011650964707339695, -0.00012725892898121427, -0.00010361396265200799, -0.00010164749912494503, -7.315843109228476e-05, -4.782160892210583e-05, -2.9960516237208334e-05, 5.946004746697214e-06, 3.937153892491555e-05, 3.4561763573540995e-05, 3.8948174651104546e-05, 3.618274320745273e-05, 5.821344361879212e-05
0.03016743203229071, 0.013892720412448668, 0.004873413697020436, -0.002127933389311589, -0.009638325828648016, -0.016021340764579613, -0.01705118928109947, -0.016615553190117326, -0.013480512044709432, -0.012370669975235893, -0.005220024321115858, -0.001554632515203232, 0.003974157526241141, 0.015602702773620865, 0.025569754868398763
0.008064694044709504, 0.0038975128621071423, -0.00420483059680949, -0.008537008860394749, -0.0013294004052813609, 0.0019593002922830088, 0.004003065233188098, -0.002071613671596943, -0.001968277235211189, -0.0010114670558641805, -0.0030714875727319733, -0.004781918451106312, -0.0023855736906794713, 0.007198607766862038, 0.00423839734052558
-0.0014576133686827711, -0.0002726804159774948, 4.4508742208458655e-05, 0.00034321204847651444, 0.0003193035630920569, 0.0003120264802286421, 0.0005320122698284753, 0.0005091920762473314, 0.0003015286753094616, 0.000263912052875047, 0.000437451318373835, 0.0003616721521444736, 0.00017056400904879739, -0.00048440358007187075, -0.0013806860231008252
-0.0014210418992331747, -0.0008832970986431019, -0.001284276738616955, 0.0012222933167067957, 0.00013860696668040962, 0.0003572421492583598, 0.001117982417054534, 0.0011279029237776016, 0.0017401472182290096, 0.0013575080008639891, -0.0010260256805415518, 0.00018773087314347513, -0.0006143599751907222, -0.0005556788223319554, -0.0014647336511566956
0.000944144579794127, 0.0003541533259322084, 0.0007913471884821032, 0.0008199700486951096, 0.000596100810055451, -0.00039000159384607703, -0.001180215788510427, -0.0018196081373500325, -0.0015962174437922105, -0.0013810843458123506, -0.00031967095181935346, -0.0001677123797809612, 0.0002255120758430401, 0.0012036585486747912, 0.0019196240634345347
0.0019475450752145574, -0.000123856729279078, -0.0012452801205224638, -0.0014396293350840911, -0.0029473656497766244, -0.00413534083956624, 0.0033807117082517934, 0.0038185794446216246, 0.001315370485085781, 0.00028436378872273777, 0.0016675062715156123, 0.0011117292912651718, 0.0006142277019416072, -0.002507945382554639, -0.0017406157098358351
-0.004976041233182689, -0.0014511836780697462, 0.003627088186051487, 0.0009236574055564051, 0.0010886045253260864, 0.0041459720026138895, -0.0027453448654232494, -2.7344578708513525e-05, 0.0010096753252802897, 0.0012604483327855753, -0.00259660986668466, -0.00013141393005917392, 0.004275036780656413, -0.0013306328367205323, -0.0030719115694215864
0.009640938220466286, 0.0036074428764583536, -0.0010958287281912415, -0.0050062405599489365, -0.0055580357146000296, -0.008512060214512654, -0.005150725955874924, 0.0020871260901082194, 0.0019173113969970072, 0.00030742011098623434, 0.003056826564271567, 0.005116433963892161, 0.0019663971740545997, 0.0005831510763186139, -0.002960156300425098
0.002215109705112658, 0.0011579727491206203, 0.0010531318012771743, -0.00027139423338367756, -0.001829286348541429, -0.0014452532833382822, -0.0012128933701809415, -0.001549798112477583, -0.0008399268462890724, -0.0004649717084462719, 0.00016787033134618682, 0.00018924309012323414, 0.0006193504722124696, 0.0010209582057842852, 0.0011898875476805326
0.03404330927454058, 0.019409847497662717, 0.027241051706430965, -0.00556750498041602, -0.016832010739809406, -0.029241919394327142, -0.0013160470871390148, -0.008320530620377905, -0.018941982521130624, -0.019679142176162807, -0.029824323304772287, -0.04736893260840175, -0.034161713193831204, 0.047460183420576264, 0.08309971472715832
0.0009455738265481308, -0.0009307907267163046, -0.002917883087923752, -0.0013077343010434934, -0.0010955302587341348, 0.00021210846822183107, 0.0014195718617074655, 0.0014463195058100039, 0.0015834994618151254, 0.0016539713531683565, 0.002222861888005933, 0.0031563473491081143, 0.0005821968912631447, -0.0014683017373917414, -0.005502210493838892
0.002041313485318859, 0.0008683289818160125, 0.0024184498592900302, -0.0040162705688200195, -0.005325543132241075, -0.004323156213587848, -0.0012719545856096164, 0.0025742962540585244, 0.0056161436074492685, 0.0046644445705726215, -0.0013248670661244056, -0.002285949127149823, 0.004680600621816502, 0.005387342443391967, -0.009703179130180966
-0.023744513979240763, -0.009852662422374819, -0.01594366884175738, -0.014342689199659602, 0.005474011925298655, 0.027919408889622077, 0.02118399143871298, 0.011749413129745263, 0.03367648210119116, 0.030697371881085404, -0.0055752232340400215, -0.013874017043251426, -0.005848275227687809, -0.028057465671202417, -0.01346216374644131
0.012739230000062655, 0.011009932302887956, 0.009887024766100663, 0.0052582439604572425, 0.002643047787581846, -0.004092441642140147, -0.011339251647065103, -0.02915236563846115, -0.027719764181648773, -0.009475401906085331, -0.004047819667391026, 0.004462198381607927, 0.004440675240343182, 0.014837676516908848, 0.02054901572684153
-0.008366449893742304, -0.0009575285362996765, 0.0014883555875963384, 0.002093605469318654, 0.002930997397123928, 0.0013532774264633622, 0.001643185361392627, -0.0010634756677123456, 0.001406572736477247, 0.0026532090387360154, 0.002887618715499607, 0.0028130734819185117, 0.0011002475589278915, -0.002398053794089098, -0.007584634881610545
0.019469122127041955, 0.002877116816335058, -0.0015021684628385337, 0.005052295734690734, -0.008603309873869522, -0.005528281122337548, -0.0010572943557889485, -0.004928323352405112, -0.011420624216334371, -0.01384398423062616, -0.013287002799095796, -0.00016926193121629505, 0.0066323398754364795, 0.009359570924698144, 0.016949804866309932
-0.012441529892897651, -0.004887683475278668, -0.0013222624322003797, 0.0035603130121109623, 0.007507478473362245, 0.004691093454316322, 0.006998396108474264, 0.009983382921527091, 0.00489582815818571, -0.0018717007437642045, -0.003166060713773063, -0.00619467369868092, -0.0065168283305556025, -0.004475010026626721, 0.0032392571858005687
0.006456668932391878, 0.002843400107236437, 0.003543440997844033, -0.002150514787382955, -0.0031149315878119385, -0.005636298273598547, -0.0027686091452148714, -0.0003736361734817934, -0.0016413287507982877, -0.0026858832396709008, -0.0022517850296211155, -0.004753410026936505, 0.0016334355064992012, 0.0036950188455624217, 0.00720443262498304
0.003439557726999527, 0.006968984173783628, 0.0017908652787590935, 0.008729319018498617, -0.002555823742857275, 0.003403386542678239, -0.009256310974990512, -0.019062906571955928, -0.011763456600682402, -0.0017059102738432304, 0.0036756112723941824, -0.0017323821368743035, 0.004470961802068365, 0.00681816605253059, 0.006779938433491528
-0.04138819508868588, -0.01564616364488533, 0.004038969479464697, 0.021079506411942107, 0.023461135511093776, -0.006378695594985612, 0.024865733462277367, 0.04269852575201821, 0.026527734456051864, -0.021724847007329094, -0.03573977767258769, -0.03737877539960496, -0.0012165217180225513, 0.03446032024730366, -0.017658949194050606
0.016056936334951807, 0.007774463372897352, 0.003543526390413536, -0.006608242605462807, -0.008085145928428017, -0.009533986075016, -0.009668687620287896, -0.007574646654148903, -0.004839394296650593, -0.002084000539994893, 0.0019342270319608237, 0.00447808567229519, 0.007258064606726284, 0.005101655060602871, 0.0022471452501411286
-0.046180172857029106, -0.02235490553816605, -0.016690503868395518, 0.007454001663513247, 0.032327023763789195, 0.033283083294826425, 0.014880602586153346, -0.0010155808624706104, 0.030174786350971837, 0.03515576394223882, 0.009683408795204315, -0.006540860510170046, -0.010858471825315848, -0.033547169643294975, -0.025771005291854866
-0.011240914773029473, 0.003116343929744827, 0.004740116962697671, 0.006475337606730803, 0.005114402023172308, 0.0008480473628426653, -0.0026683742500112446, -0.007744994225103343, -0.004205107877545481, 0.0012806607123422445, 0.002479239695017309, 0.0036423869988402606, 0.0018347479245286046, -0.00015054633426036997, -0.0035213457559667956
-0.03335043503112027, -0.009237792436165985, 0.002496291493116246, 0.008832009932163357, 0.010532768480140238, 0.011406510125156376, 0.013051109381083574, 0.012868715438575153, 0.011441345959224322, 0.005255278844140537, -0.0009320328282170026, -0.003487042639017011, -0.006402449006798619, -0.010516686844389417, -0.01195759086789182
0.02147982338945307, 0.00830019261316863, 0.008863877452417582, -0.005528684362701837, -0.012391365412137053, -0.010005129721842828, -0.010808807577289954, -0.01233541045227147, -0.013758684214299393, -0.013151381025007515, 0.0015515294245056048, 0.01514399765071155, 0.009315598718060375, 0.01064682486390317, 0.0026776186533296526
-0.030773208432409795, -0.017383037681264868, -0.008419281583962109, -0.0025352866728849933, 0.013684822736483904, 0.022923321487084144, 0.022821630526487648, 0.02671957678812013, 0.018200679216848176, 0.006286874932731486, 0.0003644589175267026, -0.008355047903097554, -0.015118131671542951, -0.013839140740352182, -0.014578229919767708
0.04585172533557857, 0.020058161059641155, 0.0022510330011130775, -0.014062809365201512, -0.018868997493307144, -0.02023594251663878, -0.02487139522904694, -0.023928248441106713, -0.014756264029964342, -0.00636457838831994, 0.004141997829772782, 0.01248760603520765, 0.008681140872925359, 0.011248001984190075, 0.01836856934515693
-0.5597431369019876, 0.15860953014221343, 0.14055219528394924, 0.12506816146462388, 0.10407811454526869, 0.08734405503412941, 0.06779661279962716, 0.050495678483719164, 0.029495346462097935, 0.011128769119965036, -0.005977912478251707, -0.024024194294608146, -0.043908657630789175, -0.059430763596108827, -0.08148379843384866
-3.3306690738754696e-16, -3.191891195797325e-16, -3.400058012914542e-16, -3.2612801348363973e-16, -3.400058012914542e-16, -3.2612801348363973e-16, -3.3306690738754696e-16, -3.469446951953614e-16, -3.3306690738754696e-16, -3.2612801348363973e-16, -3.3306690738754696e-16, -3.191891195797325e-16, -3.191891195797325e-16, -3.2612801348363973e-16, -3.400058012914542e-16
0.7563756654299757, -0.21605804643035767, -0.19115797543129848, -0.1662334119670581, -0.14130826814430503, -0.11637958298601991, -0.0914691064824246, -0.0665207543276408, -0.041563897767739826, -0.01662565238569459, 0.008284207330414104, 0.03324179280001707, 0.05818875049043753, 0.0831275246906511, 0.10809875518104342
0.0009676263766318328, 0.0011688194908980334, 0.0001312904009429049, 0.0020709195771606514, -0.0008308549245809771, -0.0010532654232113389, -0.0004674085745378431, 9.772724780731005e-05, -0.0025155002379449324, -0.0017539347065912453, -0.0010686759892766986, -0.0015287055477715287, -0.0008216476706653728, 0.002112884004139129, 0.00349072597700007
-0.0006817208653012754, -0.00035038342516844115, -0.0002720360649704963, 2.4718896222940177e-05, 0.00046118976129768535, 0.0005892998131133166, 0.0005856297620778171, 0.00034238147077374713, 0.0003407674385394085, 0.00028413325600225043, -5.850879521197636e-05, -0.000801643635887203, -0.00026791634135730146, -0.00019617490045779285, 2.636303273292526e-07
-0.000494840450278882, 0.00011095158576939003, -0.00427538709187813, 0.00454802728436097, -0.004465313856026831, -0.004269517063858036, 0.004915732188866953, 0.003417916937262789, 0.004373895262280167, 0.00636522398375952, -0.006651184368581083, -0.0008194996312493076, -0.0008815693787081048, -0.0006538596403058016, -0.0012205757614136663
0.019188870154946205, -0.004766672067295688, -0.004917628695034598, -0.004784089134157491, -0.004125764699969955, -0.002673985115249746, -0.0023532516553188216, -0.0016367162690123045, -0.0011504470648288083, -0.00029447504650154306, 0.00015625401634506266, 0.0009078075947416824, 0.0016464594447605863, 0.002299319566686078, 0.0025043189698898192
0.0023138929094857832, -0.0004893024677420955, 0.0030546533198676437, -0.0009145118385304376, -0.0014875527814623424, 0.0012313800279407892, 0.002078105664121062, -0.004050282627412208, -0.0012030347267500425, -0.00238581346833343, -0.004207137550375608, -0.0020572328884761702, 0.0021115374773788675, 0.0008149119896829274, 0.0051903869606052325
-0.0016222436096043126, -0.0009553479513308783, 0.0005149844848028411, 0.00020409367913914867, -0.0007858942619384374, 0.0006783871870675177, 0.0006242612328208499, 0.0023723258107892376, 0.001290652488823128, 0.0005145801366344709, 2.8486626409173973e-05, -0.00015663849231367416, -0.0011670661487620478, -0.0007675373359998826, -0.0007730438465370683
-0.0022558558016624306, -0.0003718481963836172, -0.0002664852994891712, 0.0009110687089903777, -0.00017035933224504888, -0.0007882225022554263, 0.0014897408687451713, 0.0016822583620742758, 0.0009021948910678981, 0.0016628969232148926, -0.000506850980951517, 0.0014190000400999304, 3.33959233106658e-05, -0.001328106076091104, -0.0024128275284247833
-0.001662831240620753, -0.0006796097372566961, -0.001748335575827593, -0.0006319413914513735, 0.0008095192598450379, 0.0019530761575614827, 0.0023316985588426598, 0.0013230185285612573, 0.001295533526946704, 0.0012472189725603506, 0.0001605720665732212, -0.0018808276825221758, -0.001083079750148689, -0.00038459176115995743, -0.001049419931903333
0.006427440016526113, 0.0016723551103653336, -0.0022626362069336336, -0.0024215635821749903, -0.002520670044263905, -0.0020470304686433824, -0.0015652560949937014, -0.00040204844597037, -0.0003381993145491264, -0.0001740098569966524, 5.201720331804807e-05, 0.0002610540301661926, 0.0007073884424471345, 0.0015236571467998675, 0.0010875020649033142
-0.021004258525415105, -0.006693200977464413, -0.012238286275678755, -0.004336726408691336, 0.011868557351597187, 0.019024087751496263, 0.010579344380596802, 0.002047296585139125, 0.02094480852019304, 0.02083782029330509, -0.0016518736880593628, -0.003264467719022261, -0.003341543453454412, -0.020007504325060627, -0.012764053509481555
0.012416398974684557, -0.001734623593156009, -0.0031640874807108777, -0.002599127765501961, -0.0020081122005242286, -0.004553528433233699, -0.003170063872875375, 0.0018745413058071196, -0.0011023886894386504, 0.0018233713953059285, -0.00013628576225420668, -0.005064181722639461, -0.0007178606808225614, 0.003252460739877618, 0.004883487785481782
-0.002483553909143418, -0.001575810066367819, -0.0005458402313554707, -0.000366754907942251, -0.00032973086970937654, 0.0009737829729667425, 0.002139061807768971, 0.0033828853438429415, 0.002496365511820669, 0.0012322981215981683, 0.00030902757097230266, 0.00029820183753808847, -0.0009578869871060914, -0.0017743830754445866, -0.0027976631194387425
-0.006816065713539216, -0.004457551013796226, 0.0019462677011506638, -0.0004695073644520734, 0.00023119592584011682, 0.00028657278530343124, 0.0016307071895843312, 0.009968903635369761, 0.01140832049049939, 0.001073951435258688, -0.001584785648233174, -0.0029012816812342295, -0.006278764375361737, 0.00124419074173874, -0.005282154108128462
-0.0048323484502652645, -0.002499403306661042, -0.0031734950895696283, -0.00112413573881197, -0.0016599110667254947, 0.003261298984511616, 0.004734024696507599, 0.00481672512673051, 0.005173435777438388, 0.005300014099548007, 0.003063698342890245, 0.00021044721087612353, -9.501277218772457e-05, -0.003986092782633592, -0.009189245031647763
-0.013304438449507352, 0.0006425458448232163, 0.009808479067906672, 0.00239301781032606, 0.011855504373899865, 0.0027307497217088934, -0.010304114306894697, -0.01688348761397951, -0.004426543157002726, 0.008121701283136159, 0.008059823635669414, 0.011452637555226488, 0.007114630251195051, -0.003506081083842664, -0.013754424932665002
-0.004324590739910067, -0.001975167018836696, -0.0011508240323104407, 0.000679353124161015, 0.0015777615948100547, 0.0018032238210843323, 0.0017316740668862868, 0.001199372377695988, 0.002014766338140195, 0.0008995356414042872, 0.002546937261237155, 0.003222229530363444, 0.002307597604932721, -0.002753092973016554, -0.0077787765966417025
0.016092238480176782, 0.0071172854420251536, 0.009766870164971258, 0.0022607728942854763, -0.000585903846825287, -0.014145885545120824, -0.01070464860977426, -0.017170905564025337, -0.018318874791998264, -0.006508280061307747, -0.0036391279781764416, 0.0047319629667443176, 0.00610750788217082, 0.00971879922177507, 0.015278189345079421
-0.001519936608729447, 0.0017796486998878575, 0.0031801192291878683, 0.0019987342751017906, 0.00016644703950286085, -0.00032349531822174857, -0.003216235944499849, -0.004563636449169538, -0.0019938439618901738, -0.001461581962524818, 0.001270829392803205, 0.00300685218523294, 0.0005302700328578611, 0.0010250612077867696, 0.00012076818267446664
-0.0084558980669558, -0.002457734398346543, -0.01184848429632064, -0.0042833634585892205, -0.004568644317243533, 0.008055712219304356, 0.005446686178732528, 0.01470117261561785, 0.016513228559679655, 0.013245447596576969, 0.008000457457979601, -0.0030974333523273367, -0.008238825457501823, -0.005203223025168747, -0.017809098255437254
-0.01003881613260722, -0.012537491743727532, -0.002236681327391617, 0.0013807850177244342, 0.007375552152149332, 0.010520574133215305, 0.0077457750530364675, 0.0024932010166490437, 0.003759223534919858, 0.012318768702918917, 0.00762255734623422, -0.00034851502350838966, -0.015056807497369092, -0.016157191046364563, 0.00315906581412073
-0.0035102576100337598, -0.002861249884807731, -0.00349115436288535, -0.00512892312078017, -0.004479094441653551, 0.004132656319208017, 0.005743559508961882, 0.008599939388479977, 0.008571083869576241, 0.0077264978391776125, 0.0018155507047406675, -0.00040624240313237776, -0.0017042768244120178, -0.006593066895299109, -0.008415022087140303
-0.014190505130518461, -0.0025770261506463223, 0.009111218067074, 0.003890024863158071, 0.003878359148356633, 0.010307606682984992, -0.006729972655299461, 0.0004238172460959374, 0.0019017178686143157, 0.0008440001214157951, -0.007628570376261374, -0.0002453493504200998, 0.008426353941788998, -0.0018681557707103283, -0.005543518505632705
-0.001407079854402467, -0.0036391066956313204, -0.0015969676643436308, -0.000302396898270693, -0.0006478269589444444, 0.000479167155696232, 0.0024923774784614593, 0.007373819773128247, 0.005473561167335066, 0.0008667221742855561, -3.453739571474652e-05, -0.0030922416230910886, -0.004477431506533212, 0.0013022493962941053, -0.0027903085482687932
-0.02527997421451013, -0.010730513051640793, -0.015789497093090545, -0.008735341184986013, 0.00946596423453962, 0.02729587656545255, 0.01780303821244296, 0.008651814611050796, 0.029668530785784575, 0.029397006042109756, -0.004438112434096114, -0.011313103997902033, -0.005949613376054412, -0.02573573902802003, -0.01431033607108013
0.010274068749172714, 0.006692034332459547, 0.008466067921466766, 0.008287514349612925, -0.0008146938235281571, -0.01250525695660611, -0.017658337479784257, -0.014172613654981214, -0.009034741375707001, -0.0020526060392626107, -0.0006225917254282249, -0.006405226167780853, 0.0064702806008794635, 0.010817327207993768, 0.012258774061493064
0.008213528707821743, 0.003916846132648772, 0.003935343064790462, -0.0020298007726353255, -0.0032406331698995343, -0.00732784764692241, -0.009577478494808363, -0.006319237337203813, -0.0024577430094670995, 0.0014658628068796374, 0.0043087680436830755, 0.005485734315694083, 0.00044035990035446414, 0.00125088902763656, 0.001935408431427801
0.06630933248962512, -0.010326838730494942, -0.01694944095614755, -0.01697266792838971, -0.014968560838606001, -0.014154103325361662, -0.010080044649741297, -0.006983563365905933, -0.005449654154622561, -0.0016260663027673553, 0.0021094022435114343, 0.004514177866511999, 0.005983245013023705, 0.00949035024326889, 0.009104432396095714
0.007915671737841844, 0.0018094687479883191, -0.0036541572331154583, -0.003846283459294321, -0.003696750538467763, -0.002466976318264824, -0.002550637337359988, -0.0013973136113768232, 0.0010718921736172686, 0.0012193387063483756, 0.0032368783266866034, 0.0029966877663266805, 0.0023197586581117117, 0.00206795252817245, -0.0050255301472140875
-0.009677836450571367, 0.003126557214512754, 0.0029396602096346306, 0.006965990440038706, 0.005128793940479483, 0.005999270764031152, 0.0013277383019999448, -0.004309447600094557, -0.005535519844483707, -0.00687743698014894, -0.00651569672732728, -0.0008014676654354533, -0.0031994391700268035, -0.0003281281198060841, 0.011756961687197332
-0.005432940485548914, -0.00024346398411479332, 0.0039456432278949455, 0.0018841353242180661, 0.006493751227351506, 0.002926345448495891, 0.00514889810435133, 0.006517607100482896, 0.003342950598318554, -0.01240983693219784, -0.0142552100786731, -0.013733281010948494, -0.01261852553808357, -0.001486849063346415, 0.02992077606180001
-0.011087103389793879, -0.006710816046837894, -0.0015076103065982936, 0.008297999508524966, 0.010940358442886173, 0.012580732348857829, 0.004859428387692535, -0.008488429670495685, -0.003461823894013171, -0.0011143258355988898, 0.0028859833820900037, -0.0038103648572276813, -0.004265428807384479, 0.0019473813749251168, -0.0010659806370265806
-0.022048310490698567, -0.0028531636905873947, -0.015217269353711389, -0.00758129027876686, 0.015414783176475627, 0.014743900178661607, 0.004459906476585994, 0.009763001988718234, 0.022398072301743274, 0.02037632624839006, -0.0007447540831028378, 0.005041294932315567, -0.0044224953635541835, -0.01866424173787326, -0.020665760304595618
0.025055216703988737, 0.015075503264868003, 0.0030086138804472744, -0.006510699344507407, 0.006335518451653938, -0.007112076896823628, -0.017896787513241398, -0.021509443989465978, -0.012737416155428546, -0.021129707623733833, -0.013290989245470279, -0.006769814450845922, 0.011176313764783577, 0.016347473368245442, 0.02995829578552991
0.005535401040865592, 0.002331383006818349, 0.015289520986717743, 0.01570217768727026, 0.004826747363472651, -0.0037629400264397937, -0.005263337118773725, -0.024311940849775907, -0.019480597717487003, -0.01828227425309152, -0.003465692915968565, -0.01223723420148723, -0.009358035174832469, 0.011472971628890029, 0.04100385054382152
-0.05064489746072065, -0.023290758079548314, 0.0020367923302440603, 0.014616576642052247, 0.02601713565175501, 0.001893155588259367, 0.046470563612286866, 0.04878185855414664, 0.03482932975549914, -0.008972656090800784, -0.029966418571142076, -0.049162501265367316, -0.01608226789806534, -0.028457691332681886, 0.03193177856408304
-0.0021489331036345094, 0.00013173913921051895, -0.005803997208097827, -0.0010249588730461493, 0.0020540988938737834, 0.005869177606094757, 0.006876483231111653, 0.006853477560470724, 0.0016422476591317352, -0.004695615607901951, -0.0048631485838075954, -0.0063136054229402955, -0.007956660391228158, 0.0008764960472752289, 0.008503199053487981
0.05434650526300897, -0.011910651226725567, -0.01331532496400456, -0.013111409865407321, -0.012890645829173623, -0.009986995613245387, -0.005959439995110144, -0.005436683682510896, -0.003714552409717576, -0.001188230025026812, 0.0007065950788437619, 0.00361673509970072, 0.0051773921589855975, 0.00671561955323851, 0.006951086457144788
0.005645475630965784, 0.004309175913071367, -0.004366237975159927, -0.012371121148816965, -0.009963770674852664, -0.0076057466403864765, -0.00502628687670487, 0.007225306750757672, 0.00200345651438261, 0.006798689057628586, 0.02347532157357029, 0.017382836883737224, 0.011891836864309356, -0.004703838142748395, -0.03469509772975293
-0.02382878327753116, -0.011644031800533364, -0.002555082193762203, 0.0024180622606720615, 0.0022323403629601166, 0.006972173451544236, 0.01254500724968188, 0.019247084281159205, 0.01954989070887208, 0.011757625692427864, 0.004886742966461804, -0.0004962143951343302, -0.005548966999896614, -0.014172799304969034, -0.02136304900195273
-0.02009560429413985, -0.003972440259441352, -0.020249931038925875, -0.006119797698707583, 0.014168355809778764, 0.01510585439282169, 0.010957103560485374, 0.014684734350886096, 0.019975962765943565, 0.016702575201368683, -0.0014135107269618937, 0.001434639779340548, -0.005055060212617354, -0.01669749453712449, -0.019425387092706504
-0.003982728411191077, -0.0006198463968676196, 0.004634361319742613, 0.009535170810732886, 0.005027359251118392, 0.0032409203378725555, -0.010858323064260102, -0.015508837734967388, -0.009829764292311114, 0.005378484384699551, 0.007520301705147294, -0.003617364766473449, 0.010056453710706069, 0.012047703155585534, -0.01302389000953402
0.007753536810418744, 0.005496570903354323, 0.005962017518739411, 0.009236527451340867, 0.0011846708643188592, 0.0012899624231540463, -0.004106096707273913, -0.010987746112299426, -0.010095328785747822, -0.017711229964649154, -0.013811384131943907, -0.020326981547384312, -0.010650373070802948, 0.019811026562888655, 0.036954827785886615
0.08025501903081203, -0.01855960754925203, -0.05395147554922017, -0.05621373114345016, -0.001798592555311982, -0.0038126691227474904, 0.04983689751540857, 0.03751464449321787, -0.0005461532664909168, -0.007413911001955216, -0.03337128471585145, -0.022879948529116102, 0.005013702032891858, 0.006919691953247292, 0.01900741840781796
0.012859615646631798, 0.008774212409248458, 0.00776405429063631, 0.002615539133967782, -0.0008681200803043519, -0.0024686088075643385, -0.007683365332309509, -0.02863054735367806, -0.030399308577503916, -0.017097301946705064, 0.0096998457820621, 0.024499730575742076, 0.015255524922667775, 0.0018132083687245884, 0.003865520968383992
0.005714285278168304, 0.011689692964465627, 0.035324080831090385, 0.0006438500845633117, -0.028102691317094478, -0.029647522938035145, -0.04357467245736997, -0.022371292655316417, 0.021994068674767865, 0.01678770397187995, 0.012812960543373114, 0.023345728483994202, 0.022498800414581972, 0.007924164161099253, -0.035039156040168024