
0.0033448129936937635, -1.5440395190871954e-05, -0.0008569751150491278, -0.0009767504524441013, -0.000660109259930115, -0.0007494243914458029, -0.0005609095943910603, -0.0002690214586428213, 0.00018190700494401984, -0.00010015952542059247, -0.0010911820832175203, -0.0008505587293800407, 4.182955203782916e-05, 0.0003597396855583044, 0.0022022417688781393
-0.02983924897926065, -0.007032056603289819, 0.004896340898553861, -0.024983509314808704, 0.015528286330463902, 0.03412342405919089, 0.009713927954519077, -0.0070860627252115355, 0.027885063446569207, 0.035931274327680014, -0.002465876954959497, 0.00527029705025067, -0.04545130699990317, -0.027285452813286627, 0.010794900323492245
-3.723138464832257e-25, -6.7750346764694355e-25, -1.6097493596169889e-24, 3.581362994156619e-18, 3.5813644133717424e-18, 3.5813666164080186e-18, 3.581366154452701e-18, 3.5813655361518705e-18, 3.613914514299922e-24, 3.935365052538591e-24, -3.581366451298108e-18, -5.139439994250321e-24, -1.6827081019800153e-24, 3.639753322437799e-25, 6.858427961944206e-25
-0.00309469197262958, -0.0008912580697931394, 0.000572194409887241, 0.0008513061949616198, 0.0013127343971875486, 0.0011398957900939837, 0.0007952012813849165, 0.0008675110629246245, 0.000674590760845233, 0.0001996840412351537, -9.276528981207272e-05, -0.00017858568621100348, -0.0002527349555152337, -0.0007729289557085711, -0.0011301530088507694
0.010424782058034338, -0.005168217161172766, -0.0001956085093593879, 0.0030183924530167855, 0.00275207692153345, -0.0053890081664559756, -0.006183331350968976, 0.0018994818323925051, -0.004326059210336062, 0.003218637798616875, -0.0037338718829165152, -0.010161261213700451, -0.0008028397073020541, 0.004423558531971005, 0.010223267606647336
0.0017576292869024895, 0.00014663716233977414, -0.0003694045764800808, -0.0006706880402687677, -0.0030311746987415305, -0.002995996275805175, -0.003173634463908631, -0.0004349617175230633, 0.0029590806801352947, 0.008158842708040594, 0.004021387373544201, 0.0017860962220720878, -0.00218759158498248, -0.0046105011741863515, -0.0013557209011385626
0.019278560214498544, 0.008076391070233769, 0.0006641283508208693, -0.004765467402429865, -0.008118831444361912, -0.010448727318059197, -0.009189329984768254, -0.008403487312687316, -0.004221921310992504, -0.003158611069049645, 0.00010226769584088566, 0.0009703110652363313, 0.0045380626620956255, 0.005852039581907987, 0.008824615201714682
0.0843799882524668, 0.046586862526507566, 0.01574557997462823, -0.03198789682038942, -0.04146673381712231, -0.036724206350252246, -0.04448293369947923, -0.03967136578414661, -0.03184216622058377, -0.020850936710645238, -0.009158409251083908, 0.00606246591474704, 0.017921795568761553, 0.03262941135726348, 0.05285854505932788
0.002030605779243503, 0.0007793806594780887, -0.0013168734614811411, -0.0018263680491795765, -0.002326446573261189, -0.004497514217377439, 0.003293168856246198, 0.003622656005358845, 0.0009712471583573032, -0.0006466695541520554, 0.0017886234352264968, 0.00032752535806046074, 0.00036555475339535476, -0.002092063103609723, -0.0004728270463051724
-0.011035314893022966, -0.0057855916351161165, 0.0008765597685945289, 0.00479833606770735, 0.007088391857776194, 0.0012968214200398214, 0.0062789443021813544, 0.011203494697593878, 0.006948152245586105, -0.0034077976627423547, -0.006562094875180541, -0.00947564243927066, -0.004648017621501659, -0.005483225966079995, 0.007906984733435013
-0.03131132823374303, -0.005288248791386105, -0.010057338007554859, 0.022696678049361596, 0.012149306268239318, 0.005803412645633506, 0.0198110662341408, 0.026098976761908366, 0.025693158508740436, -0.017243737063288193, -0.024340984678568395, -0.02622691071567007, -0.02104314436577581, 0.013415977265356116, 0.009843116122606224
0.11866994622845672, -0.019552308507379573, -0.030503003217217838, -0.030527792732200926, -0.026504807124090823, -0.022943678652418573, -0.01819840692712673, -0.010985676713763706, -0.00827815490169746, -0.0027578602160556152, 0.0006092111416002111, 0.003836984223091183, 0.011809163220772509, 0.014562800397641068, 0.02076358378038927
0.2945059064789546, -0.08518415992860924, -0.07644393087859082, -0.06574148731864288, -0.054486238093796734, -0.04455735522982018, -0.034378850046867436, -0.02499782354631593, -0.01374774013014343, -0.005044320817753702, 0.0038163633191284825, 0.01251361903890126, 0.022244782461689244, 0.031101232173246892, 0.04040000251861941
2.670275693452717e-16, 9.197338771859355e-17, 3.690020776234537e-17, 7.908798187040627e-17, 6.781317234390358e-17, 5.068691190769041e-17, 1.890757993116883e-17, 8.373015514471332e-17, 9.566479413024724e-17, 1.1028387387010713e-17, 4.9361802516749944e-17, 5.91343346631381e-17, 1.2384278139391993e-16, 1.5074440048863872e-16, 1.7534531237477734e-16
0.01860586044688073, -0.002895518636340747, -0.003730469765228404, -0.005150894834023094, -0.005396912438776896, -0.00280739053571995, -0.003336195100499094, -0.001819479996032402, -0.001736471606903581, -0.0008696253935770914, 0.0004372616848310543, 0.0012060556668573176, 0.0022996554392949622, 0.002047168349385629, 0.003146956719851899
0.0014881314097359253, 0.001086992298118421, 0.000943002193217964, 0.00030994983826770634, 0.0008330634062463744, -0.0006198689174259429, -0.0025005445778391645, -0.0023052981426908595, -0.0018678670476220322, -0.003103910572771122, -0.00032552165725054, 0.001534566405008207, 0.0025766989876802684, 0.0019711602527215308, -2.055387539667664e-05
0.5077973560154778, -0.14435382309897576, -0.1293448533692913, -0.11254280028167703, -0.09634239776929263, -0.07668176424482122, -0.060019487625108434, -0.043286075733794525, -0.028300924078252642, -0.011594084266508351, 0.005678774050810675, 0.021670502225785725, 0.03900143783180796, 0.05631053389152352, 0.0720076064523159
-0.009641500281915228, -0.0036674356947264952, -0.0053260909750524775, -0.006432012079725823, 0.000853463919746375, 0.011358936948810162, 0.008839963081273645, 0.0043720373331843174, 0.014812072796070498, 0.013662796016109232, -0.003115150050936978, -0.007691738421671035, -0.0021651675693149745, -0.012086411412940508, -0.0037737636089106006
0.010596468069435703, 0.007431419662072023, 0.0010221312613264187, -0.0019647798059172356, -0.004559611046327205, -0.010374309678090618, -0.00603319327708177, -0.008120726466823784, -0.001932170614799679, 0.0004990923105123907, 0.0023607955257409466, 0.0018758485325596442, 0.001526186377858455, -0.0005620151194775727, 0.008234864269012465
0.0659376280419851, 0.0006979713650928653, -0.019860446585872656, -0.01770818082489227, -0.01739633001147565, -0.016836269234675603, -0.01464829496018915, -0.008316384734870407, -0.007752298046427175, -0.0012751691641090712, 0.005032829327015332, 0.004499233890007444, 0.004597397415224539, 0.011871524113308435, 0.011156789409878487
0.11024297744993082, 0.06137756942918255, -0.02466094710586592, -0.045984903527733385, -0.04764355777957097, -0.04473865231607098, -0.04162003354506272, -0.03795283210494511, -0.021175100433691828, -0.008686492414921993, -0.0009976340671976334, 0.013292522747208785, 0.022648855202315812, 0.027467081231811543, 0.03843114723461081
0.0699432396802146, 0.03583102830963819, 0.011915752817959046, -0.0029227938288469814, -0.012760642851256247, -0.03321875915946609, -0.04498366046681554, -0.04853242090002201, -0.04774456300001411, -0.03372093931381903, -0.015868326863063543, 8.446587044211654e-05, 0.021852714553735417, 0.04491102103858057, 0.05521388411273375
0.001421324768422794, 0.00042605254791572126, -0.00022429261821662095, -0.0007120795331551882, -0.0007695397045965831, -0.000708353962444991, -0.0005903397812290109, 3.833564439688154e-05, 0.00035182977077258265, 0.0005547174092745391, -0.00012069630653723108, -0.0004108594180091243, 6.0079004960668925e-05, 0.00032274764875372275, 0.0003610745296917359
0.012665605241463651, 0.0034828192072302753, -0.004792563243032601, -0.00593207176081461, -0.0056476132246840866, -0.0038969372248951117, -0.003920869170554114, 0.0008628332441345287, 0.004349679884983837, 0.00483961924984351, -0.0036762589313868712, -0.004128271712867642, -0.003904966221140293, 0.0016477208845641666, 0.008051273777155138
0.004878278304768826, -0.0025848793713386144, -0.01569139340869073, -0.019350908768969218, -0.003735236076842547, 0.011544787935304491, 0.0021546430594730735, 0.011172800941625807, 0.018575774331071725, 0.014510429390983612, 0.012166731974505709, 0.00524792776222632, -0.012493269530092773, -0.018964193858753076, -0.007431492685272134
0.04546808292334222, -0.006756174480257842, -0.029533213059686977, -0.026731015448650593, -0.014885099255176223, -0.014140966459301275, -0.0028742455041939857, 0.009030981983389632, 0.018683031766735865, 0.00658240432888927, 0.020091443189329712, 0.033894207949770196, 0.016044139031213614, -0.023533272110658403, -0.0313403048547451
-0.0004790233561924274, 0.0001956095719733067, -0.002832435093412838, 0.004760870086362827, -0.005665797135814862, -0.006872763011045483, 0.003746538011009392, 0.005431594270689284, 0.0056322393473554905, 0.006583289906090811, -0.006934207590192044, -0.00045127670547556297, -0.00036603122019836926, -0.0005847355003335653, -0.0021638715808159634
0.0008448070254404673, 7.42603508162183e-05, 0.00037090973693210344, 0.0013662974100985027, -0.0006588834677913035, -0.00034510323942006405, 0.0006184983446831268, 0.0014372833257287705, -0.00047324252783278835, -0.004507508416183206, -0.0029436861599651167, -0.0016958731459449587, 0.0012274700262411397, 0.0021973437972064884, 0.0024874269399905646
0.005633132814132082, 0.003448813458524816, 0.0013120008329456014, -6.957781972157378e-05, -0.0008276084275392438, -0.0027832356789442387, -0.0045456703528461715, -0.003655665171924996, -0.004841505409425052, -0.004561714922967906, -0.001515060978853976, 0.0009030944246700021, 0.0033224577519555083, 0.005166788283940742, 0.0030137511960548003
-0.008462959823193244, 0.0011722319596741736, 0.00188727908934081, 0.012772344412200562, 0.0022052050052394335, 0.0020936597136871063, 0.002568563787399283, 0.005311341831405505, -0.0005719808174661792, -0.014439707848154886, -0.013535284483050785, -0.008659920419083526, -0.003231579322023967, 0.0036908758271056337, 0.01719993108691984
-0.04454767949116974, -0.01394004413988002, 0.0017433172657416395, 0.008318341796982102, 0.015809047247323328, 0.006118013521242786, 0.030411028759619797, 0.040727388816585774, 0.024152567150769792, -0.00041176327598133056, -0.014988907838700005, -0.02739437495928474, -0.01374614757019399, -0.022291561370032895, 0.010040774086977492
-0.6418657927155401, 0.1835885553142766, 0.16260782804295892, 0.14224425757384798, 0.12035022177414714, 0.09847876785363363, 0.07664683370133726, 0.0557574653543913, 0.033651612891989965, 0.012473305895878728, -0.005504953517017519, -0.029090886542549467, -0.04703989464470864, -0.07070289025768264, -0.09159443072496394
0.5496131449725656, -0.14732393993865228, -0.1387522201567395, -0.1262815334229885, -0.10443780267086451, -0.08746969553350657, -0.07034528116507795, -0.05426531029488426, -0.02915794682372038, -0.005652640871298294, 0.006224910473056113, 0.025918808478715118, 0.04392946995924334, 0.06167128506728712, 0.0763287519268654
0.007818433757599611, 0.004819184587153749, 0.002470910081096927, 0.001123684189611694, -0.0021165794339581025, -0.00545163259368664, -0.007843332697809263, -0.010799856163169592, -0.008720165401653483, 0.001788092181739716, 0.002018476745109227, 0.005731763666425465, 0.004361848987505889, 0.0038448586556346196, 0.0009543134384002362
0.6756651967640114, -0.192878457195003, -0.17039454223862266, -0.14916067877986716, -0.12772481998271548, -0.10438564825736443, -0.08361825018141848, -0.049107974009343185, -0.04050927203596341, -0.016129279546066844, 0.006086176933069945, 0.028477051491098665, 0.05216097814743409, 0.07263422738674637, 0.09888529150400423
-0.033838882901675416, -0.019114623302098486, 0.0009424202263235412, 0.010670897108358519, 0.020364770200533903, 0.00041648599103333295, 0.018941277913811557, 0.0366341808818588, 0.02631379165233577, 0.0020872058664701486, -0.012603991097935155, -0.03381303865184696, -0.0069356523295324305, -0.02441240700525111, 0.014347565447614105
0.0030224294014559784, 0.004242350395893869, 0.011525023977699039, -0.001978962876570318, -0.002369131552228701, 0.0015745816791429214, -0.0012559722522379301, -0.012664512152735315, -0.010189812902791681, -0.011459475297749247, -0.005829503394119911, 0.011685278497685051, -0.00023120721903869515, 0.0013840270669309178, 0.012544886628664076
-0.01762366100516663, -0.007528680771364424, 0.0033425090602357747, 0.0064133212988697575, 0.010317187246747654, 0.0015857766425066042, 0.0104603365868826, 0.018795618787790885, 0.012210717474368889, -0.0064594882940968625, -0.014499927706109856, -0.01977443997872578, -0.006894009927357249, -0.008604238130356852, 0.018258978715775486
-0.02518649243796225, -0.007354424176741607, 1.3398494749831008e-05, 0.005851600952081565, 0.009545016240903962, 0.0037525952564894747, 0.015062068600260483, 0.02248077944306458, 0.013459497145076793, -0.00042118775074235257, -0.007475240390789201, -0.015198799743556295, -0.0071863710379985075, -0.012176449848690707, 0.0048340092538540535
-0.03950039343666735, -0.006797271244680407, 0.00903210118681258, 0.021787332850002516, 0.01902806110581623, -0.0054017107178211225, 0.03260381247228419, 0.04813018239242191, -0.019717442826983487, -0.03324583530165441, -0.03954818846550677, -0.002442522642009543, 0.010281907435419155, -0.0165924920331994, 0.022382459225765827
-0.0136624110310759, -0.01764121988387183, -0.0028861107017681934, 0.0014119534795888431, 0.008800395467370565, 0.013552303651575314, 0.008852204417938932, 0.004786440862369211, 0.007231668193064153, 0.01956768289706266, 0.013147947349673336, 2.882267298919214e-06, -0.02150721318761811, -0.02540038931589601, 0.0037438655342878608
0.03443106270189897, -0.001306509591822642, -0.004059873047363942, -0.010896204998306848, -0.009258349096274638, -0.008773354735102604, -0.0078093039383578975, -0.006028387712749098, -0.0034121277213081135, -0.0035944001405418223, -0.0014197035329147024, 0.0023179641289869783, 0.005114617613118251, 0.006683761040648565, 0.008010809030089713
-0.049183557959615445, 0.009201951985846203, 0.014053767342095826, 0.01587007095295236, 0.013160790552426437, 0.005766663921057671, 0.01079406842495515, 0.002995932732880619, 0.0019523473670667209, -0.0034374502185251046, -0.006819142619511942, -0.0080815884246269, -0.0025777991616684035, -0.0029534093471068066, -0.000742645548226122
-0.0036667691190952678, -0.001097930899919983, -0.00288520064843989, 0.003317697263132649, -0.001322457253441801, 0.0033821372862491757, 0.0021039083044823922, 0.0024204644806112936, 0.0024167304456670664, 0.00494467482057523, -0.003628530402470861, -0.002374076178481537, -0.0020084678796555406, -0.0008240444610891506, -0.0007781357581237765
0.004094246814121542, 0.0004538745833590292, 0.001131902354841447, -0.0011712758337473553, 0.0003639569220559052, -0.0016215913411906373, -0.0017335697746024255, -0.0025045414066550723, -0.002317374408759849, -0.003006696251120636, -0.0006633183419061032, 0.0009809096919397833, 0.002138002052371019, 0.002808749720541304, 0.0010467252187520283
-0.007195344197251672, -0.007352288794584694, -0.0005094463852983666, 0.006185839105854383, 0.007153156347226593, 0.00012089260688636422, 0.0017780119401080287, 0.008033249028041397, 0.007420071070383403, 0.002574800808036469, -0.001760546819584202, -0.014824219394929668, -0.007810226074002135, 0.001048131047558402, 0.005137919711555927
-0.0002613809665076003, -6.865747866147546e-05, -0.00033103848820597903, 0.0006675501975818796, 0.0018436441981140638, 0.0005773967298459779, -0.0005939843011281156, -0.0010297370509490375, -0.0014503285771869945, 0.0012073876110382578, -0.0014141953653815707, 0.001607288152483136, -0.00225793499026145, -0.0024758679527794973, 0.003979858281998353
-0.0021690537946592358, 0.0002964133915110874, 0.0010336450730650357, 0.0005663273493178759, 3.53173026249785e-06, -0.0001524465558560764, -0.0006716854312920075, -0.00019101957726066796, 0.00028253328380717444, 0.0005293194042874141, 0.0013707352352173038, 0.002447365762674344, -0.0004083003474518907, -0.00042287475072011693, -0.002514490772902753
0.013396576969936692, 0.005610837157904723, 0.0025911577083588804, -0.00043474820842038766, -0.0018217484785547876, -0.013370499964428231, -0.007984785127753299, -0.0072026027599207, -0.005446206239759669, -0.0052711464750568975, 0.0018862176096691332, 0.0018753163953383588, 0.003509465381576258, 0.0048870813933153505, 0.007775084637794755
0.014342099939339844, 0.003923081463125807, 0.0022196150284678087, -0.009067419316630082, -0.013739831612607039, -0.008416890407677208, -0.008521436995455201, -0.0025726051314920156, -0.0019138868720042178, 0.0028830668161679653, 0.012293475297455387, 0.01564556959024655, 0.011349952302066486, -0.0010956917643358975, -0.017329098336668482
0.010678273923373973, -0.009417852371423134, -0.0018770463096998886, 0.004483474786920334, 0.005455608962444906, -0.005168142556873377, -0.008670286651052081, 0.004949843351354661, -0.00604648301450995, 0.01043031490812105, 0.0006666672512619284, -0.013726795422322628, -0.003373190384948124, 0.002200583676155576, 0.009415029851196681
-0.024767515705926956, -0.01506298038763988, -0.005649150942405554, 0.007768313352083144, 0.016148444563078103, 0.01375260829114832, 0.015293074649698122, 0.010959735701780153, 0.00580504398026001, 0.005349681650731331, 0.0008086480443724969, -0.0017400460573891625, -0.004560889312357808, -0.009889685518738232, -0.01421528230869417
-0.01321764785710169, -0.012164032685877214, -0.010910489561574359, -0.002018245975887156, 0.006477443369864925, 0.004554225818682526, 0.007264660825420875, 0.014062490895600169, 0.016371102896013928, 0.020446504563089052, 0.007847123775477303, 0.004470126139788513, -0.00015225949481984893, -0.010964608273044527, -0.032066394435632355
0.0065458862081739615, 0.0008157567713503698, -0.001569302700728968, -0.00341236521879333, -0.003980263289584689, -0.002501736444096716, -0.0004912564588933505, -0.00023010920746345415, 4.212027600510539e-05, 0.0002691932095988523, 0.0020839443933849395, 0.0034226387657801498, 0.0009879935315296193, -0.00019888674837262118, -0.0017836130878899532
-0.014243558413926796, -0.010847039862407475, -0.0008240096759114816, 0.01850935289680798, -0.0014792107518784789, 0.01634102526847141, 0.02704523885631294, 0.02714301622615541, 0.006532059872613346, -0.025364450304277236, -0.044926726612592685, -0.028242605987838995, -0.030059173906211545, 0.020249390433289844, 0.04016669196139375
-0.003918512278850057, -0.002644578558173384, -0.004302049534368609, -0.0026798412703182154, -0.0023628153516796735, 0.0015393064115694001, 0.00628233710104037, 0.008135954972227681, 0.007292527149238849, 0.006119663362582321, 0.0025807123038562537, -0.0008274564794449488, -0.0019517359856723604, -0.005384931769255786, -0.007878580072751785
0.01380345829193407, 0.012868674631869812, 0.003664197550788861, -0.0065779815846328405, 0.0029844194191745534, -0.011927371318868464, -0.009431988754158904, -0.011489061401491259, 0.0005274216276578395, -0.013083836838001914, -0.013350042764568297, -0.005114637150612629, 0.013050444614927532, 0.006125575746206973, 0.017950727929774292
0.004794024803677395, 0.0014149451797056702, -0.0005978962082316267, -0.003025029248820022, -0.003103836844538016, -0.0015393290081019513, -0.004821478294460118, -0.0013648697573158503, 0.0021910083233431825, 0.004416190287351251, 0.0026562184733687983, 0.0018104715908447918, 6.206204449029963e-06, -0.0033380166283918707, 0.000501391127119204
0.00013822982258021357, -0.00023437287378365583, 0.0006923105935823354, -9.711664071153351e-05, 0.0006256288367514841, -0.0014341891985119061, -0.0009687099297978507, -0.002327831878883451, -0.0018528841357064278, 0.0004901443591866401, 0.002640530802624981, 0.005072501287975676, 0.003909771844765122, -0.00036448496808547614, -0.006289527921985634
-0.05780059039471354, -0.022569494522819793, 0.0004014214738714041, 0.015273422295018971, 0.0297794918049761, 0.006062951095330548, 0.036038904120210595, 0.05574393383690953, 0.03545532820686359, -0.0013889705431723545, -0.023916860363751385, -0.04907478824432713, -0.014700505169719387, -0.034587556334699246, 0.02528331274002217
0.0031239600823469178, 0.0001876603457106322, 0.002606143537889754, 0.0028386057318014308, 0.0018826241807849652, -0.002809204796662992, 0.001350680271548638, -0.0010644155359939803, -0.0017590945248350353, -0.00442549879659545, -0.009414555887418706, -0.012091312054240232, -0.0018515256554293138, 0.0047459289453382686, 0.016680004155754883
-0.023191301057720864, -0.0067133764715616995, -0.0187134739287689, -0.00853329429752583, 0.012632571230086995, 0.00803364572095067, 0.018679109258273565, 0.028116367649354237, 0.025937235836516373, 0.006467808554629274, 0.008813602182616169, -0.001601497485338482, -0.0008625342325000204, -0.03118324364638329, -0.017881619312628248
0.008926907711429202, 0.0033275493847736517, 0.010800614323066705, 0.0005134945695401259, -0.0005128813978915682, -0.001485891055895064, -0.0011494404888822472, 0.003266800252410029, -0.007306460801335977, -0.015212067797743157, -0.024745601016013537, -0.03631041960864183, 0.0009384740376868191, 0.027274912133693777, 0.0316740097538038
0.05426659981991998, 0.02036599222898421, -0.003952002738818869, -0.008824030220907327, -0.022324893656641275, -0.019461066380264576, -0.01747931851033053, -0.017951298602549917, -0.02182079747740391, -0.022662788607608165, -0.011391668673601849, 0.005382181953495722, 0.01639819698201924, 0.024752703901768116, 0.02470218998193941
0.019101184885765017, 0.0004930798664637939, -0.0016181797177196588, -0.008645300368033175, -0.008309862101513616, -0.011073007439593984, -0.007651840600937117, -0.004276140837298239, -0.002159445957426762, 0.005909056562808845, 0.007949980199197305, 0.022376032867544107, 0.0033610177064966576, -0.007645429245570064, -0.007811145820183016
-0.021316859061987894, -0.010747935738787866, 0.010576648632780086, 0.006907943476561609, 0.009769391590687801, 0.018392415692367672, 0.021385292395932138, 0.015422259041801313, -0.002126563366381655, -0.027321843058085674, -0.020794218548862837, -0.025357716730074236, -0.0023410537448028002, 0.006288947402280542, 0.021263292016572063
-0.025224487618000366, -0.025246075491358214, -0.0160295823223021, -0.009779057916843832, 0.0012220024684065033, 0.006301172263293562, 0.0166850331970367, 0.027898027363473545, 0.04239384118056337, 0.07511120944599631, 0.028896543342919294, -0.021974633938205625, -0.030163981016105432, -0.035684003019954814, -0.034406007938918494
8.000293389649569e-13, 6.480187049348661e-14, 3.8706164690745897e-13, 2.761441111068779e-13, -9.811885883260903e-14, -5.490367438229315e-13, -5.907383910691978e-13, -5.625157689989968e-13, -2.875331370339521e-13, -6.340237321142313e-13, -4.1937770656661687e-13, -2.97154546688034e-14, 4.2577205744955935e-13, 6.691654793938161e-13, 5.477881763150163e-13
-0.0006096650487715062, 8.880894120022393e-05, 0.00016750570621658532, 0.00015274984497145772, 0.00014799139988049692, 0.00011969921899013612, 8.047790120633353e-05, 6.52252678772076e-05, 4.263801886727403e-05, 2.022843211624502e-05, -3.795469551718663e-06, -3.352100314753005e-05, -6.678290370482192e-05, -7.478895531967386e-05, -9.677135083066873e-05
-0.0008063151674528366, -0.00037804053556663917, 4.003307166312806e-05, 0.00028329158974084, 0.00030271780617802037, 0.0003922781785390521, 0.0003264295115204069, 0.0002928058594600705, 0.0002922981323294284, 0.00020098858117043484, 8.451664063927703e-07, -0.00021806706202028158, -0.000239741880676833, -0.00024085123545576482, -0.0002486720158353899
-0.009044284530111149, -0.0036333929303389544, 0.0022814997344763454, 0.00510693253624945, 0.006228134502665607, 0.0030234555948379085, 0.003077688047154994, 0.007870636643534604, 0.005208877110162221, -0.005691193124345191, -0.009170108062676983, -0.009644944463377606, -0.0067532229848426455, -0.002584154887397865, 0.013724076814009343
-0.0026523313196706233, -0.003491063466146005, -5.712062654574866e-05, 2.509302201302879e-05, 0.0024286995586169104, 0.0032643979283519995, 0.0013565964959470318, 0.004017170232388908, 0.0043824593839830355, -0.0018114822619230855, -0.001848737001515378, -0.004224435384548737, -0.006802060002094973, 0.00672137644567441, -0.0013085630045303687
0.005698655042543751, 0.00341712157871416, 0.0008165327913553339, -0.0001277607912993231, 0.0002419070201460494, -0.000889880755757707, -0.0038483909166843362, -0.0044843046494477306, -0.004218923592737324, -0.005767610028132623, -0.0055162121835320415, 0.00012790998136347862, 0.00404411938325768, 0.002914812289706523, 0.007592024830503772
-0.015277332048288354, -0.0071282002829516, 0.0016621007127414734, 0.005299300401384658, 0.010836979834577798, 0.0009075942205339328, 0.00884089831430705, 0.01192621003609368, 0.013643400475430504, -0.0034526498296694316, -0.010336375556727336, -0.013906686188954546, -0.005695480541194032, -0.012577695539491996, 0.015257935992208078
-0.009063437913356533, 0.0010342918868302168, 0.0026070860827750978, 0.0018452396967262715, 0.0017448465482515284, 0.00278373384981419, 0.0024578386964519807, 0.00036625425093182495, -0.0001223835136662263, 0.0004642868565879736, 0.0007365846247220547, -0.0009407342739220059, -0.0017377474759266616, -0.0011046667842852856, -0.0010711925319345419
-0.008113193756938919, -0.00348435361114305, -0.002208237030502608, 0.0015815622227314354, 0.005360427616738533, 0.006225568809241868, 0.005289012027503988, 0.008434282981118814, 0.003141133683530658, -0.0036363878855377126, -0.006255743258843874, -0.006982890026556996, 0.0006479578787152639, 0.0010073616036849157, -0.001006501253742309
0.0032645412184876665, 0.00026649956871659596, -0.0019657732518180574, -0.002011918756961565, -0.0024871140095413607, -0.002875864632870222, -0.0020418361689574873, 0.0011357273155740788, 0.0026129796477433586, 0.0042501133465212846, 0.0033990790194138643, 0.0019881064434910576, 0.001458969362118343, -0.0037161849212924286, -0.0032773241806248778
0.0059027551603036636, 0.005522407080637176, 0.0045338358151085535, 0.001451192870323568, -0.000989945936895181, 0.001975502063889864, -0.0013472961266367692, -0.013707829633680802, -0.01688136573047888, -0.0028008858395818987, -0.0024088311559581975, -0.0013902033497643514, -0.00258378304429061, 0.008320225937896768, 0.014404221889127199
-0.009890672374668301, -0.004873532396995877, -0.0013706288114314921, -0.0013703406964520194, 0.003165743128774456, 0.005499043246832501, 0.004851120465780796, 0.003931788797332766, 0.006969009392177287, 0.009074932389271003, 0.003279154601392012, -0.0006559375103935626, -0.001938530329575013, -0.008594141527017466, -0.008077008375027287
0.00039394607057221636, -0.002093345407431112, -0.0003182869201813211, 0.009308392944915535, -0.0038941269559413906, -0.003906726055180363, 0.005196911505059708, 0.006692191823100302, -0.004698287887307001, -0.007151706628549176, -0.006492366093944141, -0.007351993808164981, 0.007612583164654361, 0.00555507514810791, 0.0011477391002896542
-0.05187077755812261, -0.02129068916964865, 0.008360737414553523, 0.014622387826587313, 0.02766998924644669, 0.0026507781793252807, 0.033279471074185926, 0.04816479104729203, 0.03309691566758065, -0.008757133032064407, -0.03183180261407228, -0.043814362818733105, -0.014525076069270233, -0.029126849845009704, 0.03337162065094989
-0.027491090354779618, -0.01787763238009482, -0.023133440277325803, -0.01558772945507575, 0.0031850629688481577, 0.029686317028963738, 0.024708085689817364, 0.022683799942626273, 0.047624905718719385, 0.05421982721904047, -0.0019533751894907415, -0.022064317752068456, -0.009521874291632489, -0.052926342634273246, -0.011552196233274496
-0.018049484783708238, -0.01095265587941479, -0.011215039976706255, 0.0027859151230866025, 0.009074288091158088, 0.011264719840964757, 0.012378977359757074, 0.011030097967822764, 0.010548478049989728, 0.012063495625812767, 0.007883247835036675, 0.00010951158533595703, -0.006416229549230026, -0.011992550788945287, -0.018512770500959664
0.0029117040638655728, -0.000590235674608175, 0.00032814921318711533, -0.00019836293966205335, -0.0025498783725181953, -0.004089582520874404, -0.0050822334802531136, -0.0070395704119140794, 0.0044621368473892085, 0.010324292213555216, 0.008255746969284815, 0.0062988878835815295, -0.0032300611096364893, -0.006460515668423491, -0.0033404770129736847
0.00012670961653047839, 0.00012361387855751305, -0.0003101849387123651, 0.0029729075936605707, 0.004382374892573221, 0.004259307163253215, 0.0016374842437445578, -0.002273555029690224, -0.007624680315970626, -0.008675679194441207, -0.00420876064021145, -0.004662796496784938, 0.0018706934191338401, 0.004505341625434972, 0.007877224182922518
0.0250927452637899, 0.009213692022521917, -0.0039966822395657445, -0.006980741206882091, -0.008721549606667713, -0.011126736170385773, -0.010404140894671628, -0.009219734489001858, -0.006408974201459433, -0.002252197068998681, -0.00018549841659499586, 0.0043837948352670715, 0.00827880192681815, 0.009547136205875925, 0.002780084039954936
-0.034458924015417926, -0.0176209198247124, 0.0033547168876928006, 0.024733207687144848, 0.00257464656722327, 0.03231853276638408, 0.030176125831597306, 0.020456979067576014, -0.00966133225664485, -0.01909006014872073, -0.017046570516137973, -0.014238965399758741, -0.016042006434949883, -0.005640628552093899, 0.020185198340818094
-0.0016527406130041665, -0.0019303050618949876, -0.003489497904000396, -0.0015613179977695601, -0.003127137428392406, 0.0010746522042935618, 0.002140846300907597, 0.0061221198011323615, 0.007615281640703833, 0.006461881561020698, 0.0022697854240639405, -0.0025399840722570093, -0.0007583582871831101, -0.00904486791418663, -0.00158035765343364
0.0012503501635161632, -0.0012051226448940725, -0.0016577551047082099, 0.00035263037664515803, 0.004867952791269191, -4.897039560212265e-06, 0.004254027502131032, 0.001939927197751754, 8.261621881065855e-06, -0.00331262817436864, -0.008371845826990847, -0.011266760866358617, -0.00198370415523089, 0.005697299607897617, 0.009432264551019783
0.03855405417919144, 0.02640282929056744, 0.008375597740605291, -0.013531697202502108, -0.022704397792953235, -0.026615918098569617, -0.02035516091399289, -0.01773299995060682, -0.012573701533718739, -0.006653614828806328, -0.004037335771256183, 0.0051443495077257515, 0.00668327629082013, 0.014967510163605842, 0.024077208919890316
-0.02025751451434251, 0.0005272649513537053, -0.003142257052252963, 0.011847139155081043, 0.0032382666086243593, 0.008855086138646249, 0.014986126558383899, 0.017966368907547128, 0.014804430278998177, -0.007070677821424327, -0.033809141446662305, -0.0152772476267064, -0.029127173169942167, 0.012256739040165946, 0.024202589992530193
0.014866867018842015, 0.0041535728398839665, 0.0002221053384866017, 0.00016944372845414783, -0.000700910332190965, -0.0068800612702912475, -0.012523859810521384, -0.006478976560914764, -0.011678660121677717, -0.0162164967237274, 0.0034558892223406144, 0.01656858809856068, 0.014435960840261542, 0.0065648403911274895, -0.0059583026586334294
-0.04265739191165429, 0.004903970649121349, -0.02813562163889877, -0.0035320315511931256, 0.02365668920340544, 0.023168230028057353, -0.004009519564013936, 0.01891472276397744, 0.04199184612847041, 0.04480332057451401, -0.007673097639425249, -0.008304394080067909, -0.01640879981636994, -0.023020697280556602, -0.023697225865366146
-0.027465275430716862, -0.0068643627253034125, -0.004818211600035226, 0.017502211919014257, 0.008495643143565606, 0.013301975887103553, 0.02409788257114968, 0.028038250355284393, 0.020435644077010567, -0.015414252701082484, -0.0442805905421218, -0.022079889990499785, -0.035346230793953944, 0.013831644845712775, 0.030565560984872536
-0.022803756507089486, -0.01483219387682075, -0.01234191317051397, 0.012111561469472464, 0.02339257082255139, -0.0045620751209191224, 0.011546530213883728, 0.02131584685413488, 0.02755601996250498, 0.029616722984216, -0.008332422744194825, -0.026055802895907115, -0.028104314658666047, -0.05321731416164028, 0.04471054082898809
-0.054927078106094075, -0.0236107992955951, -0.012529484110911046, -0.008622041260466104, 0.021058924019482977, 0.02951241804132324, 0.04931135922814101, 0.023742657307627372, 0.013254868586561724, 0.025402806727488625, 0.02047108881151051, 0.0078045526393563545, 0.0010384856324892773, -0.029692959607049586, -0.062214798613865314
0.15789789377981345, -0.04779651014898974, -0.04081482679396558, -0.034213145204577244, -0.026247112620112215, -0.02268447774659892, -0.023258931475351602, -0.01684293563649505, -0.008245560995091498, -0.0005566076587554748, 0.007931404890191774, 0.013597883960039829, 0.007967498574838154, 0.011312200649965784, 0.021953226425087867
-0.06412595287751169, -0.018648072996931716, -0.05249595807791131, -0.026340301257215624, 0.038735002153634665, 0.02838619770969968, 0.049958896415439, 0.0760602856694651, 0.07078824402725893, 0.013426663936292545, 0.02616234095164769, -0.005395670982998391, -0.0039024096440980517, -0.08755618733824394, -0.04505307768852697
0.06415129934709472, 0.015816351259330067, -0.025957573244783823, -0.025904954421319515, -0.022157593710465894, -0.012583023091772668, -0.0045606732987788666, -0.006686174297894996, -0.005378028418109824, 0.0007206083984387869, -0.007170743827684165, -0.018584748318216365, 0.0035951194006985914, 0.01673848172786557, 0.027961652495598316
-0.0019569211073453504, -0.007919008220590208, -0.01681222241003964, -0.021856290346063904, -0.02059395307402358, -0.014955554645855077, 0.02019841266049606, 0.03556934638325046, 0.04484221703474551, 0.03766960190270099, 0.022051381196677364, -0.00030305797521554755, -0.007479319303166855, -0.02726236229281099, -0.04119226980275927
-0.008055324110256524, -0.020305398778582357, -0.02695863182206841, -0.015392089426960572, -0.007007974064803961, 0.006502058401565558, 0.016419275342343168, 0.03027006743034545, 0.05331127349171533, 0.0574296012254779, 0.025576734811987047, -0.026564739000295705, -0.027302614244738222, -0.037145313325936236, -0.020776925929793244
0.1646109992961791, 0.09783191609549298, 0.03980235400258655, -0.012621745990301404, -0.059237765287092896, -0.09468334205211382, -0.11333552986848211, -0.10956510386881281, -0.0971440876154876, -0.06079536511137912, -0.02874538342329422, 0.010653385828166067, 0.041699048077132705, 0.08947438714809414, 0.13205623276931241
-0.00034762450286439264, -0.00016721275945429342, -5.7689017831585624e-05, 0.00011641250132569876, 0.00016814733223119126, 0.00016791886607610854, 0.00017759705527719383, 0.00014713485698988438, 0.00010182371912689992, 6.051504288443278e-05, 3.150016834455533e-05, 4.2152567754115374e-06, -6.302195504331667e-05, -0.00011734400854148376, -0.00022237255529632642
-0.0038184131887076035, -0.0018001724368765064, -0.0017354621229882005, 0.0021056344423179356, 0.002949268911358553, 0.0038720190690105637, 0.002095441545794914, 0.0032433834238942347, 0.0012434135519801394, -0.002293519709036654, -0.003949660973663437, -0.003970783846973438, 0.0001132472144467689, 0.002207134103345364, -0.0002615299839026614
6.647254039003502e-05, 0.0002275354624496803, 0.0002287187904991396, 0.00024260122467561503, -9.576293341784509e-05, -0.0002294564198758954, 0.0001400186946921107, -5.727434518364399e-05, -0.0007102489867198514, -0.0013737474739463134, -2.4242784826939822e-05, 0.0011257794423303158, 0.0004287015827235304, -5.846625997006345e-06, 3.675183220709627e-05
0.0048894140453097645, 0.0032985327125660026, 0.00010950974874554889, 0.0012020954343864541, -0.004951891701288229, -0.0016511790333335573, -0.006124116337004874, -0.0013703514116911626, 0.0030507480742686006, 0.0028980844696422474, -0.006716726515387097, -0.0041147662142013396, 0.002607547993819778, -0.0017037718474400589, 0.008576870581608005
0.003393405522749141, 0.0002566921937075065, -0.000393881985161948, 0.0012419774945865902, 0.0030991038332379896, 0.0005169789838857218, -0.0006868871240863525, -0.0004284342252718461, -0.005241680230438032, -0.005273925859850773, -0.003928530622188502, -0.0060467295849171215, -0.0017009563898185906, 0.00814637763207265, 0.007046490361493612
-0.014678251632414142, -0.005932703231677779, -0.009114560060915475, -0.007334081865572682, 0.0033348095019521684, 0.016385354668351743, 0.011892652580040484, 0.006190826221423019, 0.019776098494311414, 0.019150069126293037, -0.0031320267639730337, -0.0081828311496394, -0.003294691655390234, -0.01736395788881972, -0.00769670634396924
0.003054955505488098, 0.0004891685482772871, -0.0008386536340675994, -0.0009629953781486139, -0.004856943264077363, -0.0013254957879370265, -0.0001206877856587186, -0.0010641746725447232, 0.0007849276389513319, 0.004145825090700127, 0.0025712037981139267, 0.0019664084714857933, -0.0008435523554475286, 0.0005062171060689097, -0.003506203281204174
-0.0024010685499834808, -0.0009965967575190256, -0.0008214420433641665, 0.0008057311701595321, 0.00231115055470631, 0.001456654087182091, 0.0010738670069751848, 0.0005974856965801164, 0.0011329019938026512, 0.0012577470636016806, -0.0012185700475984165, -0.00236409000808549, -0.0010964519922838224, -0.00035644214903966874, 0.0006191239748664867
-0.006608043422170324, -0.008164216553395866, -0.0063227731780364175, -0.008160806276471026, -0.004150027007109468, 0.009100434178469393, 0.012208021489474426, 0.01366117433960669, 0.01823030275152671, 0.016140256491360562, 0.0002783070340103824, -0.014549989468301917, -0.00369328685637175, -0.00956624453037961, -0.008403108992211973
0.005480343820094966, 0.002455808524371941, 0.00012085365928734106, -0.0035078850968069102, -0.002554649379784222, -0.0002861787443834765, 0.0005456228058036009, -0.0022351151386876726, -0.0008927006517085432, -0.0028262730514650347, -0.002033692788564672, -0.003406014369616283, 0.0008784232912887979, 0.0039726307250489735, 0.0042888263951213566
-0.006182307077396864, -0.0030183539995707184, -0.0030925951388210164, -0.001991936206001622, 0.00010905425360782824, 0.006088177112722556, 0.0059691350879981665, 0.005312673187654887, 0.004893446296714585, 0.0035809722106861057, 0.0016037189493364598, -0.0007855160828756755, -0.0012153671762656485, -0.004905720588212037, -0.006365380829577164
-0.003846496053450791, -0.004683694622746818, 0.004273879625308501, -0.0025750874615074228, -0.007088266306511734, 0.003923473021699238, 0.00369116785132539, 0.010409680835149553, 0.01172111381500198, -0.00623369359763104, 0.006260738001271306, -0.008517131187354633, -0.002748361461843686, -0.008200371791116937, 0.0036130493324071046
-0.0008136020892507408, 0.0017261138449070012, 0.0015545915419048779, 0.003135749624722449, 0.0005782350111294308, 0.0014318251356866397, -0.002499151064367413, -0.001595418448785104, -0.004701979743231069, -0.00578959982961952, -0.0019048511190669923, 0.0009360064585799727, 0.0039796669127143795, 0.0023068950974581537, 0.001655518667217935
-0.014322037412055377, 0.0007592033687647175, 0.01247998018368561, 0.003429465099993211, 0.012910007492135837, 0.0010049529763157265, -0.012705130753262312, -0.019319430279425162, -0.004831367369294225, 0.008887895018919392, 0.007994260980207578, 0.013663951388796693, 0.008832265293267378, -0.004197291608032474, -0.014586724380016841
0.0038457902685021103, 0.0023712180300652953, -0.0022730185894573856, -0.004080373608958331, 0.000273001256112744, -0.0001687730822692449, -9.541067868042239e-05, 0.0014163161765559946, -5.825260006078227e-05, -0.0031109794474635886, -0.001309558641842813, 0.00019219970028072544, -0.0013745619954932745, 0.00044662429019661637, 0.003925778922512273
0.01569362375694279, 0.005196182162916913, -0.0013644260976453716, -0.0048170875082929445, -0.005983523271275822, -0.00719140124588788, -0.006114532795786658, -0.004401024480148065, -0.0036705144682636463, -0.00069402835564162, -0.00045854892604755843, 0.0014893866182672014, 0.002512725598099143, 0.0042150659419047465, 0.005588103070858439
0.006313334500132896, 0.003718668144589512, 0.009876362107633346, 0.011829694415458222, 0.010583492599680526, 0.002061509603550912, -0.003312578710783165, -0.017729127091335135, -0.027336287109620917, -0.02851192280891502, -0.013342267499792478, -0.00873560306972919, 0.003041931035025768, 0.020913007994289287, 0.030629785889815388
0.0010698599779200534, -0.006456599885903138, -0.00011172276992235664, 0.003861479984677065, 0.0024912016569457966, -0.00033540488013130906, -0.0049642050282592935, 0.0025667625610262153, -0.0007271579213035777, 0.009953477828283036, 0.001598789893989103, -0.007499719748875534, -0.0011375862886128952, 0.0006498125183916192, -0.0009589878982255995
-0.001893678229082683, -0.003355839778185884, -0.0016419780641526928, -0.001591580647262133, -0.0007944623907887851, 0.001365073265332034, 0.0014436550702183215, 0.002857121914883909, 0.005397369070908351, 0.012125484398990466, 0.002855826189141352, -0.006642957348916288, -0.006650783096765077, 0.0002539038305648753, -0.0037271541848859996
0.006099006811378966, 0.0018202944171288723, -0.0022967417564221607, -0.004448183801885924, -0.0027580671817307224, -0.0024960492833164265, 0.0006418486048123742, 0.0011044438273279953, -0.0005772838155233225, -0.0007656588983519304, 0.0016097587117079224, 0.0018954229693332412, 0.0009635486920410194, -0.002140183900821755, 0.0013478446043221153
-0.0031111470052690784, -0.0017177761276624, -0.0012966910259809632, 0.0003327122499388516, -0.0014748250373759863, -0.0009293443902948924, 0.002097334865482728, 0.0035185286935627497, 0.005571709264619281, 0.007252787971585542, 0.0005237411677132655, -0.00135500648978047, -0.0022146100267476333, -0.0038033451902257914, -0.0033940689195653745
-0.012817416856541142, 0.0005133215347631261, 0.004186958535548192, 0.004460804101837302, 0.005312946583334015, 0.002873230192463587, 0.001845111486833977, 0.0004490911653214207, -0.0014344876644056261, -0.0010351542145280337, -0.0004944435322455586, -0.00131883843030569, -0.0015232181742310677, -0.0006713362971331148, -0.0003465684307115318
-0.006187215129837316, -0.0016113340724154693, 0.0021914537619468683, 0.010198944774056664, 0.009153811701582661, 0.0008332184768804272, -0.003665497610924001, -0.0023614409967520475, -0.004502326762262121, -0.00876728216192358, -0.004679359497783501, -0.00030604252311100457, 0.0024419707233145687, 0.0015014971550717058, 0.005759602162156079
0.005728201373667059, -0.00414325150918062, -0.0015601608573138667, 0.012065364962099366, 0.0025806341293227834, 0.0008142853200297684, -0.00027515565080090234, -6.826858668827936e-05, -0.005371507623989413, -0.01809811972872242, -0.011143869386094515, -0.009645625506723862, 0.006527228178475006, 0.012392124327562834, 0.010198120558357442
-0.011767129133094585, -0.006404387524579025, -0.005196494529706417, -0.00048030635930615536, 0.0022220234701968433, 0.006458384577236306, 0.009112757604193063, 0.010539608575244757, 0.012039102539362256, 0.007189556896996698, 0.0027258022876005578, -0.0031254669886085005, -0.0020849489289244, -0.016926176813540514, -0.004302325673070728
-0.0262396676798917, -0.0004232463088735055, 0.0037218075842792176, 0.005988153030262365, 0.007057132413539724, 0.009819929602867213, 0.009804387905680311, 0.009127174013381732, 0.0033033608238775087, -0.0018363207963114558, -0.004006497759346049, -0.00735106713149216, -0.003947744410055765, -0.003613716420449769, -0.001403684867467695
-0.028135480651238193, -0.011548853468639288, 0.003040159902866284, 0.01006090290847274, 0.009466811767512186, 0.012708160806475622, 0.007950514950391212, 0.006530286022944417, 0.007878644151115544, 0.005446703081932431, 0.0021281864526481085, 0.0030289975830361275, -0.0008129854816272229, -0.01195686122789472, -0.015785186797995218
0.04031253538653345, 0.014724289269889577, -0.005803156162200654, -0.01577202348786694, -0.015002179250480748, -0.012544562142571674, -0.013942411489196782, -0.011299618837570899, -0.0077525526813668755, -0.005992119483838581, -0.0029678771474823877, 0.0019534500869027673, 0.006087036654120267, 0.01121135048581031, 0.016787838799319325
0.03038160457128354, 0.0006207700485792922, -0.005625981457261398, -0.010908236026780121, -0.012149780078556823, -0.013565625403359649, -0.006576926202659128, -0.0003462071892490438, 0.0024954589657225205, 0.0028323215746234335, 0.0017766384966857, 0.003894552184443853, 0.001715703149430476, 0.001361210007652086, 0.004094497359445313
0.012078338183504532, 0.004438752454961805, 0.008105120661814198, 0.006616754888231158, -0.001385586373650178, -0.012068444279469352, -0.008215858171153436, -0.009769658209821834, -0.00917069049332393, -0.00884947598143888, -0.010734128078494104, -0.01273603354845637, 0.010041827955353496, 0.020072546809603492, 0.01157653418233952
0.01569433673820347, 0.011323135176970135, 0.012746782118629667, 0.009397594217252565, 0.006513820980946255, -0.003751029136330228, -0.015469387820910074, -0.02762126012948871, -0.03368978336411843, -0.029326479804233786, -0.01705394566575124, 0.0054915433919566145, 0.017517827857146652, 0.027945178421140113, 0.020281667018587322
0.015350155447807682, 0.008895344410665024, -0.0027555160263169065, -0.005802729019366171, -0.00491180674097666, -0.007458614746267701, -0.0038326446384678095, -0.008654015926668009, -0.010277179843583796, -0.006844257750424005, 0.004720148307787228, 0.015254495420550738, 0.004256756324658157, -0.003433797687022606, 0.005493662467624786
-0.07090049111385299, -0.03367267512131082, 0.0133234429098307, 0.021805485466942956, 0.031637138988247465, 0.029047055372777564, 0.023356926186433202, 0.019841816083965368, 0.014615031825144741, 0.01469091006235167, 0.009981259922797064, -0.0017876053789004963, -0.02278487369937144, -0.023070230618424226, -0.026083190886630664
0.05322088542341354, 0.020620935931856266, -0.005446518083231065, -0.020459732034644122, -0.022872220716955823, -0.022594655962609206, -0.020430000801538516, -0.011995548837105111, -0.011287321098428874, -0.001037428028475165, 0.001097278661415237, -0.0009487590280501008, 0.006500975048165202, 0.015099944518127646, 0.02053216500805973
-0.02816278887335069, -0.009286520568070868, 0.018459861229468005, 0.02158428947999288, 0.016714353069729678, 0.013301657318464829, 0.004349897528968805, -0.006132222557084557, -0.011879519483043449, -0.018772629582956515, -0.012060784798950135, -0.007342283112175064, 0.0014574529329162713, 0.009821571162192752, 0.007947666253898332
0.06270953957724448, 0.03529425393292346, 0.002172488179398949, -0.02364045826053332, -0.028906908206852645, -0.028602801007729745, -0.02742716062421901, -0.022549311807860142, -0.02142973348702338, -0.013806612298824331, -0.009475166141468632, 0.0001558207966863203, 0.015654915794603295, 0.024707919293387344, 0.035143214260267064
-0.11032155288528782, -0.028720594668856844, 0.01038019900947934, 0.03831029051738323, 0.02953379626290979, 0.05114841124943426, 0.02265709077908907, 0.03201697387382614, 0.029041583583930997, 0.02840771639744219, 0.002263143215363015, -0.011469790332925865, -0.02303115080468971, -0.03402430368339035, -0.03619181251370708
0.18749139996642528, 0.12784451316773668, -0.07895550223542083, -0.09015645913989076, -0.08162315359344165, -0.0713883792770165, -0.0612731354531404, -0.045815982664242694, -0.029265872369514133, -0.01498441615453847, 0.003009472382671341, 0.01758826674963626, 0.030575376233864728, 0.046516591098158706, 0.06043728128871251
0.022486651194788116, 0.002573307777323265, -0.011259507916144239, -0.02009957002055901, -0.01557285815695517, 0.0013085310220455407, 7.338294011525678e-05, 0.0050537390215004, 0.00885956013897005, 0.02335449671431404, 0.010910668540960074, -0.011156618221261214, -0.018101220856358242, -0.027968409105370535, 0.029537846926631604
-0.001945895250126369, 0.0003477036123578817, 0.00047005909600168235, 0.000552255379572649, 0.0004187447157592367, 0.0003464051528426652, 0.00026695336318139365, 0.00017042696745158791, 0.00022426997815564427, 3.8218045986142925e-05, -8.790411691439558e-05, -0.00010102744364429084, -0.00013459638169530049, -0.00023965953387474585, -0.00032595358505377954
-0.011419512298002078, -0.004945436116062982, 0.005684936342813139, 0.014345095590651589, 0.009976952316350839, 0.004374972498952268, -0.0006934587545739554, 0.0012456592700929097, -0.00949448297053402, -0.0075327096612306885, -0.01005733989105689, -0.002941004816510155, -0.0025962440240786017, 0.004707641753058277, 0.009344930760130394
-0.0007405435777769115, 0.00014714288358253085, -0.0027886758218787435, 0.005624022334677359, -0.00615944575702593, -0.007914501394421604, 0.003473098537701383, 0.004560046839945085, 0.005999369822047651, 0.008064941250789767, -0.006055654469632982, 0.0008582706430356237, -0.00015098131198756497, -0.0011966858906094294, -0.003720404088446221
-0.00193880650588269, -0.0006908661531992946, 1.1468795029101967e-05, 0.0009218563262070231, 0.0005441459799294876, 0.0006329053108425612, 0.0011478630400517905, 0.001419832481683384, 0.0006990291267385575, -0.0004736262984144367, -0.0009796488105895214, -0.00041859022393950994, -0.00012252273181547756, -0.0008194652343053149, 6.642489766436928e-05
-0.0001263249059779902, 0.0004133993151117668, -0.0009529263904492546, 0.0031170269667252473, -0.00263507627611289, -0.004489528414623852, 0.0006690683288373833, 0.0013955608514018918, 0.0031244908930473823, 0.003496063857798164, -0.003749515616674684, 0.001117123973693569, 9.799964358113815e-05, 0.00040065015206418563, -0.0018780123784220535
0.7542426949967905, -0.21540024484099793, -0.19062623048144056, -0.16576916848203846, -0.14086673738524527, -0.11601550226314376, -0.09120856886812317, -0.06634823210206547, -0.041529873321678346, -0.016727487405738706, 0.008259314322173967, 0.03313268989067515, 0.05805078216316553, 0.08297392760951557, 0.10783263616815088
0.0015945977423164912, 0.0010238089367883576, -0.0006049527757853471, -0.0021465878596906175, -0.0023153036983833302, -0.001694012096811905, -9.651113620521024e-05, 0.000462781912308273, 0.0013880611417412428, 0.0022677481711023953, 0.0014166591117302327, 0.002027734395359521, 0.0006793804296081347, -0.00160593144420898, -0.002397472829869182
0.005152914644611676, 0.0007635083009228216, 0.002468271927307675, 0.0008341607534797217, -0.0026166624567700875, -0.0022760683837235673, -0.00131533459975009, -0.00554319941949353, -0.007127134761544895, 0.0016169245181465526, 0.0008458770845632846, -0.00029194547987832127, 0.0014901957190249116, 0.004304991045007829, 0.001693501108096011
0.006418902139850137, 0.0007587208124607485, 0.002644235063649364, -0.0006107831552357843, 0.0002195380854169778, -0.003298862067392948, -0.0019915947808539455, -0.0003422196754427611, -0.0025312459398928342, -0.008839489763991928, -0.007329511447448145, 0.00041612637519149084, 2.2987045482919523e-05, 0.008491084183773716, 0.005972113124432626