
0.003218514486379476, 2.909805890048509e-06, -0.0008362584056365935, -0.000955212410114788, -0.0005091513398806689, -0.0007535609843455219, -0.0005296769474488458, -0.000192341527280464, 9.051697099849449e-05, -0.00017935469114563406, -0.001158391470890276, -0.0008575028787859786, 2.7644224297754088e-05, 0.00040723332254962726, 0.0022246318454133707
0.0003167046325257201, -0.001390408256081634, -0.0002623267579322113, -0.0007715156474319536, 0.002548316975959795, 0.001983984904453969, -0.0034785196703126177, -0.004928988895249289, 0.002290161607785322, 0.003339108347832583, 0.0024628990426682697, 0.0017011446096190867, 0.001118961034614932, -0.003361382034433961, -0.0015681398940180684
-0.013852370522638312, -0.00964358240412823, -0.009969389197296022, -0.0003311406270610047, 0.008207387888293286, 0.005731273082125331, 0.005820688126428495, 0.01107736728654711, 0.014481322283161976, 0.017232244417012533, 0.004611486302518804, 0.00160294796079519, -0.0009881534236691953, -0.009515074832649297, -0.024465006339440747
-0.025673887841558378, 0.001903439126787613, -0.022049125223988855, -0.011511199210613422, 0.013346590210799389, 0.01790243114838955, 0.004518749430098975, 0.013149727822238748, 0.03184070368671911, 0.029070730303006588, -0.0034510230213988915, 0.005365797599203032, -0.005404112470455793, -0.024766406908219633, -0.024242414651007967
0.2930850199935216, -0.08373873851304192, -0.07399122890819114, -0.0642224352758538, -0.05444577033582833, -0.045217346864288625, -0.0353211429169853, -0.026516890443435522, -0.01586013427976415, -0.006522348764772875, 0.002677986202594758, 0.01260034519153039, 0.022902215545732095, 0.03281119529575305, 0.041759274073029456
-0.12399429105777295, 0.03675333013938974, 0.03225760333005344, 0.025386379690497413, 0.022140201361468433, 0.017040164284070142, 0.014560624947458606, 0.012408479451363162, 0.0077843224030141895, 0.0039389165302607726, -0.002074919560407993, -0.004517162816948916, -0.009107742821291141, -0.012656346204213397, -0.019919559676941583
-0.00268223943073647, -0.002199659914152609, -0.004651882428566552, 0.00418661440685106, -0.006648968064420542, 0.006203709085640403, 0.0034065781883032965, 0.00472448093234639, 0.005541412421943257, 0.006676390765801296, -0.008247749526656453, -0.0009325182987679981, -0.0018087007436518442, -0.0009754054481102609, -0.0025920619458229682
0.034732884550939626, 0.023994652921142737, 0.020208130702978156, 0.001529626597561131, -0.010343691838504592, -0.026410083553609992, -0.028614838787726585, -0.021180761883925366, -0.023572415116325667, -0.03558356121120241, -0.01904405687685969, -0.00019607499713208965, 0.015109754798746908, 0.026694620815214124, 0.042675813878703936
9.151474155839141e-05, 5.940669132132187e-05, 5.499846251129455e-05, 2.903192563454217e-05, -3.688895164282308e-05, -5.399194894040762e-05, -8.124121322339882e-05, -9.831564010433139e-05, -9.012258277178127e-05, -6.901742134232834e-05, -2.2597243163013014e-05, -4.828854077875695e-06, 2.1950692667968042e-05, 0.00010692689519072424, 9.317444638163614e-05
-0.01905416959223445, 0.0027263271394638057, 0.009297364344410431, -0.00722025809895826, -9.881772157807068e-05, -0.010286792078154212, -0.005577319454583766, 0.01534237206316601, 0.02202084345630106, 0.015209145827972071, 0.004875637635302628, 0.0038323632734441073, -0.0007868132881463784, -0.007634958115371602, -0.022644925391033383
-0.001793929961639132, -0.0010533370851328581, -0.0017248468348575834, -0.000728572987660204, 0.0010679779942206413, 0.0019626817183947013, 0.002078807366557828, 0.0016093492836090197, 0.0014542973474526253, 0.001749246152303493, 0.00016218657545960812, -0.0012336929114898155, -0.0010984626285495617, -0.0009417100297594991, -0.0015099939989092885
-0.012513466438880695, -0.011060822465248503, -0.006958316359385813, 0.005681419390653294, 0.005999590699982321, 0.008461598205606605, 0.014590157903082834, 0.01319164724194637, 0.0034605970516651974, -0.005895766448520992, 0.002056400605565481, 6.807329942123088e-05, 0.002181392294625681, -0.009307036537728847, -0.0099554684427841
-0.005059890478347757, -0.0037005471647655027, -0.006320266215849073, -0.004752622658361748, -0.0023079250968188704, 0.0033092590402618353, 0.01154731374938885, 0.011210880481357688, 0.007579199190059999, 0.0058621037505318515, 0.0017643482217301542, 0.0005106076131945545, -0.0035208754759205457, -0.00682430875547614, -0.009297276200985244
-0.14501930335547308, 0.04426863797134879, 0.03940165780531643, 0.03206617220602861, 0.02628556477298458, 0.02107509492323463, 0.014513371473575091, 0.008442245684070697, 0.005184163521716584, 0.0037082586890476747, -0.0004834638780676914, -0.004029827015781068, -0.009156446793229281, -0.015814072626540172, -0.020442053378231594
-0.0011320707238064638, -0.0006017026530167551, -0.0004033919293662576, 9.399863618735782e-05, 0.0006900887558940326, 0.0006418067114825612, 0.0007908933230088361, 0.0008734906833400391, 0.0006643207484102829, 9.177979274630045e-05, -0.00016381312308104282, -0.00014870217389992177, -0.0002381734715794824, -0.0005080040499021107, -0.0006505205264173672
0.017074982396786495, 0.013320122871872054, 0.006500883635292594, -0.0040093992224182855, -0.0038415712574633065, -0.014332144621054189, -0.008664934013288293, -0.006409811482179718, -0.010316426283440467, -0.016694631843770437, -0.011330448859181804, -0.0007364231290806715, 0.008408716265448585, 0.011559952791996715, 0.019471132750481023
0.46262057797897993, -0.13208698549887468, -0.11671571648295301, -0.10343964643013756, -0.0863152582153629, -0.06966168717472752, -0.05550170051658689, -0.04073930120291916, -0.024973464257611096, -0.009308894932067779, 0.004144498738000533, 0.019232694993693473, 0.034476076931704354, 0.05132093399542321, 0.06694787207343923
-0.015898242014375168, 0.004117000675108655, 0.0041068762481210825, 0.003611564637587634, 0.0030846977244278506, 0.0023468169775142213, 0.002196365067375966, 0.0013038817957828992, 0.0008617993487051651, 0.0004849851040195685, 0.00012341105011188028, -0.0008505216068015716, -0.0011859428940144598, -0.0017876849218144257, -0.0025150071917493092
0.006840524976030435, -0.002937480073194789, 0.002192002766492488, 0.003955761695865005, 0.0013197768926304985, -0.003611596312421557, -0.007835697928249643, -0.001044564043180773, -0.005482544521373718, 0.004010145592800102, -0.0018115969228836742, -0.007802551491851902, 0.0006513806453779049, 0.004102429089006472, 0.007454009634952764
0.0034224036879019065, 0.0013221705284622335, -8.771787959123967e-06, 9.931917853365784e-05, -1.1441550603592785e-05, -0.0017028472638094118, -0.002055034820082593, -0.0012181118544960547, -0.0015231063242655022, -0.0030900562137713907, -0.0014701718301653541, 0.0003086287372786911, 0.0009123352160463306, 0.002037034104638966, 0.002977650192291097
-0.016344885816299018, -0.0068600579943378015, -0.010670875049282954, -0.007849886833582601, 0.00441176440394073, 0.01905869957939598, 0.013613025761014004, 0.006209695786927168, 0.021390171632791305, 0.020248064289854477, -0.0031102394653781534, -0.008872315184720873, -0.0036888110937843646, -0.01875543137796773, -0.008778918638570157
-0.01832470359201423, -0.008766476192652925, -0.0024865613010721524, 0.006890658314538654, 0.008522454363705736, 0.010958504818503486, 0.009763234895071634, 0.006542685040482872, 0.002745031084365391, -3.4535416890210072e-06, 0.0025256957088022162, 0.0007744384578050037, -0.0014000482634814817, -0.0092831469813217, -0.008458312811043417
0.019065325503568133, 0.006394100470427511, 0.002287091958349214, 0.0006275460112998935, -0.0024146095091583295, -0.008005361655665311, -0.01423558296014524, -0.015269868565827486, -0.010248462057687058, -0.007352065271648061, 0.0012031284366996544, 0.001437492083294315, 0.006989124535045806, 0.007729980482113134, 0.011792160539333702
0.01696708936208281, 0.011604964799906307, 0.008411843781885949, 0.0019871102831336973, -0.0021275721398175433, -0.01480997754044091, -0.014486439600173148, -0.011939520410783337, -0.011015252576292925, -0.019219088520412594, -0.009141270166295519, 0.0026148666924291127, 0.01062046821513606, 0.01249604919141289, 0.01803672862822931
0.365178245219203, -0.10790082712507477, -0.09263222228592356, -0.07980050113881662, -0.06628049427944255, -0.053686245912478114, -0.041380717062418866, -0.031804406515398426, -0.020224079239961307, -0.009834381431475395, 0.0020335518446755857, 0.014538757377432834, 0.028712279924994467, 0.04060658086521781, 0.05247445975946571
-0.02830238199050765, -0.026743987031106246, -0.02914635298530073, -0.013544459285805619, 0.0031065995853269425, 0.017923827196319693, 0.042411341402909954, 0.05532371126125804, 0.05565533458850154, 0.03637453668040002, -0.0010676240896994012, -0.027577151052345695, -0.03153478176085002, -0.04201986132874761, -0.010858751190353169
0.0629184715969061, 0.051285686319245606, 0.05722561080153173, -0.00034966360881922523, -0.039019673304572886, -0.06399869553319965, -0.05963548297838672, -0.05708474975383545, -0.046928802256194765, -0.032824915529202386, -0.017002936723220535, 0.00654982859690884, 0.029583592958243612, 0.047321016889069034, 0.06196071252552674
-0.0008745017965583266, -0.000419042329715103, -0.00016796334509706928, 0.0001941575994086044, 0.0003536391100011275, 0.0005097053430405355, 0.0006597215503927307, 0.0003049466584074309, 0.0002810751112343668, 0.00023759912860577085, 0.00017722530318850044, -0.00010969136351546404, -0.00037825571044608865, -0.00046349822533762005, -0.0003051170336094364
-0.005525689678013779, -0.0029302242494762846, -0.006600058858769281, -0.008796417305156207, -0.001522013037930825, 0.011141477259630536, 0.00914539369020485, 0.00643516138333435, 0.014337903368058794, 0.010858715568582578, -0.0036383741595738955, -0.008572185919055095, -0.0013309986692057602, -0.009237523082402107, -0.0037651663102274773
-0.01669582402166528, -0.006331318048383577, 0.0026447186935753485, 0.0061888689837426795, 0.0082285304329535, 0.0021796925816223943, 0.009128237356041508, 0.016783366065430315, 0.009712633539704685, -0.004710761864398005, -0.011292754702453296, -0.015266908426022985, -0.006057683917827089, -0.007812391074955083, 0.013301594402634991
-0.0028673790416777908, -0.0010138467058289108, -0.0009840092986934759, -0.00030404297729326224, 0.0010518737299409788, 0.0007559707286967763, 0.0002492890141092264, 0.001613857564043704, 0.0033316358736348887, 0.005636363436105467, 0.00012300709429224682, -0.0018670022105860685, -0.0018044330420565753, -0.0015916789086811585, -0.0023296052560058842
-0.0038658773466610104, -0.0009351758298113142, -0.005529117665355731, -0.002351337409482249, 0.0016681654656753911, 0.004005308359306368, 0.007522323385985447, 0.001983104137127733, 0.00322638731463376, 0.005811252025898909, 0.0018920574125766156, -0.004854888469462617, -0.003994743082567675, -0.001724715902994528, -0.0028527423948691037
0.6748504465426848, -0.19096718016903452, -0.16874868972185897, -0.1492953981255361, -0.12736222981469744, -0.10401069820824907, -0.08285601089476001, -0.06120198872896815, -0.038685454631385736, -0.014474105001714917, 0.008569588498214481, 0.030746269307787503, 0.054217581713840377, 0.07241226437812812, 0.0968056048555497
-0.015953659784087627, -0.00829379154551394, 0.0005434423437213398, 0.005109551801028872, 0.011202195956411132, 0.0003317570869053599, 0.010348658946794093, 0.015929367164747476, 0.014117599355690607, -0.0015982591894215582, -0.009382968537473274, -0.019890680838723397, -0.004819634634265019, -0.010729580193352416, 0.013086002067538367
-0.014067572743978374, -0.022527627522834853, -0.022459063216302606, -0.0178402761050796, 0.008458966235059808, 0.006602827304026271, 0.020199740490288408, 0.041403191848243606, 0.04722012331100334, 0.04327101489096798, 0.009528477425181026, -0.03082936808829858, -0.0210507894385837, -0.043078443862311334, -0.0048312005273815125
-0.000541821734794082, -0.00019906756321709954, -0.00018921788642795576, 0.00013693326640707427, 0.00027127623668857985, 0.0003166178476522188, 0.00037584714932257254, 0.0005090528734996609, 0.00032960150287169817, 5.3473671266127405e-06, -0.0003950400209669326, -0.00029420167196935414, -0.000356115432053739, -2.4088878216885048e-05, 5.487694407762762e-05
-0.000729872062034925, 0.00028561876531377125, 0.0006643006888196245, 0.00021843184717198236, -0.0002663980397586326, -0.0001707030963957533, -0.00043982779475037993, -0.0010699294346435157, 0.00038649398649165016, 0.0015255179798064164, 0.0006889326593049317, -0.00016266514596692416, -0.00031559078285955917, -0.00024386445124351155, -0.0003704451192551885
-0.02742043213532912, 0.006707521533694155, 0.006826349884620009, 0.007166900985697427, 0.006057805732277348, 0.0044349484665412425, 0.0030195220695192404, 0.00197530084954215, 0.0013557562094190386, 0.0003989686599084697, -0.00033147941512075594, -0.0012403100650092368, -0.0024742447556901134, -0.0026737587152871035, -0.0038028493047827057
-0.015244780348282326, -0.0073868553372056335, 0.001186297648468203, 0.005450109227531167, 0.008793661087019207, 0.0012593007620684943, 0.00954536900731587, 0.016734274006007056, 0.011111426175817238, -0.0038739116607161505, -0.01035313497567235, -0.015391354305146288, -0.00439506238106018, -0.008426188025295185, 0.010990849119150731
0.0023308761608700885, 0.0019802160501752853, -0.00040866325846270087, -0.0002692704779117573, -0.0037727193584924904, -0.0026340844774649682, -0.004895163322407083, 0.000718938193175061, 0.002676637907842905, 0.003937800110121485, 0.0022019675499111925, 0.00018831552684787264, 0.0013233458246308684, -0.00271478386385526, -0.00066341256498092
-0.011789821794327552, -0.004861864594247715, -0.007118259346500818, -0.005561811745095524, 0.0032087124103854854, 0.013228216871908224, 0.009242473775950966, 0.004565215378125224, 0.015454775626524378, 0.014222769064012278, -0.0020243122564104006, -0.006160832578361434, -0.0031873429028901976, -0.01306465411834782, -0.0061532637907250635
-0.020512696327398022, -0.008464463012133583, -0.015031249218866552, -0.012835273034336677, 0.0042307989399145455, 0.02484164237291845, 0.019127561602430083, 0.011035312450188834, 0.028400311284684794, 0.027015643192302565, -0.004250403542805131, -0.010093970998105837, -0.00554254516162604, -0.024483155161595337, -0.01343751338557222
0.00789618694331829, -0.003543055117185784, 0.001463473647254658, 0.003172541998260281, 0.0022949614369655678, -0.004214562037000865, -0.007290970299156985, 0.0025672203319155756, -0.004867548692547045, 0.001973494433451996, -0.004446779813867996, -0.010161692161781288, -6.184805814018157e-05, 0.006125829447356787, 0.009092747941156882
0.014011493687594584, 0.01287622780721285, 0.0031706869412728707, -0.005447206106190246, 0.0021669271358860658, -0.010175251385609789, -0.011786856768590261, -0.012733300467828237, 0.0012134723840091237, -0.013422937998554202, -0.012897997261292616, -0.0032546827141189277, 0.01341502652432786, 0.006014939115463501, 0.01684945910641763
-0.0015314934558208013, -0.0023386500979948473, -0.0031333867321149643, -0.003127855206321946, -0.0015557276196050194, -0.0013708961335102843, 0.005358258524597253, 0.00977923075002589, 0.005848599932194596, 0.0032819367434444055, 0.00047308580026313564, -0.0012734255647461493, -0.003203945744491478, -0.002740392667191544, -0.004465338528728168
0.012667639082119032, 0.008260468946470884, 0.007635276901028212, 0.0009177404874436661, -0.006780148113857101, -0.007013426325055089, -0.00882005873048096, -0.012209391249483599, -0.009360571746081176, -0.009780299060387444, -0.0036096020122941054, 0.0014634800499680664, 0.00329829524184139, 0.009013318220306484, 0.014317278308461728
0.003187751891326212, -0.000302299186313499, 0.007503877245568677, 0.0005678821733066254, -0.0026885117803666504, 0.0013770052841070878, -0.0025547648411455605, 0.0024289771638854657, -0.007012257263903196, -0.01145687620570471, -0.007926223149362267, 0.0013720241801493365, 0.0045541988347528725, -0.0012261720815823246, 0.012175387735281823
0.7228275005601618, -0.2020093886100609, -0.18048247170957402, -0.16069825566435966, -0.13387019961338448, -0.11341169429965525, -0.08983061805676933, -0.06647100737498192, -0.04201137739206301, -0.01694706420184361, 0.007763743499748931, 0.03253215006425506, 0.05534261070067789, 0.08082369758962055, 0.10644237450822794
0.04275987466650538, 0.021976873360202407, -0.007937726135456683, -0.004287703977306475, -0.0034163740083579196, -0.01580181543005475, -0.023306948390546495, -0.0372729117417805, -0.023563648380354588, -0.004596127892761524, 0.0026036130571660105, 0.0015646693007189201, 0.006990616203163043, 0.017098743841841922, 0.02718886552702146
-8.713324223253184e-05, -6.244240447276411e-07, 2.6723727583773054e-05, 2.466652473682178e-05, 3.000519874914489e-05, 2.1441240848596445e-05, 1.4096003186187891e-05, 9.679359330387585e-06, 3.842861837575139e-06, 3.2155387796986515e-06, -4.8477397939099396e-06, -1.0095252669614536e-05, -9.325734130183088e-06, -8.386974682885567e-06, -1.3257087498249423e-05
-0.0205319289818317, 0.005742568100613942, 0.005316701409677219, 0.0043412248107567684, 0.0038227372922789668, 0.0031944258670526865, 0.0025797306455593006, 0.0019639886904217266, 0.0011976017651482572, 0.0003972968058606842, -0.00021559618091636425, -0.0011695546848705398, -0.0014466207902143037, -0.002031045381965829, -0.0031615293675707657
-0.023546140974933353, 0.004114550058291013, 0.005012772412339061, 0.006627696428907023, 0.006186907143300672, 0.004422384206076753, 0.0035626014240705737, 0.001818045661491927, 0.0007774219452156484, 0.0009097834650068196, 0.0004578921298423869, -0.0007224385274439658, -0.0028492990312634636, -0.0029778709563053354, -0.0037943053845955863
0.0007217412593500055, -0.000902913970116224, 0.0007186846236914692, 0.0036091907663331015, 0.003728455617869633, 0.0031823618269074695, -0.0046277163351454865, -0.00532207393955949, -0.0015553008752750995, 0.004564914684676192, -0.007248631607581663, -0.007387666274451754, -0.004192991125039606, 0.0077093650358950085, 0.007002580312446188
0.0007021565376638642, -0.0010931887255620622, 0.0014191457237997713, 0.004251784982658663, 0.004069085776568639, 0.0037271150114220886, -0.005781117228580857, -0.00581270304379629, -0.001159185919772475, 0.00592116406122613, -0.0093571692526027, -0.010191843931572952, -0.005607500651411129, 0.00985334999736216, 0.009058906662597205
0.00682617259950985, 0.006196918471619652, 0.00245737107130505, -0.0008710317091837801, 0.001198504515410546, -0.0005078420867250552, -0.006466940964481592, -0.013581396273072017, -0.014103520636231206, -0.0005837135258225471, -8.122156613844646e-06, 0.0042821302893076875, 0.006613200561836224, 0.004856762756303929, 0.0036915070868370637
-0.028883345821256526, -0.013392651565961387, 0.0008463759674573098, 0.007897393176738689, 0.015644449729029796, 0.00347226031947468, 0.01799314777822438, 0.029853144019297156, 0.0203366027406262, -0.001157244700111708, -0.01438760335743261, -0.02908846643317632, -0.006731138399136995, -0.01712385864063249, 0.014720935186860054
0.006058499019818971, 0.0003579764647442098, -0.0016145940905839009, 0.0007448879985715746, 9.318562486090864e-05, -0.0069716981111469355, -0.0024794375311960864, 0.0014931827687459684, 0.0006234970652277105, -0.0005555700452148086, -0.001029136757699017, -0.001575113764189645, -0.0016401561622895675, 0.004064396886291868, 0.0024300806340588157
-0.03707817221397728, -0.022115640365559505, -0.003100869248881412, 0.009673187246139605, 0.01973351328605249, 0.02360825054251565, 0.02038350505294831, 0.01587593022001087, 0.010836490993151813, 0.006094587607296185, -0.0005518989911556011, -0.0005207746264501342, -0.011565739655438641, -0.015196317520372173, -0.016076052326280028
0.015442780767585988, 0.00487280054153949, -0.006238497052512991, -0.0030717162189588384, -0.004428464946252331, -0.004218585903899314, -0.004168504935815843, -0.004971725842440979, -0.0029191360159631545, -0.0010670531701895136, 0.0005074290914333291, -0.002446005042500827, 0.0014513693781884318, 0.004763190185834252, 0.00649211916395213
0.0035096755937515534, 0.0003916120013778139, 0.014098532371450472, 0.0002836579614578553, 0.015896987300836996, 0.0002435286049531757, -0.00630990838085403, -0.023015594310873907, -0.019078035223920334, -0.02218207645553494, 0.0021134423140212475, 0.008794267811203333, -0.00253474026579765, 0.01950925786922502, 0.008279392808703696
0.0029554571412782286, 0.004216579748740452, 0.010225105134476609, 0.004331556244467734, 0.0008200278112266753, -0.0026624649241204735, -0.007546528218538826, -0.013167844695180451, -0.009713419027961351, -0.006605634576643764, -0.0029479576136260846, -0.002486758818953052, 0.0024452529039497538, 0.007439015959456862, 0.012697612931427703
0.02111609399552778, 0.012231777991073105, 0.010015642553554395, -0.0066979820319833135, -0.015116676034603573, -0.014744238717555036, -0.015219212123554692, -0.008616390137426584, -0.006098907902912623, -0.003755913290113119, -0.0021817910079301017, 0.002256722778576257, 0.006648559758120546, 0.008817888690072535, 0.011344425479154659
-0.019782808043684763, -0.004691736151673614, -0.005282024561492533, -0.006030102760046414, 0.010318588940474114, 0.011563946160333067, 0.008043634904613956, 0.014427336538868641, 0.01223906586544919, 0.008417740294510222, 0.00104224851608037, -0.0004017371232464709, -0.0060878941412450755, -0.011245623252304243, -0.012530635186636422
0.022538463561334203, 0.008340431568365003, 0.009280304693364601, 0.007446641279216983, 0.0015339257929598683, -0.009264324273566382, -0.011351522911723706, -0.03105267028194729, -0.023859365189157954, -0.01747031638424141, -0.008012731340869852, -0.006356371727401595, 0.011901781063381196, 0.016803976635816037, 0.029521777514471173
0.026227450452334086, 0.009791117730092004, 0.0031026379122666365, -0.001381525524248804, -0.0017620532895545281, -0.012657320226120178, -0.018551403806187652, -0.0244870357748171, -0.015198365329833659, -0.0049446260793081275, 0.0012133582859513467, 0.005441874531152842, 0.009330431148276117, 0.01092658814123907, 0.012948871828758054
0.02610594476090308, 0.02268805141444951, 0.03097719015717258, 0.009607490221507883, 0.013309728721677414, 0.01774615290903677, -0.015615107788456158, -0.04743342351294443, -0.08306167336913574, -0.09257571330921059, -0.0427752720547619, 0.007248827770049531, 0.03723657337452386, 0.062435659057728264, 0.05410557164745983
0.012859248536291997, -0.015704453853962363, -0.02658900880513567, -0.026430296627908634, -0.02310241483186458, -0.002394219140769188, 0.021294885999087194, 0.03178776510057582, 0.031141886983963585, 0.05727803790161945, 0.027660452833531166, -0.003981971617077085, -0.019482339828631724, -0.039344262186622764, -0.0249933104630972
0.18847925470252663, 0.15350632389010116, -0.11768909865956918, -0.09263604325318663, -0.07214306988437764, -0.067950974987403, -0.05897853501786073, -0.04502022097824135, -0.02952818318381326, -0.01589690845987908, 0.005900446107753487, 0.015222618909817194, 0.028892453785784217, 0.046532276684414696, 0.06130966034393347
-0.21544540040325366, -0.10558786713455454, 0.02947066741853383, 0.06253835647344821, 0.0796723419323367, 0.07334761129904518, 0.08743568443985149, 0.0980612116635208, 0.0684316192236213, 0.047403289642766924, 0.012216608803596523, 0.010503589023847517, -0.06163589643833303, -0.10016950297863146, -0.08624231296579571
0.000994235264157448, -0.001147310485733966, -0.00022633033072757264, -1.0952167065790368e-05, 0.002473979544019895, 0.0022961149412050012, -0.0035234558131962755, -0.005851373931030141, 0.0014855126883534745, 0.0017166114003412314, 0.0017079650232918785, 0.0015774897280009064, 0.0009975969089360834, -0.0034810416923384685, 0.0009909589217865734
-0.0037009682465404038, -0.004634153442522993, -0.00700224199038017, -0.005711729001844552, 0.006797584143148337, 0.005064491835413171, 0.0009882268385941145, 0.0058292129716648634, 0.0036337071805637635, 0.008181713284508197, 0.006666623894697203, 0.003487754934853485, -0.00038397265714544505, -0.002425724926374136, -0.01679052481863544
0.007395072798528168, 0.004744306246105785, -0.004018678630917166, -0.009549308951626671, -0.001922672451442378, 0.0016701138485532138, 0.004390023900092048, -0.0014245917378654202, -0.001755279009242602, -0.00014802853427356923, -0.0038581450085556877, -0.002953501071290208, -0.0019875684556247227, 0.006647229388060374, 0.002771027669498562
-0.0025683949477625346, -0.0007858238747569119, 0.00012976817651945484, 0.0003095395481947817, 0.0007290734987644161, 0.0012565952002746156, 0.0010994402980313554, 0.000508109927760753, 0.0006556234998682463, 0.0008940831644222558, 0.0006577800247945355, 0.0004157705193399001, -0.00029002454084448335, -0.0014438365733822778, -0.0015677039212241201
0.0051077995879476494, -0.003557282086635514, 0.000416479840084292, 0.004184303924287369, 0.0024979892375327105, -0.0029742075238810006, -0.0059195756399838375, 0.0022527107343104304, -0.004350570697664626, 0.0026334374418498768, -0.002236167813837711, -0.007921903601885258, -0.0007334592264020393, 0.004199514456668598, 0.006400931367608768
-0.01633306173614242, -0.006578808574815056, -0.011201891780582987, -0.006891878620021467, 0.006632499804120666, 0.016595388013401158, 0.012376374118645662, 0.007499596853619127, 0.020407654538686402, 0.016985583728977818, -0.0022436449740149394, -0.005584194824144295, -0.004261528826092868, -0.015894542976823512, -0.011507544744813247
0.011365887757427091, 0.002718242382833185, 0.007288529887098494, 0.0034970508563117618, -0.006636706914153016, -0.0074967289296293095, -0.0045140082078563215, -0.013519288872791883, -0.013171422242110794, 0.001436315485923953, 0.00098443533016672, -0.0018337821138112247, 0.004189547569605068, 0.009226685539769056, 0.006465242471217479
0.0020403667045059276, 0.0012275192485953197, 0.0017330452554399562, 0.0001471788223444078, -0.001416267686213065, -0.001894199069300039, -0.0017940912601638788, -0.0012659888638868356, -0.001194982116667081, -0.0013391382088348974, -0.0005911059354324594, 0.0003735584493832096, 0.0005671749968966638, 0.0014617085524240509, 0.0019452211109087913
0.00941618757932065, 0.0029573267970531883, 0.0064248652085891755, 0.0029773502529573882, -0.004727968308155763, -0.007207455904001016, -0.004836129723163085, -0.011743492286914889, -0.011617831791708715, 0.0013410665970348679, 0.00122513746168673, -0.0011366319700965317, 0.0033431090727555706, 0.00774394593660378, 0.005840521078038724
0.01049165637130278, -0.00626780050390234, -0.0004532752359013815, 0.0038517301450357393, 0.003638733558367029, -0.005572097647760892, -0.006475781801805193, 0.002098884440058774, -0.004992471564287643, 0.0038302491220394254, -0.0037933460921019437, -0.009760725247978982, -0.00020913335705434547, 0.004221505770107507, 0.009391872043881838
-0.005335751180351374, -0.0016562727168865298, 0.0005931028012966524, 0.0013562456960859253, 0.0019147386858095524, 0.001644240865705426, 0.0027419062710575953, 0.0027794773906039266, 0.0008534965269775147, 0.0013249113926626166, -0.0017541533234827274, -0.00146748318141388, -0.0008755062656558302, 0.00028351826411295575, -0.002402471226521762
0.0035407169083840574, -0.0008508826729199221, -0.00547883513028317, -0.00530406292903642, -0.005049464215461723, -0.0028420251709810537, 0.004450258220639308, 0.007592879222960921, 0.005138293299635947, 0.007153910365762088, 0.003101204179552064, -0.0007407463209288469, -0.0008929678080476543, -0.0020931535849623003, -0.007725124364312784
0.012365524473822082, 0.0058155556598054525, -0.0034401899658779694, -0.0004857667040778665, -0.005160610107959829, -0.008341571027312243, -0.004709396226558701, -0.004700294678056786, 0.0005594440195439828, 0.003997057491786858, -0.004798605991114659, -0.005220643178762412, 0.0006568957712870397, 0.005364230390660665, 0.008098370072814286
0.0016764111383741872, 0.00017961027900065287, 0.001681877414517942, 0.002706720072165125, 0.0044366222582151145, 0.0022968955174854817, -0.0010137521830594974, 0.00012863782892407632, -0.005626355751732844, -0.011423133667464728, -0.01146712213053618, -0.002596564165602086, 0.002403018641376651, 0.006136077674125769, 0.010481057074210218
0.029750694201840688, 0.014487685809466463, 0.004602450014579643, -0.003626945349668455, -0.008180219716571915, -0.015190587553219703, -0.018249302334450997, -0.0175427426420871, -0.016348159802099634, -0.012307043918150528, -0.0018672788133879403, 0.0023571331933820087, 0.0064764133559326795, 0.014197534002367439, 0.021440369552067184
-0.028452577851860162, -0.010457906870061736, -0.011584297957733095, -0.009893217876111724, 0.006237236872069535, 0.026537920716650287, 0.017872727063043214, 0.006514637699938292, 0.03577438179786524, 0.037351301195589576, -0.005432250819114509, -0.012909231269832122, -0.005800188915877839, -0.03701780605501957, -0.00874072772954533
-0.023803043250061575, -0.01038950463970308, 0.014524645210102825, 0.011121077581218221, 0.009785059303579298, 0.014496834349688553, 0.01817894560902186, 0.016020228040608656, -0.005792836619544237, -0.02727941535981764, -0.02334476319072852, -0.01886040462445629, 0.0006388070861343319, 0.0056200555433142015, 0.01908431496064395
0.15895252685855082, -0.047899025313660054, -0.04038595124509537, -0.03488445705324927, -0.02727006756446783, -0.023867911533060154, -0.021330031828367537, -0.016723357916593917, -0.007824563363321158, -0.0010931733919944597, 0.006400425789671919, 0.011679832618276412, 0.009776551173225083, 0.013146978850005006, 0.02132222392008049
0.006703843397847895, 0.00296906289657581, 0.010911577409620699, 0.003813952618710499, -0.00022298563950156843, -0.0021603766442359765, -0.015472335125299594, -0.021210982257395247, -0.006632484788337491, -0.00043184808708757346, 0.0035886645415750995, 0.002897442015667892, 0.003225621315317134, 0.0010406923722096845, 0.010980155974333045
-0.024813746003446074, -0.014460095962421557, -0.030816651175832068, -0.008472951003767234, 0.017678830071623703, 0.03179848979039193, 0.027137455453115227, 0.01805677468555, 0.026444775164253267, 0.01765119952047162, -0.006155574141838754, -0.004117245995592746, 0.004533130996463381, -0.027112684569058413, -0.027351706829912396
-0.27212974910786475, 0.07667240246390918, 0.0713533646365917, 0.062254078544860585, 0.0511210390065015, 0.040934125658300964, 0.031266258476491726, 0.02234089300180063, 0.01209834553143219, 0.0047431770175828504, -0.0023440464292269563, -0.010910560217726458, -0.01930407593522474, -0.029683764003511144, -0.0384114886439172
-0.008190119594450967, 0.022546944815624834, 0.012579909983634455, 0.010105041499761753, 0.029714645513213758, 0.0014678738134717363, -0.03144191504161452, -0.040332183616360484, -0.035886311382422334, -0.014292029424386706, 0.0020394754647702945, 0.010930620313344396, 0.00569664623242407, 0.01737526176476104, 0.017686139658228902
-0.00800176252923336, 0.002492933259652619, -0.023620988877876697, -0.013132024204016365, 0.01919479686562858, 0.03474013667400789, -0.007084240593359476, -0.01731952229269646, -0.002714007492427121, 0.03260875783998101, 0.013080289949688531, -0.01706433776582529, 0.00364137382257268, 0.025651419494111993, -0.04247282415020851
0.04197431942007049, 0.01396012504641941, -0.014805708196569803, -0.008579347038118927, 0.0038961149932017114, 0.00035444487019671485, -0.010230759169329817, -0.011125201274142741, -0.025713656198760385, -0.03834731168985235, -0.0194041438408771, -0.00025494940708340233, 0.009789294952619484, 0.025311876124898738, 0.03317490140732776
0.0019242383335343926, -0.008715273476250092, -0.011304309913238967, -0.010328580109092943, -0.0013272623128751627, 0.004119579492746449, 0.02648507418963996, 0.05654655232971727, 0.00941532300082539, -0.02926781741429438, -0.03373407150128816, -0.022865736083258682, -0.006554458247645803, 0.010604826366294633, 0.015001915345186408
0.026804471707747083, 0.02928509661316187, 0.054265816241482884, 0.05176215038898599, 0.04805948280634197, -0.056200900376768385, -0.09198916409134214, -0.0956883870358141, -0.06572742451264288, -0.03936839289143201, -0.02086056990904331, 0.005537141884648779, 0.030240343232275712, 0.05195966730341842, 0.0719206686389799
0.023546464643708808, 0.012202557942337171, 0.0034539903616414153, -0.010917637387060714, -0.021502058189585907, -0.02142108642839196, -0.008240338262552757, -0.0016251770115699058, 0.004179242028344577, 0.01145707736586777, 0.00044446740748844537, -0.003078564155470788, -0.0025765585907175552, 0.005721774606950751, 0.008355845669010778
0.00025463847278996154, 0.00012461439052257743, 8.787591654892452e-05, -8.213847834851425e-06, -8.121779024099732e-05, -5.0933129448170175e-05, -0.00010491423442870267, -0.00016520673630443825, -0.00026691946926498577, -0.00027061708162102733, -7.824938042220603e-05, -8.996259540144611e-06, 9.80230585978516e-05, 0.00021579513555561173, 0.0002543209550905246
-0.0008851338775456919, -0.0008457996766155362, -0.00011154642091864504, 2.9209486053490355e-06, 0.0005541746082790182, 0.00017822447508187905, 0.00041472439433738625, 0.0007254867000039252, 0.0011099044893904796, 0.0004775441045667153, 0.00044636885904057115, 9.648463313509972e-05, -0.0006397919992720285, -0.0006907645114473882, -0.0008327967266411804
-0.021476154155884636, -0.013091953256362629, -8.722259922613884e-05, 0.005950957677272398, 0.012148835928093328, 0.0009437844880512761, 0.01451795038060743, 0.02459707182721834, 0.017596092375760812, 0.001115091285898158, -0.007989873508194363, -0.021659682671596354, -0.0054034174088155515, -0.01526447207182361, 0.008102991709001604
0.004358528922162626, 0.0011789625640995722, 0.0017913236266076226, -0.0017524095466834113, 0.0010439999993977628, -0.001993254143277322, -0.002058516528130842, -0.003692803851152881, -0.003116535240585899, -0.0031266153261524272, -0.0014100036516281657, 0.0010054475368703943, 0.0025347274644792594, 0.003138254870510202, 0.002098893303483471
0.011072211460629651, 0.003099554729441241, 0.005998690192256094, 0.0027432225765940937, -0.00648964370218463, -0.006455804179498984, -0.005650919732629182, -0.012948321604438637, -0.01246365769691119, 0.002760652919386661, 0.002200700167751094, -0.00039390040968770475, 0.00424746524367451, 0.0062420328035245574, 0.006037717232092338
-0.009070964214643765, 0.0010588239333553695, 0.003556621177876766, 0.003613280857396844, 0.0019468622081723198, 0.0019083506207927588, -0.0008911958584395, 0.00045349601148049826, 0.00014705359012125326, 0.00161043343892735, -0.0019060543862009002, -0.001330626937899434, 0.0007532287400603768, -0.0007102864331822775, -0.0011390227478176732
-0.03181343863736111, -0.010187480968294558, -0.018187311939188676, 0.006970578945319054, 0.03462954276426371, 0.035231236135780025, 0.006387226282459203, 0.012694156696096326, 0.005061157492460163, -0.005868224120600627, -0.011159131162387243, -0.008652575103445468, -0.0070169303861345525, -0.00033440523396997953, -0.007754400764996379
0.0019354523465964276, 0.0005947271253203848, 0.0001183488293989949, -0.0010209549338092271, -0.0010392268084295823, -0.0011386298056840086, -0.0010082571152621195, -0.0004649678861900658, -0.0003185261971283283, 0.0007836677787814722, 0.001091181952399934, 0.0003148921607424531, -8.007738041067953e-05, -0.0002131299436652377, 0.00044549987733957775
0.002686647436081644, 0.0008158330790962389, 0.0006187810776485721, -0.0015338288045525254, -0.0022360364012444303, -0.0027481036931074165, -0.00016077515990289815, 0.00018614629084188583, -5.9552248799372206e-05, 0.001171880508861642, 0.0002992769538902819, 0.0007696465710999641, -0.000532323581889893, 0.0003608348620486087, 0.0003615731099277026
-0.003806399634990391, -0.0013008469758990773, 0.0005864801261381716, 0.0019068085731070257, 0.0007000404808003768, 0.0010323578780883128, 0.0017011423854651892, 0.0013989582198770006, 0.0008872640972132173, -2.8770091162272837e-06, 0.0004523012837340626, -0.000451704389700325, -0.0004592212804690246, -0.0023503715175358184, -0.00029393223671241703
-0.0017332682019751415, -0.00014794566496734705, -0.005784068927066095, 0.005111556893822774, -0.005104263559417815, -0.003855953519154842, 0.006683776927605606, 0.004930403218175807, 0.0055020434279993355, 0.008529416834796069, -0.007821055158318813, -0.0010297846848932222, -0.0015114257904860254, -0.0011289893895821694, -0.002640442406537996
0.001901481540265532, 0.0016383956215561806, -0.004047370754954708, -0.0046542490294064105, 0.0018516566680156742, 0.002671665667435435, 0.0016348266897528805, 0.0016280071164995746, 0.0014823790533122754, -0.0025369201080113236, -0.0010476058420941063, -0.00029854500210444064, -0.0028981328059684806, -0.0005182670748061034, 0.003192678260508128
-0.02440915869125964, -0.01049490254512022, -0.013537607652428776, -0.01127210840617539, 0.006499993914339353, 0.026678053890527652, 0.019411589005641293, 0.008381234601563132, 0.032208872544218586, 0.030822148347232393, -0.004960677645252145, -0.013982354830602135, -0.005941486107720162, -0.028148569066160378, -0.011255027358803564
-0.023894332552638838, -0.00982852173964581, 0.0019297647487519394, 0.008168904217241878, 0.011393341077159065, 0.001096413135940024, 0.013826097862299658, 0.02521725236701424, 0.016229594918487786, -0.004010370067067316, -0.013665297289596416, -0.018158085656059655, -0.00841753428108652, -0.013009567971743019, 0.013122341230943253
-0.0008862745520417945, 0.001070079085112588, -0.0009663081394049412, 0.00525095672883732, -0.0006391467697449591, 0.00370973884347171, -0.002870550377050977, -0.005800306656871354, -0.004217338795510051, 0.0019010578640001265, 0.0019267200780454295, -0.0021081529203709542, 0.0009336060188051329, 0.0014514668628652, 0.0012444527298579302
0.0009866506498901334, -9.545914757398482e-05, 0.0025484387018903203, 0.0017179823044182593, 0.0002145885927734431, 0.00184023848521147, 0.0005297487617197053, -0.001694091201523872, -0.004596006626705595, -0.005654390625827744, -0.005685203052172613, -0.00024153238307825686, 0.0007401517558905904, 0.004694504806503892, 0.004694378978584318
-0.023208016308472933, -0.009419623240860795, -0.015870107170927898, -0.014767970160336655, 0.004860995561095184, 0.027286213129627583, 0.02093374843251214, 0.012126210972645888, 0.03452898176510798, 0.030357902198620355, -0.0063594178142185875, -0.0135467091323331, -0.005398858606309707, -0.028370935498825505, -0.013152414127323948
0.004913084265321584, 0.0036256178316446293, 0.005753481836326447, 0.00955830007463343, 0.006478425822990147, 0.005901247403505319, 0.0021804395397089288, -0.014440240935267462, -0.02309009276277631, -0.025131455470522555, -0.020652002973121645, -0.0015493106864603017, 0.003654697576230506, 0.019787773713658606, 0.023010034764128325
0.03556642699132481, -0.007769342574357761, -0.03773895665357722, -0.00033395472025131434, -0.007817046616359055, -0.02057707434843757, -0.02221822663082263, -0.011013382350677281, 0.013525868264568586, 0.039897248734155163, 0.05102170860357185, 0.044712549977998395, -0.003056387706392584, -0.034937080039040086, -0.03926235093170332
0.003694880694484611, 0.0023014018595602266, 0.0042140692654047684, -0.0003827085758592256, -0.00021633714934520394, 0.00047959148931433614, -0.0007945891396607574, -0.0024834691385384735, -0.0063725056967823285, -0.007930994472916352, -0.00676766098260323, -0.004040038043160274, 0.001522416197700651, 0.007618386638971959, 0.009157557053429107
-0.014069499495911256, -0.0028689467744129407, 0.0012390519095730897, 0.002038576674281802, 0.0022182200997046104, 0.00658560549620243, 0.005257696947743989, 0.005963784566566141, 0.004541834917800582, 0.006256967637835823, -0.0012204452787088905, -0.003511068567391039, -0.004033114123374616, -0.003339015964858901, -0.005059648045050874
0.006973674819957847, -0.006228131739543556, -0.0020292001274760836, 0.0015647662693534618, 0.003972876586872391, -0.0036923307180151063, -0.005466603994358582, 0.007188563547169858, -0.0014918359707115515, 0.00821693017213092, -0.003483104459801942, -0.011770889834772926, -0.003930939082210526, 0.002360665891133802, 0.007815558640271775
-0.05451429133828844, -0.022429874443802546, 0.006746256031070963, 0.015227521244951359, 0.026205315136367736, 0.005176031542483327, 0.03405742936563598, 0.05433458059228133, 0.03420478671863842, -0.010667680340715488, -0.03299907126482341, -0.037387572027942184, -0.017819028994627104, -0.027201553354807773, 0.027067151133577848
-0.015841423405337746, -0.004887201593810505, 0.0010959599179113484, 0.002641499067690032, 0.0026188548991569103, 0.007479849885253239, 0.007230743306063044, 0.007405463346901436, 0.006208737666855479, 0.0038966887829279774, -5.925374661449375e-05, -0.0015147536977688147, -0.003519642538844121, -0.005001156959244108, -0.0077543649311396555
0.0020713873994723923, -0.004738079848694953, -0.004791201909523032, -0.012378198338106234, -0.012673308492466256, -0.00254902496064981, 0.0019418389624276202, 0.008620272819596304, 0.00948495238362224, 0.022541123904151347, 0.028471097128668313, 0.013745358231620585, -0.0014381278858321012, -0.02181163405257864, -0.026496455341707685
0.022362301911426553, 0.004033731149486474, -0.007442668805327872, 0.0006919898166705494, -0.01053300940374084, -0.005282120818148477, -0.006833416208319027, 0.007121987823586419, -0.008454014442027152, -0.013250958580771192, -0.008387329026346943, 0.0038287380297243774, -0.0017600229904405802, 0.016434029832568146, 0.00747076171165942
0.000475019616404072, -0.0013247777519357368, -0.0008557271905517418, -0.001548324240589237, -0.0012343922333564591, -0.0010319184435642634, -0.0009965469318798494, 0.0008131383528697644, 0.0030237190971829212, 0.0013235013983401342, 0.0052204097143349155, 0.006209075549408666, 0.004947522388959314, -0.012380007469080183, -0.00264069185654248
0.003542665205699281, 0.0018651302593039605, 0.012466918517151664, 0.009517528000946875, 0.003508947710356426, -0.002237814381945495, -0.00462190866790262, -0.023809551969181816, -0.018674105885668126, -0.008392420093458499, -0.00016464482495413216, 0.0008863539680636582, 0.002881193662388873, 0.006797014846609784, 0.016434693652589993
-0.00572704054208841, -0.004074562312535444, -0.009498823327821211, -0.004450332006568822, 0.008065632253381954, 0.008633435344425108, 0.011066356424896104, 0.024179812191404106, 0.005682037595180653, -0.011450858484952042, -0.011546936726064796, -0.012851210575107332, -0.00685248991419048, 0.0015490575973034501, 0.007275922482736887
0.011779478356157192, 0.006332258550216709, 0.012232824239016515, 0.007577383087651403, 0.001595547901761083, -0.004601917264614237, -0.009871179681418282, -0.019435959759654193, -0.017554220349788534, -0.02225719959470144, -0.011668561609715893, -0.003252928248988345, 0.008264734307997037, 0.019620651803534693, 0.021239088262546328
-0.02873168335252851, -0.024417599219348735, -0.022778436600119172, 0.01519780871399523, 0.025637398011501528, 0.025388639607957546, 0.027220202609323514, 0.02361829858705982, 0.00743968894621283, -0.011624116322186812, -0.004354846420872186, 0.0013254523308443818, 0.0013051892278982081, -0.01780864926740922, -0.017417346852328534
0.03210386387244058, 0.0058394969381717655, 0.00041902019357226237, -0.010589723678674539, -0.015164229638314201, -0.015345744256874998, -0.01167467538661581, -0.00391012296905475, -0.005268992232718308, 0.001195941616920374, -0.000559131735173688, 0.003928328970377915, 0.0032413274442291175, 0.0062165527562889214, 0.00956808810542533
0.016063212060690533, 0.006853267149425221, 0.006053565275200033, 0.009148489181131371, 0.0031421230845890364, -0.0036494306297376036, -0.01190284339275317, -0.0121239823918645, -0.021391884274511934, -0.029421262132109702, -0.013462623711311818, -0.008668480001005329, 0.013563105386457065, 0.02244800300275484, 0.023348741393046178
-0.026473052289458888, -0.01622062318361042, -0.010364723198409672, 0.009873525641935993, 0.016616929470897168, 0.01575450286159753, 0.019392758305632862, 0.022623913271637687, 0.012233824720280244, -0.008523617373469582, -0.005976916406527519, -0.00011222261186179684, -0.010439674083465633, -0.009871729876603352, -0.008512895248574688
0.011534842807697145, 0.006778855779911422, 0.01059357199566608, 0.00039645572319529357, -0.003657401040503578, -0.003139313652179918, -0.0015416212565658302, -0.008992511588690473, -0.008000333626891358, -0.014643076544508974, -0.018510671470717516, -0.020305581046800115, -0.006046996059540592, 0.02728238872450873, 0.02825139125541952
0.04303244417654318, 0.00619026773827569, -0.015174500331532774, 0.000674772732167199, -0.019503303620017953, -0.010814693113934883, -0.011391258036150625, 0.01519333797444588, -0.020184956119773778, -0.02452697313883117, -0.014328747959202817, 0.014037477188930308, -0.001362309654850763, 0.030557559541561925, 0.007600882622370381
-0.3140935614185776, 0.07698415696544053, 0.11150992728199778, 0.079969783501711, 0.06982228092101525, 0.051889055015997124, 0.024387968579608465, 0.002845732718002817, 0.0003936250762643957, -0.010614670518306165, -0.016231534425637698, -0.011149082128013795, -0.015608467511249224, -0.02121718736741454, -0.02888802669083841
-0.0015685025213521193, 0.004703017654885112, 0.013102298333323536, 0.009041981716102316, 0.0034526400609606513, -0.011205654039459112, 0.004791325597120202, -0.010427481562526838, -0.018009004485005184, -0.014732583126441882, -0.006999075315013248, -0.0017201378593208313, -0.0018134848513482636, 0.023617305897620268, 0.007767354500455449
-3.1338441994884036e-05, 7.226897807279596e-05, 4.2773149317201804e-05, 1.4672553384564372e-05, 3.372597515414248e-05, 2.075112315191267e-05, -4.2557730889432736e-05, -7.829050946310858e-05, -7.869725378025508e-05, -8.698508180548724e-05, 3.333820092892181e-06, 1.4154352652811821e-05, -2.2230792691992666e-05, 8.481332615757789e-05, 5.3606532641350285e-05
-0.00011458540582518105, -8.324963715518301e-05, -8.470200159558727e-05, -9.778420598376062e-05, 2.6456206216252867e-05, 0.00018225179421857055, 0.00027067750478174644, 0.00039320348179574746, 0.00011605709268105423, -0.00017442497361250516, -0.00025956324830753906, -0.00019866420701803616, -0.00012666582298157824, 1.917820080819943e-05, 0.00013181522197782482
-0.0016352939216775736, -0.00039001717866717203, -0.0010611300313870817, 0.0030057838603519036, -0.0025416478602984308, -0.0030330133040325172, 0.0028394839203389104, 0.0023145813591503874, 0.002944508697964975, 0.003588202765987842, -0.0029685945810409525, -0.00045593233760759963, -0.0003695282605718386, -0.000196900558152642, -0.0020405025703582364
0.0003339642028132444, -0.0018826393348993981, 0.0010819412262370912, 0.0013062295139383436, 2.759767132172481e-05, -0.000215892245606782, -0.002187833266544382, -0.0015203339097588549, 0.0016441535979319357, 0.0024098788587952544, 0.00032286936273088487, 0.0003480870514926601, -0.0007176841980536983, -0.000555635946811973, -0.00039470258358615025
-0.02164194267333218, -0.008571558253776822, 0.0010593862517241925, 0.0060918401758853396, 0.011167862974826673, 0.0020130978766862576, 0.01247821473600815, 0.020327012256031722, 0.013406550505389133, -0.0007331951304343128, -0.008628733295226598, -0.018425716737033446, -0.0054323082760323015, -0.013333363984502149, 0.010222853573786302
-0.00021817545142929347, -0.0001955632728209713, -0.00032063835497671685, -0.00013228867744155925, -0.0003505762108400278, -8.936699791712201e-05, 0.00041159236645301584, 0.0006858112156684178, 0.0005741866781300333, 0.0009004935639174603, 0.00025074901364453497, -8.163335741674404e-05, -0.0004995206271577048, -0.0005903803897680985, -0.00034468949804521143
-0.0008856864930449328, -0.00047905833857316433, -0.0008258184143864442, 0.00034034055424195275, 0.0009140737630007413, 0.0008345464139818348, 0.000596704242705846, 0.0003053371317739418, 0.000326704933374638, 0.00012152062215639403, -5.599191043499666e-05, -0.00020987981666034398, -0.00011971142200844294, -0.00024400781514407975, -0.0006190734509829361
0.0031747664499103545, 0.0023619037396731637, 0.0018416459902022711, 0.0010415736019102968, -0.0008017831626304391, 0.0007496446939752581, -0.0017917943013748717, -0.007090735150947875, -0.006618104624963417, 5.226837923306693e-05, -0.001139097277626222, -0.000516093245614065, -0.0009023914340855385, 0.003888726999359676, 0.005749469342978597
-0.017165245086620033, -0.007410455352201572, 0.0004894653937162263, 0.004598366851506353, 0.008859416257560005, 0.0015523482722401523, 0.011018917690844784, 0.019499412142782894, 0.013983015232428805, -0.0024708359587408877, -0.01069340770955262, -0.017406440990070604, -0.007321242150078862, -0.00892726634415324, 0.011393951750338423
0.0033578721730182976, 0.0013901344231766481, 0.0001693600916047836, 5.107339930106337e-05, -0.0010015515868799264, -0.0016022369676638457, -0.0022309038135943007, -0.002048129025767819, -0.0016700099495802281, -0.0010025326130259184, -0.0001910497401813128, 0.00042934875682104455, 0.0010197234314307405, 0.0014131244417929724, 0.00191577697954781
0.00136300802887569, 0.0011093036017952042, 9.376732075282481e-05, -9.555003620966471e-05, -0.0007198372160113484, -7.206290762130745e-05, -0.00014125197067080072, -0.0006246376968155494, -0.0008839727985693399, -0.0020696243954203466, -0.0013888319051413623, -0.0005316925370788376, 0.0005479663931211941, 0.0014786325075327054, 0.001934783611460906
-0.002400431936261367, -0.001004817675548168, -0.0031087023549143796, -0.0012668834231841246, 0.0012979873611675115, 0.0022100149075081, 0.003682447097197438, 0.0013805875524224617, 0.0026138830331141967, 0.0031902153734508494, 0.0015467879290632532, -0.0019836534847728735, -0.0023202676873225973, -0.0013149055732282974, -0.00252226111869174
-0.009560112589995617, -0.0038520026919011425, -0.004903381988419385, -0.005724359413137479, 0.0008269144360254332, 0.010748969647776479, 0.008419825607071234, 0.004304015384411055, 0.014220938262873462, 0.013175268400727797, -0.0025989749915679926, -0.007112084623980175, -0.002233519909409435, -0.011773213001338035, -0.003938282529135937
0.7498186981518379, -0.21388065383406635, -0.18942614812559314, -0.16493675350485473, -0.14051664239345624, -0.11570973985932985, -0.09053905222924968, -0.06563428860691932, -0.04115665494848123, -0.01629444260254456, 0.008348879939477787, 0.03286547793591547, 0.0574336043449325, 0.08226429297670275, 0.10736342275562867
-0.00040632358175580753, 0.00010826304868721741, -0.005902374537486248, -0.007590377299367272, -0.001579514224531849, 0.002185155820353576, 0.007241622527005747, 0.00888066611117366, 0.003120659597992918, 0.003494332970045244, 0.0009056359068829391, -0.00016210788179259888, -0.0011110653984590787, -0.002474859501022129, -0.006709713557726301
-0.0048247848342339765, -0.0015259329138795246, 0.0013550960252904285, 0.0016652701571786158, 0.0021836776447094084, 0.002161792338300909, 0.00024823421820391827, 0.00010251593562071234, 0.00045293583811453487, 0.0017650058740942296, -0.0001013832106214068, -0.0001259812109060498, -0.00039030883909434605, -0.0011699515052853249, -0.0017961855174921878