
0.003903366926632097, -8.860795648784433e-05, -0.0010656225971017446, -0.0011398185851447628, -0.0007165586040420239, -0.0009043002714756972, -0.000474039635045569, -0.0002426683316033088, 0.00014870612917473495, -0.00021487466452644043, -0.0012155482286647673, -0.0009963092284264792, 3.7469222633944005e-05, 0.000583844650849553, 0.0023849611732283055
-0.011838042871504528, -0.009200601608327367, 0.0007681003013371335, 0.01203073258258177, 0.006708602895106848, 0.00926364367077646, 0.008654922182819234, 0.0007770196988564767, -0.009055678392910282, -0.004449545063261472, -0.0003288349057408576, -0.00022120784961457827, -0.0020197339661948512, 0.0012480485202341078, -0.00233742519415811
0.008679376860559543, 0.0056670776850415334, 0.0016622096020151799, -0.0018119855377014664, -0.005487470571217899, -0.00939577778614351, -0.009622528401660588, -0.003137061005035209, 0.0002908459505477934, 0.0015888162659412888, 0.0023365762595609807, 0.004909674786165304, 0.0038281852591370365, 0.0017575428251569367, -0.001265482192366655
-0.008772198088829565, -0.0034366591124699508, -0.014231799790767897, -0.04519371661206343, 0.0022943017772695143, 0.013181391248753845, 0.021961664613481056, 0.027156768586645508, 0.041334971920881994, 0.041398341790945564, 0.00028762298167612095, -0.025398051230175776, -0.018426045735966016, -0.015072201342476822, -0.017084391006904318
-0.0007877747174149034, 3.385109286344284e-05, -0.0022915052523587573, -0.004794529405108023, -0.0012543021448387834, 0.001506329140952198, 0.005837184901349805, 0.003604814858488056, 0.0023370529392090266, 0.002098667689781651, -0.00026593435695342196, -0.00026871627404396396, -0.001445412846312247, -0.0018733998609123366, -0.002436325764701803
-0.0038225588794631392, -0.006860092311466506, -0.0018569782452953962, 0.0031151395362736356, -0.0007855937944629936, 0.002740586619776621, -0.0017821231711222971, 0.006313083139688785, 0.0122018958972585, 0.008188734612877325, -0.0013500582337228786, -0.003419439539893079, -0.0072834993698062, 4.079201012499895e-05, -0.0054398882707675025
-0.0189094623240403, -0.007721198449319159, 0.0011509272872727804, 0.005678828127091824, 0.009652789726244879, 0.0018340474640471394, 0.011202870657315312, 0.01930922844215581, 0.012133858569716405, -0.0021324275410977513, -0.009573056625481913, -0.01688609440338791, -0.005650507292832711, -0.010881562675108388, 0.010791759037424084
0.002091479082308804, 0.0010245242344018447, 0.00030475037621621276, -0.00404766563641652, -0.004906216790042992, -0.0023212980098556964, -0.0014317746491322187, 0.0026051903383067037, 0.006482680499012998, 0.005536704460367893, -0.00025011191890969797, -0.002389687233503084, 0.001134873076844572, 0.0007596680270247177, -0.004593115856623354
-0.0032066540845212283, -0.000739150362936926, -0.004709098440007955, -0.0015790481624254578, 0.0013087883419685988, 0.003101569291234005, 0.008100344656997431, 0.0019593135820425585, 0.001566908578537647, 0.0029217718745850134, -0.00020750669252757033, -0.002453357639296573, -0.0025979704327798963, -0.001763406693407949, -0.0017025038174617168
-0.000476212814293736, 0.006733778859181188, 0.002015047522618554, 0.00896799669161747, 0.00028208088999044255, -0.002049387756905465, -0.007322858492634252, -0.00882084440553561, -0.007958822967687764, -0.0014823809719298761, -0.0006521078568423122, -0.006117763254323651, 0.0011531674051989715, 0.0060720090893300735, 0.00965629806221622
0.024515613255095794, 0.018314449874760046, 0.0031419534289538627, -0.018379567264585263, -0.014850464080615947, -0.01062246841903712, -0.0026997178952230354, -0.00874543799456198, -0.011230590232249931, -0.002234412033632448, -0.003554260521353379, -0.005913627844008451, 0.004688596618917975, 0.011224364462244927, 0.016345568645294767
0.026822783066385587, 0.021909741548326932, -0.007851088298808847, -0.016909071490139257, -0.02085830507088425, -0.007619317927068822, 0.038303870150685315, -0.010769727737727974, -0.034686033289233545, -0.028363879624428757, -0.008213641099854346, 0.0021058480201020598, 0.011298427906935507, 0.019857050313452806, 0.01497334353225798
1.009871217127947e-22, 6.928930214582125e-23, 3.222009597332769e-23, -1.4160176024159866e-23, -2.7281093496290065e-23, -6.817600885440734e-23, -1.247168609456735e-22, -1.7708597101924556e-22, -2.1347663059550423e-22, 1.928317850013167e-22, 1.3465889845657183e-22, 8.67728958079942e-23, 4.5084874038693264e-23, 5.764413746294868e-24, -4.2725523599809295e-23
0.009982430971362382, -0.004761815670030953, 0.0018701141705251662, 0.0081177892659106, 0.002691046909415937, 0.00043945629885875373, -0.010371506280842293, -0.010412511034426555, -0.005664325089318774, -0.0035359444099847246, -0.0012904469223851108, -0.004100525596196693, -0.0008959544352358028, 0.006327515778285524, 0.011604676044062628
6.387234329264964e-06, -4.00688419573181e-05, -0.0013997058646799273, -0.0024985218864155023, -0.0005488470877280403, 0.0020105788189872654, 0.002228777875811619, 0.003000705107428156, 0.0008865443843670156, 0.0010603376984241514, -0.0001696782167986203, -0.004280194661646169, -0.0021491826240468003, 0.00046649484137279676, 0.0014263732225519659
0.004976399968796964, 0.005079509320634112, 0.004651995371849472, 0.0029555483865147704, -0.0018189858680943065, -0.0007007347596110665, -0.0031319867746900476, -0.010407855995737951, -0.011114007084052715, -0.001362900984631279, -0.004712790262684434, -0.004310664703193073, -0.0019277106174743486, 0.007506284062608258, 0.014317899939765403
0.014709641493773871, 0.013366663121697214, 0.0026645985164859146, -0.005493103610218757, -0.005414162713637369, -0.01335553330846144, -0.008461057345598391, 0.0023613548058076, -9.619702395835936e-05, -0.013248990608032222, -0.013350709196380872, -0.010080503316954741, 0.007027924695055664, 0.010658390586526133, 0.018711683903895847
-0.0004880896091173768, -0.0015834729849446133, 0.0014382930357688787, 0.0020901738692909845, 0.006272385666668283, 0.0018385951920852248, -0.0062266026282070605, -0.001624635009390491, -0.003058719198089695, -0.0009290568836680097, -0.0010595591496580464, -0.0021630783302402797, 0.0005429997048054225, 0.001720098823055007, 0.003230667501641592
-0.014679589175449712, 0.0039855631208021, 0.02101298170935086, 0.007609125732788988, 0.016100513290228224, -0.011337283970902903, -0.023587756744025724, -0.031074863672992545, -0.0028371263745751896, 0.013547266753866603, 0.006170382450596893, 0.02194205318899749, 0.014593767425872536, -0.005306512931029526, -0.016138520803528043
0.020283439650682862, 0.012016915385462018, -0.0023704995015804238, -0.007346371317178721, -0.009076622298072233, -0.008489231268190326, -0.009692340521895045, -0.0068594044063117, -0.00575893920417669, -0.004163042872528076, -0.0008639704431339221, 0.0022542467902437018, 0.0037825575743601863, 0.00628875864192761, 0.009994503790390859
-0.002477624061204936, -0.0071791072528186155, 0.0017288433241356652, 0.0059039279193705725, 0.006639973197412131, 0.00391697180318485, -0.002268458126111298, -0.003190860979414568, -0.002032116013832971, -0.004396001270386458, 0.0004318999622388, 0.003184688888557311, 0.001549937206996975, 0.0009481793091221765, -0.0027602539072497565
-0.0030261058382611353, -0.0014526920052483744, 0.0007501814272585158, 0.001705137786935371, 0.0017719446809613688, 0.001484409165220437, 0.00046289936664257564, 0.00022338759203573258, -0.00010604130462719438, 0.0005701016455266904, -0.00012857306333838333, -0.000936241068725812, -0.00047714474146939916, -0.0007912078108951972, -5.0055832015170364e-05
-0.005458443773194627, -0.002500060939077403, -0.001336277659320045, 0.001782082290726586, 0.001975618764403722, 0.0021906310817267497, 0.003771445867968245, 0.003545934595847897, 0.002531084548108376, 0.0015817159377332815, -0.0009713090228691465, -0.0013425090434822325, -0.0013938118862738926, -0.0015082447305260075, -0.0028678560317715583
0.007554307729064474, 0.004782052501202215, -0.00026635196602925665, -0.004176189647369976, -0.0046807627503959335, -0.004273320909567962, -0.0036967765888853534, -0.002176046152255346, -0.0008468563693993347, 0.0002761351029674459, 0.0013212020988713046, 0.001982477953670628, 0.0010912746146683045, 0.0015670416735552417, 0.0015418127099034883
-0.0033296696161217573, -0.003552835562214712, -0.0011851483718824344, -0.000830527069613112, -0.00044471077294671175, 0.0020156206013821664, 0.0036334494063951167, 0.004219837713942213, 0.0065822597431175345, 0.004097485100005291, 0.00035525430901409496, -0.0030556161686301074, -0.0025231237365115075, -0.0033290269847741265, -0.0026532485911619323
-0.07154254777869833, 0.020174612184396083, 0.018579401411644977, 0.015719576149347193, 0.013162220950073309, 0.011087552975986417, 0.008370526556652791, 0.006054272097320402, 0.004256447235567498, 0.001655661913763615, -0.0007490617533711774, -0.0031930492605879352, -0.005182074335772794, -0.008174197012435488, -0.010219341333886453
-0.03927155725905142, -0.016221808070206976, 0.047309314832101566, 0.02564320097157775, 0.0203904903971759, 0.013341600145801597, -0.006522814877447711, -0.013483258657243109, -0.017155825499052594, -0.02161987414403045, -0.017769411727409902, -0.006562991596172083, 0.011719115693792423, 0.011847056228184622, 0.008356763561980275
0.004306063042341208, 0.0024081923811052914, 0.0034693484708234433, 0.004849387647466769, 0.003851134603228444, 0.0007181563326841202, -0.0035473823815083947, -0.008381297521467436, -0.01268556751601728, -0.008538075215237143, -0.004668643083739088, -0.007792296557108318, 0.0025338961953994543, 0.011294010144508851, 0.012183073457520201
-0.012685425566690925, -0.006219769291222392, 0.002722673188101429, 0.02709133495223352, 0.011818940169645778, 0.00865416330972672, 0.0023326077634152295, -0.009121668265734921, -0.02109437484936689, -0.02431470338831641, -0.0047523916230231885, 0.013080772973888358, 0.001799245098306004, 0.0011986636682003373, 0.009489931860837159
-0.0452765195299311, -0.04288403689604576, -0.011801639885195324, 0.0029850188647919645, 0.013764390703143895, 0.030043635207870116, 0.04021642776061615, 0.035430615004566776, 0.02802358313174762, 0.0233202870451713, 0.021130808735694683, 0.007083523821313739, -0.01613791410354976, -0.035875039057865925, -0.05002314080232826
-0.0071417158251616715, -0.0013592539472177423, -0.0027999559872357908, -0.0001630064277665916, 0.003250784024084139, 0.0039041881495196188, 0.00724372874575781, 0.0020133584536555665, 0.001860469968560735, 0.00478955098259278, 0.0003462193540290265, -0.004989961583449221, -0.0033855433318408937, -0.0013964880362283547, -0.0021723745392994175
-0.021996586239427064, -0.013839217826238566, 0.0008867942610408826, 0.006973435355659378, 0.013608580006559819, 0.0020605517721235095, 0.013714643210478354, 0.023243263928216046, 0.016992462060697846, -7.80179398460172e-05, -0.009065164980021759, -0.02205792405562543, -0.00525337678525368, -0.015161537155198324, 0.00997209438683506
-0.000399595872094779, -0.0001472475169458285, 0.0005120625542801797, 0.0006371355620500098, 0.0007172573055576988, -0.0005854321206467534, -0.00042483905743747653, -0.00029791340385838615, 0.0009094255999436832, -1.0027622023328165e-05, -0.0002356998504249976, -0.002144562459470471, -0.00039784532093087467, 0.0007015023448918469, 0.0011657798571096832
-0.0016772433945071346, -0.003889081782059265, -0.0006070684230726209, 0.002724256875622665, 0.0050009376173276625, 0.005374131389465977, 0.00243776736134864, -3.535880836987191e-05, 0.0002889572385568157, 0.00036220608991666836, -0.009258328155094562, -0.009836002273620274, -0.0033502946795214163, 0.003423415143579943, 0.009041705800426814
-0.009825410130740604, -0.00509598330303187, -0.00032876172572387624, 0.003023556548561968, 0.00043300869091709483, 0.010579924801951272, 0.018611181995604537, 0.004406005365713847, -3.4202510737442826e-05, -0.004453828874658966, -0.014761453777632971, -8.819075962083376e-05, -0.011626881071136227, 0.00024714876210972877, 0.008913885988424528
0.004454472727115434, 0.0016273284998157254, -0.0002629628156983094, -0.002451383542529797, -0.0018726113635915821, -0.0018287570379985827, -0.002400731924866997, -0.002329347986173253, -0.0017110140621408641, 0.0007173613056499311, 0.0018364526211738202, 0.0035707447817216083, 0.002368936976848022, 0.0011824614200776928, -0.002900949599402919
-0.03591131800558549, -0.02034031621119282, 0.002222655697048366, 0.013730752657574511, 0.02012800458027306, -0.005573430540249361, 0.019782347843633745, 0.0420208449004191, 0.03318993012255136, -0.0030939603670333783, -0.02302043208003497, -0.03317532140247024, -0.004639406890058119, 0.0031652746408387536, -0.00848562494571459
-0.012936127603348687, -0.008307005881537832, 0.001165183262873237, 0.007373154243789939, 0.008669192581944894, 0.006667890853957098, 0.005460312212492043, 0.0029279289956641716, 0.0011774961595778911, -0.0010872577875229615, -0.0006397129284625823, -0.002943559803100123, -0.003434934729753802, -0.00024026454113756048, -0.0038522950354357606
-0.013024697380780487, -0.009038949028645063, 0.0002528940479306348, 0.009476440980684087, 0.006880263486655871, 0.006252785614025272, 0.00587743220557245, 0.003053298907997862, 0.0024359573577807485, 0.00028571303071320145, -0.0011734780722188966, -0.0010627287100843112, -0.0027975641040878445, -0.00346081672567808, -0.0039565516098655955
0.01926967134139637, -0.006324518728815176, -0.00630465656457978, -0.006932346297729546, -4.968107830224214e-06, -0.005019762604581171, -0.004957295875817584, -0.0010309114092747773, 0.0001435317336007128, 0.0031982611442144563, 0.007172229908162971, 0.0035694314412773654, 0.0009307661388251878, -0.0016539182207862162, -0.0020555138980629666
-0.031580206268584224, -0.01892351340385019, 0.003663030645969167, 0.012355174333993748, 0.012997583504702245, 0.024243985190299678, 0.021854813180750488, 0.0024757281344437534, -0.008717971889499063, 0.0033774775511266723, 0.001073299498628903, 0.009896307096457144, -0.008610361942960129, -0.013415979378764853, -0.010689366252713299
-0.014296392863454086, -0.012680012740787477, 0.003645247265190688, 0.00662764077411118, 0.01566742506618284, 0.0101003872541752, 0.007243140950271426, 0.0035440350421523147, -0.0003470516482072074, 0.00011195201163073544, -0.010570593866625939, -0.011744372202107996, -0.0024035964172913152, 0.0018567759129386597, 0.00324541546182075
0.5463179916229441, -0.15906033781354748, -0.12194790900232653, -0.12263930101730158, -0.10538164122542665, -0.08692495558564954, -0.06943676209468293, -0.051602997528833905, -0.03264155078069248, -0.013793437918907069, 0.005230941208253755, 0.025705649205450244, 0.04473355842362577, 0.06190448503962227, 0.07953626746747211
0.016888817051427897, 0.006975979114918936, 0.0038589113465107134, -0.00855305676622674, -0.011340654360057455, -0.01642421939203906, -0.014716470153259428, -0.0049332846552207705, 0.003751391610833051, 0.008450996836282766, 0.008578956934847462, 0.010038077377811299, 0.004560328424429116, -0.004179257570118248, -0.0029565158001395235
-0.030555723532252957, -0.016402378730066523, -0.0019853639966982964, 0.012296236713760698, 0.013723458750185717, 0.011973170842819096, 0.01822510641597859, 0.01882711392167982, 0.01425214156028654, 0.0022541517952315154, -0.008122892415567372, -0.009105879034920855, -0.009766792822400306, -0.010447772741440146, -0.005164576726595195
-0.03507960141381514, -0.009891385705830492, -0.028263651584655755, -0.015375593438187299, 0.017656096421904258, 0.015661300386412638, 0.027570365361041193, 0.041033193037020695, 0.04222942465550491, 0.012418835562147257, 0.012524115916284743, -0.003920141843597168, -0.0022857582035258907, -0.04654540851015407, -0.027731790640549835
0.009762920657331088, -0.00975771633735828, -0.012437544586258209, -0.011634137653012865, -0.016373901869680133, -0.020708413317545943, -0.01862707349623328, 0.013847106988977662, 0.040000942819910866, 0.03594416644634677, 0.042518640961858256, 0.04717377187473224, -0.007176243301003932, -0.04737283201782255, -0.04515968717024192
0.03573905878321215, 0.0009645464732151355, 0.029983658941878395, 0.044172948620475355, 0.045847841267437815, 0.03145896197350052, -0.10680529596824558, -0.09119789312581712, -0.06870679099770144, -0.04321966855122342, -0.018631584599133517, -0.0014979200978003297, 0.026933031466689735, 0.0461194044451469, 0.06883970136836556
0.0007742231132393529, -0.0020857913849475266, -2.8730000111874205e-05, -0.0002560429251901416, 0.0014463066530631319, 0.0014590534285660217, -0.0038996333645719217, -0.0043880557042627446, 0.0026166344793586813, 0.003893311725819223, 0.0031257603888401714, 0.0020578220621422266, 0.001722329388386344, -0.003531225967720075, -0.002905961892611131
0.009478891692977581, 0.0023579324278175723, 0.006047945650168409, 0.0030391366536495798, -0.005761146114070541, -0.005959396428135443, -0.003991552441819636, -0.011185542617967241, -0.01178306692366342, 0.0015868421616312164, 0.0011142867129142783, -0.0014491312848785545, 0.0035950616895175955, 0.007578104956539609, 0.005331633865319044
0.004159295503589503, 0.003955418621549029, 0.0038331389122966946, 0.0020866625064473333, -0.001826455095828572, 0.0007072129075558811, -0.0017071669957740487, -0.01016302684855577, -0.010176065830756557, 6.809881597005641e-05, -0.0031665077310091163, -0.0031615506166532384, -0.002538919739939851, 0.006041048206057996, 0.011888817385050515
0.007899193957181111, 0.006699192572632619, -0.003173881171688366, -0.016165892423590258, -0.013030658930232883, -0.0076150992009678155, -0.006844954089435923, 0.0012609565406700779, 0.0012256005202448158, 0.009847039728438985, 0.029693658746517623, 0.022444290665926583, 0.014872764105901128, -0.009433246042491171, -0.03767896497910718
-0.015250562433959558, -0.006369361355033864, -0.011643260582799218, -0.01119917790078441, 0.0030823559414026513, 0.020246662189343605, 0.015115736448065381, 0.008204336652127359, 0.022308925808018985, 0.020677634319906428, -0.004462245898824744, -0.00823969363764459, -0.0036728200694106324, -0.01950813347503112, -0.009290396005376088
0.29312612031832747, -0.08382990288204765, -0.07408219259859632, -0.06451770706924201, -0.05454597136415126, -0.04569987892467027, -0.03467618016600725, -0.025793302467635778, -0.016590617079612423, -0.00685067057926272, 0.0030017116362189896, 0.014032749410849013, 0.02317891817367834, 0.03275944876911283, 0.04048747482303876
-0.00623073154316925, -0.005807064439140492, -0.0028088928753139636, -0.004634597707804099, -0.0022022282894512274, 0.004801544498528228, 0.011815811297428149, 0.007856773234257895, 0.005993387106799929, 0.006324080645253335, 0.0039488206759819705, 0.0025343888450468, -0.0038330929999198884, -0.0066191411149598145, -0.011139057333537768
0.0004451437002600651, -0.0006365265644131594, -0.003589628110264387, -0.003942166777130756, -0.0012338390315644078, -0.00036714229319893165, -0.0028195418130867503, 0.0031240344233731073, 0.010291484916066206, 0.007775383592596937, 0.0023772927881706507, 0.0016254583674166138, -0.0034979766459867796, -0.0032024505214818273, -0.006349526030756419
-0.0002624797432560195, -0.0026457344621371457, -0.0032568441825246517, -0.0006892014106401114, -0.002135923590109701, -0.002234802707377768, -0.005874872338187235, 0.0031511004888356217, 0.005238265030156738, 0.007090990734304473, 0.011158325360400175, 0.015565681865746056, -0.00038302758588308963, -0.0063024900476845, -0.018418987411642634
-0.014796560105392783, -0.015452862445464812, -0.0026193741747739083, -0.010822169475732842, -0.011383989869435522, 0.008709923608975897, 0.0006053609384186823, 0.03010068960121977, 0.036726554811718846, 0.028085898022918197, 0.008881346440934697, 0.0060132689428576405, -0.008732444237764436, -0.01847084400711259, -0.03684479805136683
-0.00836740943634583, -0.00851689177220574, 0.0011316846164035747, -0.004071736753031512, 1.5456863639870765e-05, 0.010451195588263436, 0.005851679114847998, 0.004449471494183109, 0.01381576194736805, 0.008848485159049436, -0.0005610327183770391, -0.0011904020133769301, -0.012793529671729297, -0.008837449497175116, -0.00022528292151426948
-0.006811887392811248, 0.0009224931097169966, 0.005301642252329817, 0.014030642494234021, 0.0016506464457137443, -0.001296921032271526, -0.006460887958478197, -0.0049512840932957975, -0.004215132024554611, -0.0033616224601732522, -0.0038244537207970403, -0.001151860002093222, 0.002035330312805676, 0.0037107944747581945, 0.004422499594916567
0.009782521795503839, 0.005398407340731856, 0.007404590523425054, 0.006445919436991834, 0.001262930615887143, -0.004676839351086865, -0.01049877585313036, -0.01919221090362873, -0.021783610996915854, -0.006165288533748256, 0.001561653067860455, 0.003173125293382464, 0.008476788547570264, 0.009711673900284481, 0.009099115116872987
-0.026769196139577806, -0.016971900960718975, -0.020932593053711663, -0.031520004893430875, -0.037990445079028524, -0.05900450940006114, 0.11444762687097512, 0.10573278987360421, 0.08512717450769164, 0.03230914167418633, -0.0029381993742841864, -0.03445938409050481, -0.02748924262904734, -0.05365020016681346, -0.02589105713927843
-0.027808317091299686, -0.012475277323419512, 0.00030139018156138107, 0.01820086079576343, 0.011631161265780208, 0.013079285830167419, 0.016168740758395035, 0.006749573456259417, -0.0035108933094345146, 0.00036781093678024294, -0.0024220247987970234, -0.006462064528395264, -0.005259866643458366, -0.00413290059977295, -0.004427478930129739
-0.013396890890311588, -0.0019466833688000253, -0.012472258640641377, -0.02010198078335505, 0.0040342578918729855, 0.0143795258839752, 0.009720331407729953, 0.012451787749337261, 0.02761761488235806, 0.02190790292778867, 0.002804468783976591, -8.083613964907011e-05, -0.010043365023103499, -0.01716506942218866, -0.017708805258989792
0.06899211757462301, 0.04977145414386323, -0.005195688059441943, -0.05052455007289767, -0.040583747722420335, -0.03316201369315946, -0.026577755825213652, -0.022126613225435673, -0.009639758904514384, -0.004368036582939857, 0.010421433208322188, 0.024071783519531213, 0.018537593427568604, 0.005706163337394684, 0.014677618874719757
7.18379604169219e-17, 1.0648140865775284e-16, 1.0357319577155642e-16, 1.0724672783833083e-16, 1.0566506819846964e-16, 1.1066515351157926e-16, 1.1423664302094328e-16, 1.0755285551056204e-16, 1.1112434501992606e-16, 1.0444055750954482e-16, 1.0285889786968363e-16, 1.0648140865775284e-16, 9.321587619440078e-17, 9.168523783324477e-17, 9.66853231463544e-17
-0.000871804412520919, 0.0002634772071342235, 0.00018397149159312849, 0.00020455334102475206, 0.00016139990208371397, 0.0001234955242539352, 0.00010234676708750917, 8.56407615594481e-05, 6.365359754390408e-05, 4.5285509008991265e-05, -3.355755953173525e-05, -3.121909263497627e-05, -4.3911336741872024e-05, -0.00011404371537367708, -0.0001392879844864639
-0.00020635259347915686, -2.3188144512268765e-05, -4.3416796099543756e-05, -0.00013066876557412129, -1.6748828550632752e-05, 0.00010584780201545949, 0.0002599155907024976, 0.0001516816806270114, 0.0002568696927162952, 7.869352586151572e-05, -3.8913121754491036e-05, -8.17025632765554e-05, -9.387887115480023e-05, -0.0001236661272124641, -9.447248030874904e-05
-0.011469380124524135, -0.004966974501047781, -0.007932226714425346, -0.007225103742782709, 0.003179583975176762, 0.01404615491309988, 0.01040620584339725, 0.006364694253665482, 0.015437389053750302, 0.013956438522662066, -0.002437180646033945, -0.006517958326777654, -0.002967524520022488, -0.013377768823128133, -0.00649634916300953
-0.0005901330020105127, 0.00017711619420299036, -0.0029083314949036846, 0.005712412765227422, -0.006016918514925252, -0.007588828508027077, 0.003588729722141086, 0.004928576993886331, 0.005866874963557024, 0.007240610421981865, -0.007008172586947594, 0.0004767782736089582, -0.00046728154950415046, -0.0005858292532655153, -0.002825604425021892
-0.0022304008113889426, -0.00166515519246502, -0.0005121842244585741, 0.001667721227282151, 0.00022650575707939172, 0.0006503982288836781, 0.0003675367457296598, 0.0016643154809792408, 0.0022612363882947317, 0.0010267247416834901, 0.00019224523510782995, 0.00018812697247385242, -0.0009423680717620562, -0.00018490566106363378, -0.0027097968163757626
0.0007250607248047915, 0.00026435894954614654, 0.0006308985701182204, 0.0011993430118779158, 0.00031829758265297973, -0.0012898542654479535, -0.0015820380114536657, -0.0008731192112151022, -0.0007278187556048869, -0.0005136867050057878, -0.00034834622876184635, -0.0002842984063910832, 0.0004333005947418949, 0.001157803672589329, 0.0008900984775490627
-0.0005672662526422459, 7.473857821404342e-05, 0.00043453332891581334, 0.0001779519152833762, 0.00042878163712127657, 0.001072815117955983, 0.0014516457213329392, -0.00012311747684053392, -0.0014823482304780746, -0.0011709141101062014, -0.00165738826641523, -0.0018274739053231097, 0.0005788025133958738, 0.0008067888277437222, 0.0018024506018423931
-0.0011509384838161408, -0.0006825800826654095, 0.0014393322709357985, 0.002707999880238973, 0.0013174672158643946, 0.00028965182963258386, -0.00022577718257758166, -0.00233850083201432, -0.004574753071121719, -0.0020153275053098976, 0.0017423270710042649, 0.004849856667933946, -0.0013363524080688826, -0.0010001389447983182, 0.0009777335747625006
-0.016342679808043034, -0.007005862650969008, -0.011353341631965896, -0.009227191916731497, 0.004568768364252248, 0.01949865557577549, 0.013577775260817843, 0.007461736184070391, 0.023094888124052495, 0.020997809429080985, -0.003602708607919346, -0.008643666176365404, -0.004004497946507955, -0.019624543792629737, -0.009395140406917414
-0.01845783562152845, -0.007389816943306451, -0.013658771239775805, -0.01231694386135855, 0.00403770283631693, 0.022656242540199822, 0.017729844025520327, 0.009935213992213927, 0.025864216839445352, 0.02431152887124116, -0.004660516354222364, -0.009396326970282764, -0.004954964088499276, -0.021801475946132555, -0.011898098079831164
-0.013132879621820016, -0.006222433019184835, -0.008583754778825987, -0.006924720716074326, 0.004352268742945061, 0.01618164422109722, 0.011377043789432254, 0.005594617276487102, 0.01671915091361738, 0.01554672610472875, -0.00319149073780531, -0.006025987725292314, -0.0033392363421075387, -0.015933364686615673, -0.006417583420581796
-0.022122442597019776, -0.010307132268164529, 0.002218516387822869, 0.007986553121344912, 0.012061555711841332, 0.0012936148185462423, 0.013298864113949108, 0.022578286980950647, 0.015115434806775208, -0.004113128511428441, -0.01343425793081814, -0.01900689821250971, -0.00742406348679866, -0.011985490356945738, 0.013840587422453761
0.0045402484575756035, 0.001577231848480219, -3.476177945686852e-05, 0.0007501047501135955, 0.0013798789957875591, -0.001241554683818195, -0.0035716252147569233, -0.004358811428179637, -0.006705336688685277, -0.0009122999323606017, -0.0004636709725714239, 0.001434363540956047, 0.0022288070834351123, 0.0024458794721943186, 0.002931546551286432
-0.004030184147252249, -0.0029495221374625687, -0.0028559968542290685, -0.000279940017779226, 0.0009356545697751423, 0.0032249940592685815, 0.005209904096198834, 0.004450191015656072, 0.002872524592762959, 0.0022870543785292563, 0.000388105031922201, -0.0009079134887620616, -0.0016529822696138186, -0.0032875283868843697, -0.003404360442129493
-0.023712785596443197, -0.009367594890049803, -0.01279353141253701, -0.008904033949549011, 0.007053070052537909, 0.024945164563340692, 0.01685612327277647, 0.007662094585847893, 0.028401055906744493, 0.028226675362366855, -0.0044642946939635955, -0.01187890609884292, -0.005322828226294485, -0.02569650628958581, -0.011003702586348453
-0.01250103269833965, -0.009694806011843351, -0.0020836331240412643, -0.00468238307833501, 0.008091935424244691, 0.0018636439038948428, 0.007789901971366387, 0.01727059391307241, 0.022209596499467642, 0.021572895309437123, -0.005041684992339111, -0.024810606917543873, -0.015354743293401099, -0.019162783494243153, 0.014533106588603073
0.001000173873778568, -0.0012535568353418158, 0.0028858209199883805, 0.0023704296783724206, -0.002669681308589711, 0.0077718988392890525, 0.002259347485250244, -0.002827121815681525, -0.007551895294143035, -0.009073956012675813, -0.004268896138735366, 0.00032056925417541204, 0.002165264931120359, 0.002518522243064838, 0.006353080180128326
-0.010747843398845732, -0.006150657242977763, -0.0030754120348604943, 0.003447240908734219, 0.002998241531359091, 0.0029001095119067133, 0.005957193053377579, 0.008064741728290302, 0.011154064071170366, 0.001614781388008014, -5.0444524194228036e-05, 0.002312933362350463, -0.002614885939604062, -0.0072860327591316686, -0.008524029655582743
-0.011521470481136003, -0.0027657283123350735, -0.009894751150288395, -0.0023500440425595717, 0.003423187482093682, 0.009246328275335424, 0.01915942058554418, 0.005372885062151103, 0.004852740022395844, 0.010926746733862054, 0.00023685640603729116, -0.011646902306269758, -0.006816520496548275, -0.002615687866419505, -0.005607059911863024
-0.00655968626043219, -0.005313636893589048, -0.0004275156710438887, -0.0004095889165346668, 0.0033051129784990945, 0.006701419405030364, 0.01243964992295573, 0.005411733243528236, -0.0016303644838433604, -0.003135305950835297, -0.0036294200542201236, -0.005366238740119395, -0.0012849162955478268, -0.0015697374359188501, 0.0014684951520714605
-0.012734612035286324, -0.0053519898292274815, -0.006623506248354854, -0.009743559499388264, -0.006129338338506407, 0.006796310464247616, -0.0015428584680923381, 0.020340516577678526, 0.031388996533358436, 0.022293141704737302, 0.00531620914233901, 0.0029830455602742082, -0.006216692942762256, -0.012972768433170322, -0.02780289418784665
-0.016146258728579947, -0.007813139308943699, -0.003279414171998916, 0.005087450398938655, 0.0034398332107871397, 0.003674584080273847, 0.0057896342951518085, 0.010950682835264106, 0.01450219429140393, 0.008952851719203583, 0.003952819367426969, -0.0019981852629205156, -0.005346890648289824, -0.010332358875157802, -0.011433803202559264
-0.031599714465653315, -0.013685496607963473, -0.0022984282377696273, 0.02823704900647773, -0.0009480808422428513, 0.02781663300220941, 0.03186538097458093, 0.019822775705437203, -0.016843672773528988, -0.0157257887193899, -0.011628325424203705, -0.01302282054241428, -0.013570335394284264, -0.004856893776763211, 0.01643771809550821
-0.005218502147959608, -0.001953375474390253, 0.0043401946591289965, 0.008460513855551115, 0.007267742647931676, -0.0013199415260665703, 0.0021903757186900854, 0.009145795049480598, 0.004134237525562183, -0.011569354069738589, -0.023376052037368245, -0.0205597204635707, -0.005504103384910946, 0.010196320582621968, 0.023765869065038317
0.03281364349370394, 0.013124002931365002, -0.009281954109974067, -0.01625773921667619, -0.014295684522315453, -0.013955920381912472, -0.013818663111697231, -0.007644134954667386, 0.006993378447623633, 0.0030339607479111684, 0.006181903870277734, -0.0017734926271132476, 0.007252440262240906, 0.0017918193705931933, 0.005836439800640596
0.010133066519529922, -0.0008628698872472407, 0.007096469870498522, 0.013610284045405792, 0.007171824916732533, -0.002004931565878748, -0.02118278937714216, -0.018832722321713763, -0.019347295373345074, 5.5799705197208394e-05, -0.000894488567492062, -0.005654583319707272, 0.0031270798375495597, 0.01219343877814287, 0.015391716739470086
-0.01663746815805091, -0.010215019729114538, -0.006911943332176172, 0.0070789371139492905, 0.0020005227601705214, 0.009470481109800411, 0.008124659465546837, 0.013997180955415212, 0.023177416264483913, -3.180244005074573e-05, -0.004382761001771835, 0.0034654149636304753, -0.008682542819066597, -0.011827878210637306, -0.008625196942128602
0.008256497566737835, 0.002737398206088651, 0.01167236779697006, 0.02028996126297202, 0.008731695531950245, -0.0057939580927781386, -0.01746893187776162, -0.019865303380246852, -0.0260483610680383, -0.013692488478305408, -0.0057409495920680495, -0.012229747170429411, -0.0024589938018445517, 0.018525752412509717, 0.03308506068424331
-0.05464310344924227, -0.01915895725863165, 0.08976340076114946, 0.05121405987493457, 0.050297585155862495, 0.022549536658770627, -0.056551331649751714, -0.06749391217149994, -0.018951651757847687, -0.051777836815590894, -0.02716690825220038, 0.001133264133235767, 0.017115298796103608, 0.03613711944641062, 0.027533436528297504
0.07048897528580324, 0.035871621975961, -0.012318288627915005, -0.01325871404024668, -0.010862560822864483, -0.03529739491618561, -0.06277843340964742, -0.07028547124813679, -0.039052537515192755, 0.0209157536897468, 0.0500449327088517, 0.04684644430320613, 0.026897516775509417, -0.003761133876212571, -0.0034507102826767553
-0.04594452005673294, -0.022697002987499947, -0.015519515416072268, 0.023882189180792605, 0.01339888193941879, 0.024534573789278993, 0.042990807442882834, 0.04647558689264389, 0.04168524753039662, -0.0035744181511863076, -0.053998279076845644, -0.024903471381676465, -0.05301443572815727, 0.002251879828920046, 0.024432476193837243
-0.0409647070010519, -0.04002235345264905, 0.03989845890118153, 0.05402468346456696, 0.04182524908121281, 0.025912751774405725, 0.0004355741083125026, -0.018954378281599515, -0.02832888059913135, -0.04063269757717398, -0.027563629528448822, -0.01793890289444064, 0.008180420786036488, 0.019319423003366303, 0.024808988215412636
-3.9574949539672555e-05, -2.972016434572682e-06, -3.637528780191105e-07, 1.3648540963478593e-05, 1.0926281806003719e-05, 1.3700745396183715e-05, 1.8404698342363146e-05, 1.1109558362579292e-05, 1.9041034860777415e-05, 6.014113016360917e-06, -6.027517818883679e-06, -3.4910975909238556e-05, -1.1856865742081722e-05, -2.4174745188840426e-06, 5.278580093605e-06
6.058104557851588e-05, 0.00032398877644010957, -0.0011488368414298488, 0.0034466122585283974, -0.003198091826537933, -0.004665519908456267, 0.0012285744260043343, 0.0015225293472810337, 0.003308266683549432, 0.0038003710925880205, -0.004207261387348546, 0.0007803856693365631, -8.467140869497362e-05, 0.00010339091854667175, -0.0012703188453855269
-0.02212032446551264, -0.0082815610416343, 0.0008434497598466192, 0.006030402426302185, 0.010973990390219727, 0.0023814156252031857, 0.01246382577656606, 0.021209050347748726, 0.01302138026599494, -0.00046809718275599155, -0.008618194835074984, -0.01860942770380447, -0.005582903385484249, -0.012778517384362434, 0.009535511406747833
-0.0006178154494402071, -0.00047186144569612504, -0.00028079331235576755, -0.00021125878597294637, 0.00029384380516187165, 0.000458344920453975, 0.00066031463205384, 0.000727529157984302, 0.0006066795501033148, 0.0002196495901061988, 4.0686067191269214e-05, -0.0003249372420750079, -0.00026767905788280006, -0.0003526816957662789, -0.00048002073386560473
7.314355337558986e-05, 0.0006989687037491513, 0.0008560137281430199, 0.0011114480074789677, -0.00027608713800201043, -0.00024962146983668215, -0.0011308585057116767, -0.0011644306497958653, -0.0016189814465235194, -0.001051096489245722, -7.236427956934754e-05, 0.0008268540644153536, 0.0008713852749296814, 0.0006321469873743481, 0.000493479659218718
-0.012616702106938493, -0.005356836079574739, -0.007462155306200712, -0.005857485891075941, 0.0028160267776335714, 0.014037452658612441, 0.010151001737632219, 0.004900393615548303, 0.01699147889361993, 0.01591007176821202, -0.0023884201694448354, -0.006866404235143786, -0.0032461587483285925, -0.01461122522880159, -0.006401037685749893
0.000485551839764661, -0.0008378546269314001, 0.0013888035581702397, -0.00043057470732354964, -0.00033787524256021677, 0.0013768525183508542, 0.001971094144405097, -0.0012304935131551352, -0.0005458482401229448, -0.0014633500974287166, -0.002301438963260667, -0.0019291959313460388, 0.0007109671417400132, 0.00016009396469125745, 0.002983268155006608
0.00046358923784661776, -0.000718553335976882, 0.0009139372367959857, 0.0037164602960642786, 0.003779725155049679, 0.0037496595873590666, -0.004811515460431563, -0.005412088425116944, -0.00169487848169457, 0.004471142920128932, -0.00799493775568377, -0.00799808328932219, -0.004403698587567572, 0.008430143117488482, 0.007509097785060183
0.010550341556766896, 0.004879844766326431, 0.007029612767680783, -0.015372645502154184, -0.00631148159058998, -0.007303997614025838, -0.0013289076079385249, 0.007563494791206144, 0.002687733580768158, -0.0032247292668007264, -0.004896336801950893, -0.009020359000141732, -0.001156445500766547, 0.00909513537089826, 0.006808740050721437
-0.014494125272022516, -0.006198799973681404, -0.008386472320065529, -0.0064502860539428775, 0.0034136073824503205, 0.015806763718148133, 0.011405690140516057, 0.005544483318915546, 0.019332361489259126, 0.018450731921036377, -0.002662445572427879, -0.008057529483242152, -0.0037971646098752636, -0.017192012325592046, -0.006714802359476139
0.003282593420682656, 0.002164564554067338, 0.0014447037648870073, 0.0024295307900868354, -0.0017223284979412886, -0.003598531595663056, -0.004467878307527422, -0.0021285498471071405, -0.0026318663980496107, -0.0014755141286494347, 0.000260996737628597, 0.0009630400500284089, -0.00021701135926474862, 0.0017656984177926841, 0.003930552399029191
-0.008933135541184408, -0.012674051769116887, -0.002441334937531913, 0.0008190454208014085, 0.007285287812354178, 0.00930216542109586, 0.00627203845555676, 0.00324553740781363, 0.0048587381283567675, 0.013281991724820856, 0.009076848698639953, -0.0012524074285187592, -0.015447413563340326, -0.016572078992454137, 0.003178769162706891
-0.04803758271113126, -0.023168408987850702, -0.004673722404514956, 0.020382023219458402, 0.01845169108968065, -0.0010761135592268233, 0.028857229754341837, 0.047718100135736435, 0.03766724430937284, 0.0011265354555376255, -0.01393582662953067, -0.027797969082190552, -0.012131606079106407, -0.0023542568216377863, -0.021027337688938504
0.0005150688684035252, 0.0014552898156812459, 0.0003719934784149581, -0.0004822800034004277, 0.00012038632092011025, 0.000319434109100216, 0.0015088145510127639, -0.0014933062363499533, -0.0034102396488257716, -0.002440869769883022, -3.829997214626257e-05, -9.719959952535727e-05, 0.0001655397142870415, 0.001794789591120345, 0.001710878781190502
0.0017684175857407298, 0.0017611584050160386, -0.005936855153818751, -0.007562121351874608, 0.0023427909123594007, 0.0034070053566644413, 0.0036184442505167386, 0.003943494383242623, 0.00295457292587817, -0.00265549380314703, 4.137598481070582e-05, 0.0009676914296864146, -0.004500313263232886, -0.0023882010109075287, 0.0022380333490658374
-0.007150247153276788, -0.00619509279867442, -0.0029967838037937154, -0.0006952955669303085, 0.0025410374218532822, 0.0037991462247832933, 0.0063531855272941275, 0.007601357463093308, 0.0075991521405020055, 0.00553772972036529, 0.000285898487498913, -0.0017307610298765662, -0.00178189808415158, -0.0050594294280898525, -0.00810799912059705
0.012663598123057038, 0.008221511836130077, 0.007956539807244358, 0.0013469329444311638, -0.0038422002957113482, -0.00545755114423291, -0.007900744454957665, -0.015005903564107054, -0.020010357540316832, -0.006911014051742647, -0.0010515639120724403, 0.0016662445977970626, 0.0021279226699001726, 0.010891368191169296, 0.015305216793411897
-0.0031681979938112843, -0.004670659295429546, -0.0006952522438346202, 0.00042534564493896697, 0.002996369559345374, 0.0050511745971207654, 0.0018479247064873703, 0.003228175255658115, 0.0023051598448503297, 0.0015529444768729271, -0.0008178275121872595, -0.006091596754844738, -0.002482909743930594, 0.0008489145242594007, -0.00032956506549534133
-0.011115256368061883, -0.013316580219888286, -0.0073152588694091365, 3.011167598219338e-05, 0.003666490270649331, 0.003996229559407637, 0.007902078460607, 0.012823645999702336, 0.014377192458525189, 0.014264928194180166, 0.007635000104421863, 0.004235249870903691, -5.771129764550655e-05, -0.01015023157257466, -0.026975888266800006
-0.01093651865599975, -0.011221702883329654, -0.0010291457005076345, 0.008583791261772125, 0.004929865079574757, 0.009872335236145759, 0.011939482052956413, 0.007548204243814287, 0.001727000543113269, 0.0033664951682958436, -0.014250081437360847, -0.01119892941372009, -0.005045466876758378, 0.003912057786433462, 0.0018026135955707557
-0.005243902208220673, -0.0047819658457833765, -0.007869680145336786, -0.013593569547334407, -0.004937517123968643, 0.010997364457837538, 0.02773469306979482, 0.009929914965520408, 0.01361716268141281, 0.006586395368445476, -0.006266560835555324, -0.01156577250630713, -0.005684204759092355, -0.004945427074236555, -0.003976930497175836
-0.014118281032107324, -0.0035743114493754086, -0.016548762053228395, -0.004777768544214548, 0.0012038717439141183, 0.00722837802035382, 0.007230842779806422, 0.02024849592436363, 0.021047058329001604, 0.011951644900722605, 0.008911718647755145, 0.005392362837925897, -0.002859292737810557, -0.013563703521636754, -0.027772253845470017
-0.002143243407342673, -0.0030545271562264493, 0.0006842658710241968, 0.004790931544743776, 0.001214614425886799, 0.00192533586015431, 0.0027365458186542667, 0.0005260597243363907, -0.004672523451019038, -0.004853046638903761, -0.0026499310394191575, 0.006095956822291305, -0.0002710295596375492, -0.001091841619866256, 0.0007624328053237346
0.02269737814126261, 0.011341541006913702, -0.001573730340283552, -0.014310292318744486, -0.011172969352739651, -0.00943306872331544, -0.008038342447277344, -0.0034239574028178507, -0.005096092150713006, -0.0003635962046465214, 0.0026266568541410654, 0.0018151847657196542, 0.002997361914031337, 0.00644403434293967, 0.0054898919155296055
0.015773599010984064, 0.010645397026467013, 0.004389853929749291, 0.00019214477559136684, -0.008229099061118217, -0.007175421911910027, -0.009459141454043273, -0.010066238691233215, -0.013697054282825983, -0.014279524270481906, -0.004082553242745246, 0.008548586084282005, 0.006384517395385418, 0.01048957007973338, 0.010565364612164944
-0.019156134855547333, -0.014885242425137129, -0.0004970524428640753, 0.002722507799435915, 0.005553104416900126, 0.010402533183459954, 0.014496076722425094, 0.013524274583254538, 0.011283162401060356, 0.007706882131655133, 0.0009048731988283653, -0.002810154385348718, -0.00680435045298847, -0.00989500945523484, -0.012545470419899278
0.005857485374267012, 0.004802115415959058, 0.0033395765521235, 0.005009634864263927, 0.0033737855135733273, 0.0014045344158731114, 0.004778508882512457, -0.015868482503206206, -0.025182276951912837, -0.012856584006520164, -0.01596383934857832, 0.012844766386603725, 0.00832515485278817, 0.010906774077165697, 0.009228846475087675
0.1891382563923507, -0.05425873120367805, -0.048116572706331656, -0.04171492351922891, -0.03491384708063895, -0.028855550684709113, -0.023531740564203228, -0.01629758337637716, -0.010375981566037022, -0.0035657212119261177, 0.002691884494354726, 0.008367202052495956, 0.014275640184183369, 0.02053045341201855, 0.02662721537772683
0.021404467200352696, 0.020406377335765974, 0.004871293839015738, 0.002523790881036293, -0.0027387343436692775, -0.014082328653370156, -0.01886195099903415, -0.02391028710954795, -0.023545476776961543, -0.017382149196464098, -0.005881850182674311, 0.0113575460584294, 0.009828041614843595, 0.019215533116461344, 0.016795727215816472
-0.020404254144166273, -0.011012176871446467, -0.00805887441652626, 0.02118636864768885, 0.018583148282630142, 0.01494046320538177, 0.01073304746901956, 0.00010094095508471823, -0.015564163542283458, -0.007919581271839973, 0.0026767522506245542, 0.005336865975823626, -0.00031487964120474696, -0.007497282926275375, -0.0027863739725105642
-0.04148809410194663, -0.03103097718637373, -0.021540460743697518, -0.00733845794011299, 0.027182776052534365, 0.027171894294012525, 0.045810431028912094, 0.07011295317885155, 0.06995872944596443, 0.01186556494111011, -0.05050964968558757, -0.08702798465655318, -0.029938770842697627, -0.006284449522922753, 0.023056495738506794
-0.11292357606481004, 0.03401696873373436, 0.02737123060283793, 0.026166804345186742, 0.01624756163911471, 0.016902449140500618, 0.0146418798185996, 0.010509370357352527, 0.006624431936257575, 0.0035724465170705443, -0.00011092071675804747, -0.0026387446258339404, -0.008011289460625244, -0.016104761905347542, -0.016263850317279983
0.012546598537713213, -0.015375807248088312, -0.009581964391680218, -0.0038978313986729376, -0.006252157417442756, -0.001627116753894594, 0.002744357822340118, 0.00626181483660785, 0.0066893200253385346, 0.006243553571060455, 0.013671054527694692, 0.019897038857470538, 0.01050238305267707, -0.01326289748864626, -0.028558346532477272
-0.023886719624234897, -0.018981127989634042, -0.007398933418615647, 0.028644105438519772, 0.013679170577469542, 0.015660292621075968, 0.01631520901952016, 0.00504736612410593, -0.014899588237968744, -0.0063424006519881065, 0.007328351928882117, 0.006448186851564952, -0.005838528693116669, -0.004588172781319035, -0.011187211164261517
0.006585137235252439, 0.01830417716208893, 0.00603868687404255, 0.004603158679835598, 0.0024354048629010574, -0.0023218597664142766, -0.0062373424671824974, -0.016027004138396944, -0.0202154728470942, -0.012347635632109357, -0.025307196502575194, -0.018821055997100395, 0.011059617825048522, 0.023988979202182792, 0.02826240550952119
-0.02633259601668881, -0.02227463060870373, -0.00891278907348527, -0.003207756600509865, 0.013999054348050329, 0.019336885515798208, 0.02773359120246549, 0.028332665933703892, 0.02978172513448067, 0.01212127881253828, -0.00811201386288085, -0.031751183954783206, -0.014781921059092717, -0.015785866079631287, -0.0001464436912610714
-0.5052996051772342, 0.1415173271106709, 0.12616478447264165, 0.11134591447054863, 0.09470078193930959, 0.07976346631862533, 0.06208845922165546, 0.04476542291838677, 0.028699256339102357, 0.013172436711015298, -0.003930935527109644, -0.021241907363626758, -0.04025852052190759, -0.057349119614407404, -0.07413776129767015
-0.06971297793141415, -0.03711319462619156, 0.10694311902503349, 0.0723425397109193, 0.05277360246074338, 0.030624516444574715, -0.02803005544086224, -0.058464246786289864, -0.053134823581096856, -0.0687470876740888, -0.04737160747678702, -0.01438934851257897, 0.03164577896358848, 0.04140865185682865, 0.04122513356762149
0.07300056712374439, 0.03137822251906729, -0.006047995626959788, -0.07870976714931001, -0.05183444762909219, -0.026900361519935946, -0.002236750275393321, 0.01990898514167632, 0.01843129075160828, 0.009949820837935526, 0.007840396130005166, -0.023895389916061185, 0.008787282685207336, 0.009850561025810113, 0.010477585901698077
0.09740349991384578, 0.08336004482422085, 0.016775631132936262, -0.0118039451609864, -0.05044350348679311, -0.08271642078956332, -0.07866563042684943, -0.06130671722087787, -0.03635506184399041, -0.028615805018015004, -0.00021190709577431632, 0.016966579837237757, 0.027897319221810546, 0.04392377418362196, 0.06379214192917632
0.1127206996572792, 0.08926489499680103, 0.05260765792211115, 0.018651855916264566, -0.01987525026603627, -0.07009896648212821, -0.10318410588983681, -0.14908047984822048, -0.18701453056214745, -0.1985957231958841, 0.15728009853324845, 0.123189078039491, 0.09558195155126775, 0.04889793474949086, 0.02965488487829925
1.6283271027835628e-16, 2.0724163126336256e-16, 2.294460917558657e-16, 2.3684757858670006e-16, 2.590520390792032e-16, 2.7385501274087196e-16, 2.3684757858670006e-16, 2.220446049250313e-16, 1.9984014443252818e-16, 2.1464311809419693e-16, 2.4424906541753446e-16, 2.4424906541753446e-16, 2.294460917558657e-16, 2.0724163126336256e-16, 1.8503717077085943e-16
0.08446352569236523, 0.021701764163281956, 0.03109477332389435, 0.04040460460445907, 0.0023711940750156773, -0.04505145871702884, -0.08797893857904643, -0.10097993370260508, -0.05122921901628265, -0.0026110203627478365, -0.02763868368164617, -0.060782861480143606, 0.021649424292957947, 0.08027689439468698, 0.09430993499283984
-1.988140214485191e-07, 5.5408146588386465e-05, 2.7453558294902245e-05, 2.751307876111359e-05, -2.209459269340168e-06, -3.331022225039426e-05, -2.392994605465016e-05, -7.166990859979337e-05, -8.086122008870018e-05, -2.804266442538413e-05, 7.286252772476681e-06, 5.161579009269027e-05, 5.469456080480674e-05, -2.5944139948212275e-06, 1.884526139027077e-05
-0.0003370620905247169, 0.00011128122661553235, 7.920098579183292e-05, 7.126318595685805e-05, 5.797325643450636e-05, 4.451100406320796e-05, 4.1960781790219975e-05, 3.4223925266191506e-05, 2.4082114736989865e-05, 4.205964492846487e-06, -8.449175921154333e-06, -1.916468081498803e-05, -3.2437367878993566e-05, -2.70359147796996e-05, -4.455321522844376e-05
0.01376717429493341, 0.008006893777566223, -0.0031561032692982867, -0.017185922934301198, -0.010822225513587977, -0.0033905107901183945, 0.003661495487700932, 0.0015072724907040402, 5.289879450033179e-05, 0.004129616492911274, 0.005238267009591605, -0.0018826037564115404, -0.0034450303574994484, -0.0003983581038166886, 0.003917136377125876
0.0009308223714207169, -0.000273155700300776, -0.0002164037830199216, -0.00020344827598063874, -0.00017378630654684598, -0.0001328091868023845, -0.0001271474601871597, -8.732355945389364e-05, -5.953443871339958e-05, -2.694156093725839e-05, 7.2461973342583425e-06, 4.0745971704504306e-05, 7.581488221311714e-05, 0.00010493964850046326, 0.0001409812007692186
-0.0004921087610226119, -0.00026241285746389265, 0.00015268476568069088, -5.475770745765336e-05, 0.00012301672616029383, 0.00021727069620272027, 0.0006582828443303959, 0.0002574103808888778, 0.00016140299298070994, 0.00022280014566071794, -0.0002176210155599509, -0.00057150758950437, -0.0002775979098143137, -0.00012494758888615816, 0.00020808487780451794
-0.0011138800085040358, -0.0018653646086214714, 0.0004473239341360616, 0.0017286409656802218, -0.0009801700004691155, 0.001233131830420354, -0.001435454872696084, -0.0005560725502804072, 0.002264943475711781, 0.0035850709963685568, -8.773468626794683e-05, 0.000584555877941293, -0.0005078247418728077, -0.0023613126776587234, -0.0009358529338874905
-0.0015918479215346396, -0.00020029270653765463, -0.00027603553976306936, 0.0006539110285829282, 6.570996152710389e-05, -9.597831543774807e-05, 0.0008976645701313915, 0.0008222270115052235, 0.0012553566366624478, 0.0006211194772429352, -0.00025673805864480983, -5.603316695767616e-05, -0.00014468652984431137, -0.0008744315797481777, -0.0008199448671839149
-0.0013278246626756793, -0.0005061379957630425, -0.0004753370870298273, 4.4531327981961175e-05, -0.0002660289520564626, 3.67730629525019e-05, 0.0007603245943215629, 0.0010980908980645966, 0.0013869506949853473, 0.0007607990280688378, 0.0010712440894098322, 0.0014554199604397654, -0.0002162197408104408, -0.0014008574956911402, -0.0024217277221978114
-0.012098118748915806, -0.004913021850598805, -0.008564494595492404, -0.007531245537068643, 0.003166630911604377, 0.014698895511632289, 0.010674091741087315, 0.006521989098260043, 0.0167875770916251, 0.01497761723894484, -0.0024435009711219592, -0.007038316120538934, -0.0032980814618475945, -0.014270877315660239, -0.006669144991909844