
0.00393245129939918, -0.00019535093925308148, -0.0009937223964816134, -0.001195905591440268, -0.0006637481013677936, -0.0009014857340922089, -0.000620527508399791, -0.0002829050571978206, 7.000464660842558e-05, -8.782121723528843e-05, -0.0010354078194698033, -0.0007802927695907257, 0.00013579958968275578, 0.0004902709842265165, 0.0021286406146115195
-7.710119397034013e-24, -1.742386695784372e-23, -3.490559680465126e-23, -9.020716777145252e-24, -9.706862616565504e-24, 6.803291741199467e-23, 7.928117169730729e-23, 2.6922386150267655e-23, -1.4613042657780597e-23, -2.4632879469171156e-24, -4.1120683663296796e-18, 3.8868038353216036e-23, -1.7642164754794642e-24, 2.646098269235499e-23, -1.0722711644205915e-23
0.004107411218835984, -0.00045731998411320865, 0.00033920075306337203, 0.004988849970533566, 0.008445771583055206, 0.00300467724196328, -0.0008441729251597562, -0.00805721563214227, -0.011536933156390435, -0.008919488909651184, -0.012227940187062105, -0.003929354513593704, 0.004306861850760906, 0.007052869909297917, 0.013726782780602586
-0.010152728120069484, -0.00414855433909834, -0.0059970051521530164, -0.006430669468071313, 0.0014899255428994763, 0.012341099382403454, 0.008936307233853809, 0.004560778737753705, 0.015209831205119147, 0.01406046367352696, -0.0035363774950006267, -0.007089506239852746, -0.0017630441720962369, -0.013235421396454202, -0.004245099392760224
-0.021024370540395014, -0.00849417130098344, 0.0007871005286638244, 0.0057407957394144974, 0.010980904330546104, 0.001990876938369048, 0.012201942157209716, 0.02018102364947289, 0.013510742210277833, -0.0005033260264795559, -0.008519484946673442, -0.01836617051924156, -0.005418836674582663, -0.012971881989666003, 0.009904856444067809
0.007012909929391095, 0.006051186286956389, 0.0023517414545170946, -0.0010149683742002404, 0.0011253009008968834, -0.00042836675674509173, -0.006428714861375497, -0.013652364422166462, -0.013596734479760408, -0.0005358474577921326, -0.00015815088942074313, 0.004213380665043469, 0.006612220050360468, 0.00472382119735115, 0.003724586756944191
-0.04279755280909189, -0.028456761957105732, 0.034379447572227904, 0.019144528853062403, 0.020597180695159912, 0.03990258906822566, 0.049204714596060836, 0.03642296697043847, -0.018332726812308926, -0.07681495219101604, -0.04861330153898457, -0.06896594297018656, 0.0021207195177510674, 0.02344758025198363, 0.05876151075378383
-0.005483473591228173, 0.011010831115616923, 0.020350915101781327, 0.006961821931084855, 0.007289581507734034, -0.021927351083708368, -0.024886908129765045, -0.03115534958732401, -0.004101967698912614, 0.01021825997401664, 0.011965742666703602, 0.022184120563530998, 0.008960372358190171, -0.004345710614107152, -0.007040884513613253
-0.015596681071727729, -0.02523681719824795, -0.0040217517423034475, 0.001476030981314667, 0.013681847301240882, 0.02252656130109019, 0.01189060917649884, 0.0015418620167920657, 0.009055894935761533, 0.02738905711951754, 0.018941192780158853, -0.0059369196582140515, -0.04240468037640471, -0.031443900162505416, 0.01813769459702869
-0.0074688683137221264, -0.002934191276190518, 0.004580786122534917, 0.0020962538062223373, 0.0030079661911565224, 0.007809484714587198, -0.004909858931924978, 0.00034950507505185536, 0.0005439127668843439, 0.0007874807842475994, -0.004851186845022731, 0.00038357149250813646, 0.007010085912108412, -0.0018192902132862481, -0.0045856512851547935
0.004860380529857122, -0.0057403106807371864, -0.00011059016211356631, 0.004420945929589386, 0.004330098501265818, -0.001278172940339485, -0.00524038482638731, 0.0025089770497651793, -0.005753047713016324, 0.0037054965917270215, -0.00211308040534146, -0.008588759584524777, -0.000477616798510033, 0.0030028361560256816, 0.006473228352739939
0.007324660177998794, 0.005053380107474584, -0.006845396174548743, -0.016672238596346912, -0.01061457787296041, -0.00572474925191348, -0.006232104133688625, 0.010450900650999519, 0.003075652217409723, 0.007287480465482775, 0.024961010267243452, 0.01835015704489234, 0.013124624978687252, -0.004365832518310917, -0.03917296736241923
0.010201383050457011, 0.006611733372181056, -0.009283793139855808, -0.021602462499219613, -0.014971797160694755, -0.005307893272297668, -0.007607861496154572, 0.002763104808617059, 0.0044796170051697596, 0.016653508935861077, 0.03369010053434545, 0.027523580981663968, 0.020061040669290705, -0.008327595139802935, -0.05488266664956089
-0.006423248487691671, 0.0010287797590772525, 0.0018653724421178847, 0.0016610228326182398, 0.001387987741644779, 0.001062857027093307, 0.0009962358449360645, 0.0006465320221353198, 0.00040102347346578955, 0.0001590580725658355, -4.541997210181197e-05, -0.0004001261408945871, -0.0005489798770488522, -0.0007669932176948863, -0.001024101520222697
-0.011785998552586307, -0.00394383001422174, 0.0008075337241714805, 0.0007933723270677841, 0.0014958918693718836, 0.002281359761077119, 0.006435481210260569, 0.010281127939684796, 0.007500780656723557, 0.00280509373637451, -0.0012650333677795154, -0.0008560549704623541, -0.0037797141926696853, -0.004929058024373259, -0.005840952102638893
0.0025445755611789287, -0.0013803196934660167, 0.00022393480220152882, 0.0037214803633665, 0.00782122236512977, 0.004096283549579963, -0.0011642033123336981, -0.004409208750932535, -0.009702485958983905, -0.007028901092052386, -0.0059704059673467, -0.005245055238446935, -0.003913553939870509, 0.004599227371414862, 0.01580740994056079
0.003408928801798913, 0.0007030593293300536, -0.0016769295620043738, -0.0031988007065169447, -0.0036330891729052894, -0.0011503649388508162, -0.003600954499848759, -0.00396645562263783, 0.0004318672531096627, 0.005154322029274736, 0.010107488378198309, 0.009196811997790391, 0.004073749520139682, -0.002828512666247613, -0.013021120140630208
0.0006497747304814048, 0.0019875704449565518, 0.001535828608565135, 0.000733267971847611, 0.0001081948532605576, -0.0017890895433640601, -0.0020377925342828724, -0.0027629593925837543, -0.001745293029159512, -0.0028055246799283274, -0.0013607249628434012, 0.0028440498779052936, 0.004690802132321121, 0.0012602879033541813, -0.0013083923805299344
-0.007604745089810049, -0.003061591752990634, -0.008063564064547222, -0.008855986980357028, -0.00643597097795134, -0.0019141186536824808, 0.011709639823042147, 0.01512761804457406, 0.013992412827677804, 0.01515092777786052, 0.011718020254127246, 0.01057654398028988, -0.002086390055089891, -0.0116759663315564, -0.028576828801586792
0.029741447220008883, 0.01790671006781289, 0.00768382104386202, 0.00020654941890048672, -0.016825427180024673, -0.014039619626665807, -0.017382352425628064, -0.0271628710168439, -0.02241420604990953, -0.011191311132993213, 0.0020001655923766637, 0.006133651325851165, 0.013583915886541812, 0.017036720711508576, 0.014722806165202652
-0.17639538538745572, 0.03523387059945862, 0.049167261370382, 0.0429895339182873, 0.036619263391566174, 0.02933709936982768, 0.02337625148887989, 0.01708358000271478, 0.011000337241248544, 0.005483670510282088, -0.0016357747658118289, -0.00793335465587745, -0.014801361316785727, -0.021693022422930402, -0.027831969343785956
-0.016347933612249104, -0.00635592989382196, 0.0029177408696060892, 0.0058590873136316725, 0.010362044811769527, 0.0021453285815335567, 0.011023671339741109, 0.014623413875147956, 0.010081012236582143, -0.007179466208465796, -0.014188345167994198, -0.016525538464809076, -0.005635644108935645, -0.008433822982396805, 0.017654381410660818
-0.06686626607677762, 0.005468231401339665, 0.02038946163487239, 0.01812019036094452, 0.015823527217979295, 0.013521896263459296, 0.009945737264060553, 0.007638283697393415, 0.004444504955937348, 0.002519818711619966, 0.00011112683559234282, -0.0033342500591315868, -0.006252022370629863, -0.009124974993989909, -0.012405264842669638
0.0039437394251110435, 0.0031812033794974617, -0.00015912055623805156, -0.004780245069230119, -0.006960849620108256, -0.005519616627361225, -0.0037811318986322937, 0.0013464753625148276, 0.0008701652766384529, 0.004528123514880362, 0.009448278695973818, 0.007689163372051134, 0.00591975998201052, -0.002528814048148484, -0.013197131188959304
0.01133383521917305, 0.008983853490022117, 0.008329717143323857, 0.000978790982120242, -0.008955221922944286, -0.007045776641998907, -0.008116175849941638, -0.011889573630361897, -0.012434361709649407, -0.004491201051185889, -0.0018883775618260428, 0.0015779412556061214, 0.003297904820433967, 0.00821958861102444, 0.012099056846204334
-0.030821726947091344, -0.010111244624614431, 0.005772591445008293, -0.024046097773942312, 0.017009087982110743, 0.036370614442519864, 0.011722537995656104, -0.0070404733643925745, 0.02763064091194803, 0.03524763809041546, -0.0026140859575337653, 0.003497191299162783, -0.049539950894978306, -0.026714428866918154, 0.013637706262649398
0.023756901759029166, 0.012578103916713518, 0.008499927319150839, 0.001062866562928376, -0.008202239904533, -0.013562642302687866, -0.017291483001514295, -0.0314040162386326, -0.015759950924903527, -0.004560871127193433, 0.002348680073774441, 0.006849293309028487, 0.01345958894202549, 0.012945804965508966, 0.009280036651305116
0.006186214950887022, 0.0019208826389346945, 0.004394929763142361, 0.007546937204379048, 0.01467784689000817, -0.0021589599246194966, -0.014250864482904826, -0.02116977613334651, -0.014932792316954074, -0.008305856086337916, -0.0026885900326319026, 0.0030855625139295574, 0.00573160033122954, 0.008674075453403419, 0.011288789230880749
0.06155634542215209, 0.06132143683905298, 0.036713287739439465, 0.003767331696144463, -0.02430853581201311, -0.05720121459224111, -0.06360445649309905, -0.05655453013960472, -0.046774688921295285, -0.03722141705847003, -0.022472846357589348, -0.0065552986356351515, 0.022104544370387454, 0.05374944744025526, 0.07548059450251617
0.0014025334702884196, -0.00032918092515032586, -0.0003707784374813425, -0.00032516103222133305, -0.0002990762258566324, -0.00021826996075773888, -0.00017497153236519078, -0.000139656694942677, -7.895612390103595e-05, -4.9900378958237776e-05, 1.9197116011499357e-05, 8.50350802038029e-05, 0.00011625363502185234, 0.0001613947395290779, 0.00020153727057978588
0.7501532770295236, -0.2140399892946474, -0.18983670749914597, -0.1649419704749197, -0.1401930803253071, -0.11543288519786223, -0.09072337005220457, -0.06582609501576676, -0.04118264938141182, -0.016523807056470375, 0.008234705731774266, 0.03298864047326186, 0.05780042866654583, 0.08238187308363684, 0.10714162931299354
-0.019235690909126142, -0.015269038977834335, -0.00954650122537164, 0.002847890603519718, 0.021566559164716167, 0.01260442585093891, 0.0066341522090357565, -0.004836503986239663, 0.01522121270054839, 0.015539060916665463, 0.014830609653768154, 0.003545841948065173, -0.010134845438555161, -0.01600757093763791, -0.017759601572492498
-0.002666668415970595, -0.0009138177987142563, 0.0004047684458008109, 0.003992247190198295, 0.00635836652910666, 0.002610560846436077, -0.0013405130323894611, -0.006973001950061767, -0.0009858782519934464, 0.0023022989484386886, -0.004542075991204292, -0.0025755385167778905, -0.005404434194811354, 0.00400501644017942, 0.005728669751763015
-0.004958315976604434, -0.0022363701383563864, -0.0003837268310075977, 0.0005223373063263211, 0.004381051119282965, 0.0020746758352915688, 0.00236719398881313, 0.001747213690323469, 0.0008862203441281639, 0.0004757262144551957, 0.00013912717855127778, -0.00037637725271102274, -0.0009551955125877845, -0.0015153334475675186, -0.002168226518337304
-0.001941226888006863, -0.002105289967068693, -0.0027467387751195275, -0.0007074864622210304, -0.00017411640712247688, 0.0015076761837587041, 0.00231151419642736, 0.0017327940592937606, 0.0036155755802620257, 0.004372558403549471, 0.004342892706465157, 0.0015344886974855585, -0.004622606582792858, -0.0034465004312747307, -0.0036735343136358074
0.010889927755271594, 0.008281847267279168, -0.0004612764130476765, 0.0009185553309920992, -0.005197624134135455, -0.006359388814311625, -0.007373115590974913, -0.0039024252946640186, -0.001997531930389237, -0.002939111755270313, -0.00880050184154108, -0.0057146260825891235, 0.0022966171337050673, 0.005254249433040704, 0.015104404936634529
0.0010207002640085373, 0.00024419199545392973, 0.011590749816791836, -0.0029339847545924126, 0.016964030825190057, -0.001332015239371426, -0.0039043638485756703, -0.01672393007308404, -0.0134103742728766, -0.0179079149821615, 0.001995668949237017, 0.006460165022666681, -0.003187537711664647, 0.015384510171078157, 0.00574010383790007
0.0001395195950550756, -0.02229411171346495, -0.40870039265035585, 0.186815073198883, 0.12159778903955772, 0.11262797508157749, 0.07363583906666045, 0.14853562915196178, -0.04318796420525534, -0.0005433110558382794, -0.05982259826165884, -0.028914351440175547, -0.0601273939572766, -0.01302412237352008, -0.006737579476149872
0.4253790019214511, -0.04974937712186272, -0.12885870938604232, -0.11200121849450446, -0.0958866950850142, -0.07964467693227928, -0.062637679705855, -0.045791279552359045, -0.03100315101485727, -0.012843957125204792, 0.004590527205168538, 0.021822840577933, 0.03879548780415557, 0.055880315062346565, 0.07194857184692399
0.023190592045653814, 0.009839745631408424, 0.019581051444474435, 0.0056835604159905075, -0.015783839783952643, -0.01652884950572885, -0.014676285394813271, -0.03213086113662417, -0.023483403315634827, 0.0012062733466858997, 0.0013999130123445037, -0.00343559391216591, 0.010526806660971008, 0.017370160274465116, 0.01724073021692572
0.01221996438288111, 0.0044195034021603605, 0.0016136234107777462, -0.004540035011611233, -0.015175150705836282, -0.00860028882931012, -0.004255405626925693, 0.001506071329478932, 0.0046836189331486274, 0.004931378116756894, 0.004104457644480639, -0.0017476508596345908, -0.004915235606386892, 0.0005956998722544551, 0.005159449547765805
-0.0035787587952909286, 0.00374382483567092, 0.010774497348623227, 0.008485093495699004, 0.012221153560613091, -0.00530541851067792, -0.007863432231465576, -0.009331537133581057, -0.013216002238180927, -0.011712860012442676, -0.008383093421728867, -0.0030597181578069592, 0.0018245394847882534, 0.009491115093005913, 0.015910596682774697
-0.008385836668374577, -0.011988099556292445, -0.008526542006471174, -0.0068357561961950135, -0.022230386050688056, 0.00609676570722182, 0.024446866454832284, 0.04272317214848199, 0.027183400161612956, 0.012601206539743906, -0.0019198025943120722, -0.013377727844997073, -0.017701326193887007, -0.019336725079690323, -0.0027492088209857407
1.1102230246251565e-16, 1.8503717077085943e-16, 1.2335811384723962e-16, 2.9605947323337506e-16, 3.762422472340808e-16, 3.6390643584935686e-16, 2.898915675410131e-16, 3.8241015292644283e-16, 3.1456319031046104e-16, 8.018277400070575e-17, 6.78469626159818e-17, 1.4802973661668753e-16, 2.6521994477156517e-16, 2.3438041630975528e-16, 2.590520390792032e-16
-0.00013581005631971283, -6.484972328310225e-05, -3.221940377879856e-05, 5.087808537501507e-05, 8.29035586173431e-05, 9.101021177496636e-05, 7.452591461992237e-05, 3.631113882345206e-05, 2.120137475575616e-05, 3.3757835333022966e-06, 1.422855823400651e-05, -3.708269848264828e-06, -3.0954012726806644e-05, -5.512024763137952e-05, -5.177291214538181e-05
-0.0005243372684958587, -0.0001236958073255204, 1.701471430092659e-05, 8.304045309403175e-05, 0.0002728496160428261, 0.00015145104788805776, 0.00016458219689680415, 0.00017276164736636495, 0.00014285633211396335, 0.00014774078563605704, 2.4717828306829166e-05, -1.2591560298311968e-06, -0.00014804964744895996, -0.00018123547073405712, -0.00019843727161143884
-0.008263324606853356, 0.0004566132608224084, 0.0028918063689935404, 0.0021291996263913637, 0.002077249292559418, 0.0014856767508826343, 0.0008412833941588709, 0.0010560020704824616, 0.0004252079379943443, 0.0006981297817948361, 0.0002318548974747576, -0.0001373066953445631, -0.0008823082041557762, -0.0014309451756533125, -0.0015791386995478397
0.004108639094594437, 0.0028246473837450154, 0.0004254947139262933, -0.0014112272296662267, -0.002960981496219004, -0.002539391010014579, -0.001775017584501459, -0.002118799466152499, -0.001453483441866989, -0.00010296822498578054, 0.00020878338791543261, 0.0008538224383885215, 0.001124039416502553, 0.0012633327139044063, 0.0015531093044298663
-0.018010017394510025, -0.007392252446898883, 0.0006157134191567949, 0.004777609850574115, 0.008724315656078865, 0.0025376560037265123, 0.011514282280919984, 0.019050525245635268, 0.013254628874683205, -0.0025493564186122464, -0.010187885961878133, -0.016199515272061364, -0.007658903268763623, -0.009365834568318786, 0.010889034000268348
-0.00023382923583638055, -0.0021465980203760867, -0.006624121933117368, 0.00348953853235679, -0.006067845695652484, -0.005608994345603312, 0.005846164986840294, 0.011196848092586389, 0.010278018922875318, 0.00966027843599455, -0.009032829841285615, -0.00325875884827078, -0.0021008685652318675, -0.0015641002445961833, -0.0038329022406832385
-0.023777915280057363, -0.009503587167332121, 0.0009384442361999929, 0.006317762276999965, 0.01224454909374878, 0.0024962164896761654, 0.013885747465696362, 0.023556406692298693, 0.014759438760759771, -0.0010393466559848556, -0.010155911319749585, -0.020486641272697836, -0.006037645028257426, -0.014412574832542522, 0.011215056541241811
0.003544006847356115, 0.003611166395775018, 0.0036135212747119005, -0.002078242430791699, -0.004054945917813597, -0.002302692370193452, -0.006239466037221012, -0.003470423521986758, -0.004796035592248029, 0.003372401316286627, 0.0018742403930633142, 0.0052300249444657086, 0.004200987942471143, -0.001255269422882281, -0.0012492738209933024
0.007114061345126361, 0.003344723110297045, -0.004631387521473894, -0.0022292211396991433, -0.0037820373151340103, -0.003548609852331559, 0.0015748488565982004, -0.003686234757174647, -8.52870000297442e-05, 0.0022744966859641366, 4.951078519215465e-05, 0.0020578709068776995, 0.000813717869314588, 0.0011226847688358518, -0.00038913674236285147
-0.04797207683172598, -0.021497918586299385, 0.0022644171332640178, 0.020049428033319397, 0.029157782151599445, -0.0030465598685327066, 0.022680552186008604, 0.04190064695393641, 0.029589021973954563, -0.008809327486872735, -0.021576267486380654, -0.03436931176060109, 0.0002160011253544055, 0.0199510830028043, -0.028537470539828594
0.013688799250019014, 0.01202454713842828, 0.0038837824888652375, -0.005188411087177118, 0.003810219759952552, -0.010348791757592422, -0.00935863518376825, -0.011715212636018532, -0.002409084188922795, -0.014651572623297724, -0.014810112770655835, -0.0046615865933112965, 0.013639049113400286, 0.008076808819595742, 0.01802020027048284
0.01836910395712341, 0.007675940895333415, 0.01378954547572292, 0.003940442383265467, -0.00965965243879978, -0.014236280445675018, -0.011308812872833748, -0.02346334459186889, -0.014907639256296531, -0.0017768590028554865, -0.0014530274019375618, -0.004728242877463779, 0.008666560014774283, 0.014656713323820644, 0.014435552837691129
-0.013235007587562811, -0.004352802807646002, -0.002851501194646003, 0.0006725136895532303, 0.001059360010707216, 0.004085025380105885, 0.007513460768741554, 0.008250287185598185, 0.005309187197575457, 0.006312127146721497, 0.005091886234230242, 0.006801473623681516, 0.0008199040985842834, -0.002349151425394172, -0.02312676232024992
0.026104429969974523, 0.012549898381685107, 0.00977204396486794, -0.015914856998116764, -0.030264846528541684, -0.02044138540983363, -0.018371698335965764, -0.008121106337909387, -0.007935268193365319, 0.005886253662318609, 0.02753084058031965, 0.02778058791029446, 0.02257741731210984, -0.0008091539414521206, -0.030343156036385457
-0.00015745866565711737, 0.0009655116225220971, -0.0008959737050363389, -0.004126605252126083, -0.01121149369664143, -0.0034520244724500233, 0.0022468724940560253, 0.006401382530853897, 0.007576417420664163, 0.007730299570600242, 0.0061644352449362885, 0.006482926873457395, 0.0016943206147998892, -0.005409553196429756, -0.014009057383549359
-0.0162500695248936, -0.0008232098749814768, -0.0033327219696417357, 0.007118102634098659, 0.0004872541824634967, 0.005604277350361928, 0.015019490308129432, 0.01938214749222959, 0.016601856435412947, -0.00649877763961333, -0.024030346006140315, -0.013391838630932589, -0.02419844589248161, 0.00633078478326194, 0.01798149635272668
0.0068383517843523456, -0.004898540468349883, -0.011636302778286398, -0.006158671696658517, -0.005020962976373204, 0.0005735122136025114, 0.004902918429313534, 0.00831038869237931, 0.009647161208708961, 0.006182650734922082, 0.004373840041738952, 0.004964741597074437, 0.005153244341702747, -0.008515219898006486, -0.014717111226120325
-0.034087638219675, -0.03469137768875007, -0.033623873986107174, -0.0024004844555472675, 0.024792759861777272, 0.028481892059109195, 0.04298801677148285, 0.054535581958028226, 0.043620809061143594, 0.013929445736326429, -0.015411705527922608, -0.024266117633450282, -0.023335538897134266, -0.022067003396492074, -0.018464765642788736
0.04133101244633778, 0.03118086623515042, 0.027780889570714833, 0.006254386226095945, -0.019457510284461313, -0.035779145770306685, -0.026367770526011185, -0.023178036060613735, -0.028585944953182132, -0.046628213877993145, -0.03431953682082739, -0.011122235732554256, 0.02337066492971338, 0.032181736499048354, 0.06333883811888957
0.012767442389118184, 0.003177271981479857, 0.005654695574016134, 0.012255011475579931, 0.008911032547989353, 0.00034915843561310794, -0.010879973755861215, -0.01915339758952904, -0.023502718763529315, -0.020560729695072825, -0.013454026297503696, -0.004194753354186392, -0.0014548571642377414, 0.01928066008430952, 0.030805184131814767
0.008374965957518398, 0.003926967617733083, -0.0010131104759762658, -0.013942784523049414, -0.016373880913960085, -0.009619627365469363, -0.011709700092797445, 0.00284699945351699, 0.0045883245502449975, 0.01780976939988943, 0.03472173486958445, 0.02162181316074074, 0.007118208556336948, -0.013275677348093762, -0.03507400284621862
-0.5125999345073139, 0.1313662553364604, 0.12933861982176323, 0.11385713306743396, 0.08920578988099602, 0.07989919222140238, 0.07121010614843043, 0.05780281712244135, 0.029010785450549643, 0.01659590687376637, 0.0066776079251632415, -0.017346032991612644, -0.04590279325686235, -0.061216329005860416, -0.08789912408675808
-0.032843800616715255, -0.02232479634803865, -0.018085167948015107, 0.023538842168967, 0.011155747120714607, 0.014646355786468593, 0.04534647644402729, 0.0581604279887159, 0.039334181142764074, -0.019308509339611517, -0.06375097504697387, -0.036611496889067556, -0.04730426198094144, 0.014845206575921822, 0.03320177094178412
0.08114935197654215, 0.04569755608055634, 0.006273997764234616, -0.02145870037194537, -0.043225887001150105, -0.0423242258792306, -0.04329756951083752, -0.039730601613430956, -0.025638508216341522, -0.013895300124206984, -0.002163838349627132, 0.010903579983085528, 0.018269883097099156, 0.030982641681189953, 0.03845762048406218
-0.10338271780376124, -0.007567435624798132, 0.02907650801018724, 0.031787821976179624, 0.027648599530050607, 0.024101004754662043, 0.019444712202078496, 0.015453759022392845, 0.014528379682541115, 0.009487546838139366, 0.004563535006659835, -0.004726542619798229, -0.013560428677459348, -0.02154014144929934, -0.025314600847774576
0.016526263245080955, 0.0030082401697001044, 0.015770063280017003, 0.019911544400554936, 0.0337437185233065, 0.005420422314647079, -0.030022244293188123, -0.05011337845651875, -0.04843583932068178, -0.025984745972664803, -0.020344466913213295, -0.010483487550604877, 0.01335772420352288, 0.03265970975774425, 0.04498647661229839
0.001946298111261549, -0.0013007795479792227, 0.0011721744483766412, 0.002641285072349445, 0.0009980228030988855, -0.002685077186669431, -0.0035085227556938318, 0.0005191201493427595, -0.0018099760933453575, 0.0018943011269165501, -0.0007123242715373558, -0.003497519739566313, -0.0008343252668897775, 0.0015603968030059696, 0.0036169263473290344
0.0005753918417791577, 0.00033491588822947297, 0.0003939085448971707, 0.00025339495930224836, -0.00038029098745260176, -0.00029162935140119293, -0.00019875147969342286, -0.0006086899116527599, -0.0005131531028488096, -0.0006179246646600813, -0.00045968482890869643, -0.0002257918743100387, 0.00026680015502437315, 0.000505832402181344, 0.0009656724095139141
0.0073482279505268245, 0.006975279214529151, 0.0010470772485877305, 0.002737258801870902, -0.007779235566108897, -0.005130945226273227, -0.008746643606370612, -0.0029471334296945206, 0.0015886097255449704, 0.0016260293661520108, -0.009173368272139019, -0.0035919700509667446, 0.004158910352372514, -0.00016489199083633325, 0.012052795482804541
-0.006487078183257357, -0.0022210100889747306, 0.0014612124544288714, 0.00231680299996863, 0.0031459728842793623, 0.002197826865323386, 0.0013495855935038742, 0.0008468315986441543, 0.0005628360532080586, 0.0004345152897588712, 0.0011406892148441048, 0.0002949603205350227, -0.0002712819836605206, -0.0017464999214744318, -0.0030253630971273323
0.006271955622279009, 0.003120500952188284, -0.0012722032942120616, -5.753169909447386e-05, -0.005937198689704052, -0.0026738561334794177, -0.0037793652704986467, 0.0019159913953727525, 0.004302038993832604, 0.00013141096797509213, -0.006419779128421258, -0.005185315924187913, 0.0013498841835288071, -0.00014892125871381507, 0.008382389283135172
0.004882861624608643, 0.003224144988903635, -0.0020009602446359946, 0.003060704349146192, -0.002922548119289159, -0.0023305335905903788, -0.0049852739481754, -0.0018588786450128725, 0.0028699216615593603, 0.0016825045262997805, -0.007159773298959775, -0.0057188003299416725, 0.0010162116777148195, 0.0012954713328356617, 0.008944948015537482
-0.010066238001729975, -0.0011358948495937733, 0.004970749730135532, 0.0044440828780360556, 0.0040549068401018054, 0.0015685029222457297, 0.0008592586791961311, 0.0015103019132013886, -0.0006532623390909419, -0.0012506370882952613, -0.002398485643341447, -0.001904185241602034, 9.364918114409011e-05, 0.0003402385336133121, -0.0004329875140205772
-0.005764415433993286, -0.001449908504927418, 0.006149452693190566, 0.004255591697688714, 0.006474332856244299, 0.0008792456869042176, -0.002777710509844871, -0.005464730281600838, -0.0050692438630142, 0.0002302494335105977, 0.0009104563045386907, -0.000241662582345641, -0.0033923972919620016, -0.00010388492417921065, 0.005364624719790198
0.0022020445400913633, -0.004310400798374514, 0.0042024442314510455, 0.0012148972997287964, -0.0004884180963033398, -0.003097966148656606, 0.011343317797125926, 0.01711048284619518, -0.00015109401624980082, -0.01638892138444928, -0.021925118404393523, -0.015082737447752737, -0.003997697771320948, 0.007454592266947967, 0.02191457508596036
0.007944036166273963, 0.004474768366036658, 0.0074682630799902654, 0.0038278675318496602, 0.004061645965681211, -0.0033945880085724522, -0.00849858531137359, -0.01683475346830124, -0.019054494879821596, -0.005119714112883672, -0.002706807329765046, 0.0008687945116043254, 0.007365940200184794, 0.008067099520126677, 0.011530527768970796
-0.008515777332081921, -0.005853674405837048, 0.015894872303946258, 0.0161298062031027, 0.01314067669782427, -0.0015931256969901623, 0.0002535645926882162, -0.008561611103076308, -0.015549161872181723, -0.016456279196315354, -0.004439751631717881, -0.011108320958121467, -0.007362643643036996, 0.009372063220217953, 0.02464936282157945
-0.013591041448942505, -0.004515637978122319, 0.005549332980675027, 0.005539956651957158, 0.006611359545757633, 0.0018148917063638467, 0.004157001149526329, 0.008757503142207208, -0.0015373014363254407, -0.0024514246249196774, -0.004601494445510212, -0.004291030886894386, -0.0009336597750703078, -0.0009324752099404208, 0.0004240206292380559
0.028594026249538614, 0.01581044566661364, 0.027552069862998973, 0.008918839690019881, -0.019277504298409798, -0.02813956663537486, -0.02242506666647573, -0.043827410286226776, -0.031699366393913846, -0.0016282356496350884, 0.008570427130599637, 0.0038393105784957048, 0.014413876468225978, 0.021349295349463348, 0.01794885893408057
0.0006528033505786654, 0.0015385005310339286, 0.00626117014123839, 0.0024522915724069123, 0.0007777421596117608, -0.002793201862182375, -0.007109091224705397, -0.006020632481887456, -0.00737762884660135, -0.004203584896597577, 0.003666920869217629, 0.006312408427998864, 0.00665585450689778, 0.0034966293194324902, -0.004310181566442405
0.007987892883566283, -0.0005907669475664656, -0.001420123073279619, 0.0017033124055729695, -0.002877163799672352, -0.003687330169792119, 0.0018449885624013853, -0.0029338183048747664, 0.00035690199288095634, 0.0016945437330335939, -0.004629594567553037, -0.004030610764065806, -0.012295923347446261, 0.006476866161101366, 0.012400825235693752
0.016194872321562723, 0.0052559043066094675, 0.004143204154859491, -0.00025844274994304647, -0.007613006195663687, -0.008738564900829584, -0.011390070165213838, -0.022475924540511227, -0.005995732471278944, 0.0031924849065355187, 0.004325288514666122, 0.012172327641401172, 0.012556206892673028, 0.0023800505994314527, -0.0037485983142988657
0.04604155268309415, 0.010182491657103953, -0.012193429162251919, -0.011636136886292602, -0.015716010233139094, -0.010179682478219947, -0.008468598243174592, -0.011197294461602322, -0.00981177954173265, -0.010626932607597606, -0.008500015631399937, 0.0021651046671088163, 0.009978725336636414, 0.011824256541939101, 0.018137748359528125
0.017066153770321467, 0.0065592556033573935, 0.0005611056377559302, -0.005515809718100971, -0.023664842116179044, -0.009077579048051199, -2.018644316226144e-05, 0.003007007226083417, 0.00010062022929171613, -0.0004902475279039159, -0.0010618775656679033, 0.004556379644973652, 0.00762984841215321, 0.004369427942074568, -0.004019256046945631
0.006319500893867626, -0.012453094406975026, -0.02128288419063585, -0.010411846940224975, -0.012834953384551305, 0.0011191621907865013, 0.02554657371563977, 0.04278771151332788, 0.02469192364117988, 0.0073733173491619544, -0.008424546940489852, -0.017802501596520977, -0.017070327415474904, -0.006039135993765151, -0.0015188984353259752
-0.035164164144748766, -0.02341018034900583, 0.01400208349481813, 0.015666195861213334, 0.021522049524326237, 0.006788370681213837, 0.028969673027394217, 0.06373829767301108, 0.036356660682112005, -0.04256975785491286, -0.06688224039581059, -0.050071313613782864, -0.04477589587207348, 0.004039706198606341, 0.07179051508763917
-0.0004593989227392706, -0.0021253564247701116, 0.0062319453667048766, -0.002126312010262063, -0.011515973459536272, 0.010829068606729365, 0.009307267184388438, -0.00463184836702932, 0.000567284639954091, -0.005614677715833821, -0.0029740931907527813, -0.000955812535892088, -0.007199533080094718, 0.012162781652004413, -0.001495341742870534
-8.371469122758165e-05, -3.887180273464665e-05, -1.975873619500851e-05, 1.1652907608560017e-05, 3.5294368246161033e-05, 3.64431044126819e-05, 5.0249108383726635e-05, 4.271478863168944e-05, 5.658305699876853e-05, 1.8301199519784334e-05, 4.588883862551904e-06, 9.884916197840816e-06, -1.6561763579909517e-05, -4.1557142760340166e-05, -6.524819736427825e-05
0.009400770269780655, 0.006582113566737114, 0.004960401943878408, -0.0055470363882746555, -0.01630020292611571, -0.006211256953613434, 0.00034749223439055387, -0.0024751361315094138, 1.9931306861945735e-05, 0.004743322895227374, 0.0032722302155260615, -0.0004675661952160495, -0.010377174927685837, 0.0029955989506960765, 0.009056512139317036
-0.004759645159966351, 0.0003059470369827387, -0.004637941371538852, -0.001306522169850516, 0.0025148949362972213, 0.0038966001044690255, 0.008402418482594763, -0.0018610850317366283, 0.00028171140893738734, 0.006777054382154944, 0.0012104678096020256, -0.005491177625304493, -0.002545410570947705, -0.0005783994412180799, -0.002208912790475467
0.014692224297508855, -0.0021275810659435053, -0.004507770646864391, -0.004011445006035129, -0.003368617297672715, -0.00227401623192448, -0.0013172904547422983, -0.0016598129646379278, -0.0009613539763460794, -0.0006901151896943984, -0.0003794507488686768, 0.0008289466676732459, 0.001558442073232534, 0.0016286686278926725, 0.0025891719164226113
-0.009859967571811786, -0.0038966005364298104, -0.006716222999008911, -0.005470690260649693, 0.0014112107847439812, 0.011539833919836904, 0.008270213005152884, 0.005137820392987765, 0.013660410535061982, 0.013939264075292643, -0.002066591839453416, -0.005713143118342975, -0.0023124468244400606, -0.012257531309012873, -0.005665558253926235
0.0005135160388049782, -0.00012111617467522827, -0.00034694967558222714, -0.00047927241380833177, -0.0006241055657256336, -1.514741968640593e-06, -0.00016677869326318776, 0.00019863233387133706, 0.0004863514336157131, 0.0002153802146006086, 0.0004984883834048641, 0.0007432239729256802, 0.0011560231730451313, -0.0005115115428172788, -0.0015603667424277943
-0.007009569315941576, -0.004463883674215746, 0.0026828489271761404, 0.0034486790530154784, 0.004536293772375367, 0.0016192254591803346, 0.004009921190579259, 0.009865332327704776, 0.00187294680101103, -0.004063945058910591, -0.006469266044423872, -0.011206330988466715, -0.00307144104612479, -0.0003168774724100201, 0.008566066069450817
0.004768182253625843, -0.003570585460313109, 0.012369131629516375, -0.0035606795843369067, 0.019803093434925582, 0.0007988390413002345, -0.00408959782900741, -0.017108637972483957, -0.015729609039645674, -0.02234789857044269, 0.00015278698377706353, 0.004742814328101818, -0.004615559497688026, 0.018166393191354706, 0.010221327091315806
0.0007493428339904848, 0.0007315900885581862, -0.002155933711964293, -0.0026735660178309377, -0.003248662518846394, -0.003375456396584058, 0.00018321261537614097, 0.0035081722711930684, 0.0034437080630015508, 0.005564375106183498, 0.0034841658403182915, 0.0035911047888370837, 0.001115873878684379, -0.003304063545131887, -0.007613863295785185
-0.012377301855996913, -0.0062510406093438655, 0.0010816627886480424, 0.0046199534838801, 0.00589385230332143, 0.00127914600391535, 0.007666267521883027, 0.01282524960923562, 0.008351571000335574, -0.0024744105777123205, -0.006488137278720931, -0.00916009437245787, -0.004363821547506875, -0.0063883101753763345, 0.005785413705896088
-0.0005558885822240985, -0.0005017175486872498, -0.005052145944925905, -0.004535631426218511, -0.0038236854666413886, -0.0007155393554592395, 0.006684756346443356, 0.009149408116898898, 0.007560111366722933, 0.0055424079065234996, -0.0008885991230080112, -0.002469821342175278, -0.0033371313087841984, -0.0034593180095346624, -0.0035972056289301432
0.009724694483808752, 0.007177551138438928, 0.006273268252834615, 0.0019234126717408827, -0.0026314964682093603, -0.008613159518751974, -0.007029529716449129, -0.014943194838080136, -0.012819989004084001, -0.0031247846121606566, -0.000428257214847458, 0.006087230038219045, 0.004025962338390638, 0.006724627106080162, 0.007653665343069684
0.005428390870958694, 0.0030519924323193174, -0.0015370598281366464, 0.0007889678862269978, -0.002381974788910157, -0.0021416618812135704, -0.0030760785160908683, -0.0002238031042638743, -0.0010574958481488405, -0.000989964198135647, -0.004261624520452445, -0.002493059077024051, -0.0010894225705846469, 0.0013619685877881904, 0.008620824555667272
-0.005342694452287238, -0.0012240928071742987, 0.002307901999564462, 0.00012005443160361339, -0.002275606634506045, -0.0004685953570337009, 0.0010544259940719804, 0.0026451971876304834, 0.004438589220523741, 0.0059105099397553824, 0.0037196921505403212, 0.0001469684391086723, -0.0029467437769989803, -0.0038931290121612073, -0.004192477322637315
0.004977750691309598, 0.002123879734107065, -7.60023375587851e-05, -0.0014936982191224692, -0.0028892768465645993, -0.001151353184869797, -0.0031712910662632537, -0.005506821908047396, -0.0017382443127869685, 0.0017095145128166829, 0.003257173134182678, 0.002738673874154716, 0.0013994464928127276, 0.00105507742305777, -0.0012348279872277824
-0.015739173529426963, -0.0068414237861093505, -0.00519452252834429, -0.0005510399598990869, 0.007360444209444152, 0.013836352193255793, 0.008299023510765129, 0.0004440104582844773, 0.01335057398787104, 0.013450970109986136, -0.0016385948762121724, -0.00381311227372548, -0.0027191476392455912, -0.013875507470075597, -0.006368852406568112
-0.00540353295840762, -0.003958787498978826, -0.0015366550869633693, 0.0033907970823622543, 0.0049785956168293295, 0.0024628766219555696, 0.0019289416332437356, 0.003720691697020749, 0.001266011092036173, 0.002673897147907403, -0.000900322716727772, -0.0046495448169856755, -0.004014069852518637, -0.0005609159378281523, 0.0006020179770551264
0.0012155470762785555, -0.0013435723243768096, -0.0010521232747422102, 0.0024644022953143226, 0.004647307730342123, 0.0025143470840902427, -0.004227722083401028, -0.006410079903215697, -0.0007236684142247858, -0.000903698367113656, 0.00041843976817223117, 0.0006272260214018601, -0.0002121381719784642, 0.0012853116549115052, 0.0017004209085417716
0.013905847352235774, 0.01008920698392701, 0.0038852752261878225, 0.00029073884021160387, -0.009412549256245899, -0.006650399540727721, -0.012329158287429524, -0.00615510439064414, -0.005160549537385411, -0.0041482437965372175, -0.009016460233397302, -0.0032762472569925934, 0.0061786970319125875, 0.005276806631759976, 0.016522140233124944
-0.009291242515297431, -0.004556271042804556, -0.0024602141717958385, 0.0033682608620036864, 0.010100123291859716, 0.006233959180738569, 0.0019135052219813242, 0.001662718389904333, 0.0007398455446377425, 0.00045199752766213034, -0.003479191786298668, 0.0005374542312621164, 0.0023571209944487593, -0.001382215143919588, -0.006195850584382415
0.010604648285908293, 0.006968402766492601, 0.007916079239490207, 0.004746001957962917, 0.0019905136863053157, -0.01309290016266286, -0.015767034410737145, -0.014215559687807846, -0.011999206400519952, 0.0012716807511162593, -0.0006976154513599342, -0.002336016246420031, 0.0028669484205241704, 0.00702432167405608, 0.014719735577651362
0.0010885844869953044, 0.0015687320188437447, 0.007617197608436064, 0.001461427032366138, -0.003028337563453826, -0.00524059903356743, -0.006055690753758282, -0.009182889872712034, -0.00010172560359809815, 0.0005629864897180189, 0.005146202439194043, 0.005326397799544145, 0.00500966852906112, -0.0017291646849989647, -0.002442788892069812
-0.029895971519876715, -0.022711295920516315, 0.003418855202773027, 0.013409753711546991, 0.020588697754509028, 0.003281709368880458, 0.018945522084297263, 0.04229028739971785, 0.029416241144000793, -0.0060857704106467864, -0.03485651744340048, -0.042635816030901955, -0.014224085759105727, -0.008048560778973635, 0.02710695119769651
-0.013027576703474365, -0.008513231478934355, -0.005541136023915099, -0.002200528078658469, 0.0005637004343096814, 0.009400937419013815, 0.01312245050559787, 0.022055673944311252, 0.01203696282394051, 0.004379549724785095, -0.0035739688321696148, -0.008154543587471403, -0.008670825836589019, -0.003875606345467357, -0.008001857965278365
-0.014181466491214614, -0.005307455323209605, -0.019660067659691652, -0.008676280056800476, 0.007986870832954655, 0.013078538694325712, 0.010389919483664162, 0.015880658891362656, 0.01635217786529912, 0.01774232820499904, 0.0035773589469958534, 0.009205606010932052, -0.0021439509176318875, -0.017425242269799565, -0.026818996212185246
-0.020614608158363395, -0.004721011624201332, -0.006770178155916681, 0.007621351698589492, 0.01422584336583137, 0.00711240118862292, 0.011636518678259003, 0.017338677129061855, 0.014244551408840737, -0.004202708972058559, -0.014000706395865677, -0.017049641334493697, -0.014648620372774989, -0.0013527724274619542, 0.011180903971930924
-0.0060049814381946415, -0.008182940110712288, 0.0003481290771882965, -0.005396411946898997, 0.001287421558730845, 0.008573804156634801, 0.004144322883296728, 0.0016951069751426576, 0.012187068526524807, 0.015731609258997515, 0.006830935068234446, -0.0008056019985790593, -0.027992403754495812, -0.010130425048124727, 0.007714366792255517
0.01602597408678756, 0.005334568288755068, 7.65868814791204e-05, -0.004414311567634456, -0.016746639807418626, -0.00900444605026823, -0.00589679724731073, 0.0014883806386299285, 0.0047081377013270306, -0.00036407989428930516, -0.004529433731970822, 0.0035920533224523578, 0.00852587637060301, 0.003048881214869976, -0.0018447502060117233
0.03265682918166225, 0.012746735827971575, -0.011213561337398485, -0.013324991966252997, -0.016922160611316177, -0.010005818023308069, -0.008443477021791069, -0.008117129069802255, -0.003666598460938147, 0.0001502366932371879, 0.0047496431587692265, 0.008125807456865003, 0.008018703521544419, 0.0037111666072222084, 0.0015346140435351114
-0.08198717950260079, 0.0034883353318947937, 0.021434587395298667, 0.0228059538186503, 0.022007592750020358, 0.01643379363531097, 0.01464921753670603, 0.011739865939287508, 0.008952949999000686, 0.007479324615982544, -0.00038481853739633694, -0.007805880765049199, -0.011884528487785036, -0.015349608767234676, -0.011579604962085729
-0.016688375685495416, -0.004956942323628426, -0.0034627901196527594, 0.003893864624611039, 0.014680964196739546, 0.013012212511045906, 0.007689176767514488, 0.008310362589401737, -0.0006790340140223864, -0.00533251743931972, -0.007076770389639233, -0.006031209068142024, -0.004992369642303004, 0.0003152128648023461, 0.001318215128087909
0.017967316637794724, 0.011545369458612061, 0.009003797570515185, -0.0013730955937178383, -0.00893921628335989, -0.009455253567824904, -0.010013332210662246, -0.01023553545630214, -0.01173405447816347, -0.012222746684134377, -0.010706492501626322, -0.001367778048819811, -0.0015446192007274352, 0.013207698461134742, 0.025867941897281116
0.009744736019539513, -0.0017203859254320032, -0.010948647405000352, -0.007609415950844244, -0.01018665223610069, 0.0031949532266439444, 0.0069113400802329125, 0.012043989089530903, 0.00868708397311169, 0.0016212467710926357, -0.004804945195654997, -0.005204175265866365, 0.0081878650238856, -0.00723280503269599, -0.002684187172442013
-0.24677436800650626, 0.05521048578283115, 0.06824122286364996, 0.058139482575923176, 0.04927538859519569, 0.04048413427810952, 0.032024925025905364, 0.022269835837483577, 0.014608453620488286, 0.006035104317536939, -0.001435061669202188, -0.010942621943496099, -0.020216426287203923, -0.029348769538152367, -0.03757178545256293
-0.0227485331089836, -0.002068782065971348, 0.0083189218692524, 0.0014671841727414909, -0.0006079275109250276, 0.002944030849377663, 0.005890929216523341, 0.0006700793149303592, 0.009796497971641966, 0.006232381487415536, 0.01239311209733307, 0.013649529034753142, -0.007724448374067628, -0.007840483432021952, -0.02037249152199956
-0.030034405742645362, -0.014031616819384647, -0.01341266013383005, 0.004849759859710274, 0.02106152188581629, 0.017230961897393933, 0.021581991961900363, 0.018633860062378535, 0.008303138872785597, 0.005860356400076835, -0.0004606385551272998, -0.005537323823389572, -0.0024462426709156242, -0.014063174072968315, -0.01753552912180123
0.015520792125075506, 0.01049501410325576, 0.011738111627926418, 0.01111549986658199, -0.0034598466351501538, -0.013627551485449065, -0.01868971269621817, -0.02488670283449819, -0.01853388359334191, -0.01322047478451729, -0.010043041386705908, 0.00780938328679197, 0.02286746976160993, 0.012431691616739866, 0.010483251027899099
-0.009661776208671277, 0.008072053065420467, 0.021721592525790617, 0.007617767268204189, 0.01315616571092431, -0.01422710727393944, -0.02527493604643772, -0.03728278144564737, -0.007048657922294697, 0.011799093165306947, 0.011881270862007885, 0.02098528447994618, 0.011430005219830591, -0.004509571961854218, -0.008658401438586441
0.01038269106708212, 0.0016816627205625614, 0.017087110932191098, 0.020591592717337025, 0.006530855098963621, -0.007545056240221969, -0.005369542788427339, -0.03454806344734811, -0.02312496189907799, -0.019607648475592338, -0.0032008002013964726, -0.01841816584269496, -0.012800892460447178, 0.019065097254747837, 0.04927612156432203
0.33912720017778675, 0.0028763273686140244, -0.11817829482227062, -0.1026004584627968, -0.08668683852403061, -0.07004714297750518, -0.05448011288440502, -0.0394083633436109, -0.024972994238818245, -0.011834832810985827, 0.0036992795247558067, 0.017011161492692894, 0.03262012137827863, 0.048504925349566276, 0.06437002277272913
0.021044421030702663, 0.016047068614166417, 0.03217244688745837, 0.012770433393313824, 0.012560065973242034, 0.011212581508981957, -0.01517038823907093, -0.04986808562005264, -0.07679078236802991, -0.07037240711796271, -0.035224966722998505, 0.015402947663476847, 0.03635499497970489, 0.04873565928986784, 0.041126010727199375
-0.008816718343796338, 0.001195308788575189, 0.014534847425365895, 0.012651855803821131, 0.011786457199190028, -0.002034115764859527, 0.001244164336325025, 0.0015412953398984668, 0.009579109572587789, -0.016303537680476793, -0.039126838159521726, -0.031752096382855796, -0.017425337465790742, -0.015336104877710961, 0.07826171020924863
0.1670653274780479, -0.01731543442486185, -0.1464206246803034, -0.05904570138176093, -0.0772054638236955, -0.014404564564422429, 0.008607020046276472, 0.2283048314078095, 0.0008857512952778939, -0.05534471980644186, 0.0006366002014388944, -0.08980627283482275, 0.018957210909461092, 0.027809100425755618, 0.007276939752241535
0.037624775935556826, 0.009449540420757121, 0.00953983782181855, -0.0005434646755103799, -0.007520848690124291, -0.02576592032043365, -0.01621501165902528, -0.008941019351395393, -0.020631388482796935, -0.033893820139180686, -0.04747932979276807, 0.02031900535828306, 0.07496310666601166, 0.013609688875157167, -0.00451515196634927
0.0006146718881608282, -5.543668116223566e-05, -0.00017499608909855892, -0.00017076258660812452, -0.00014455146565414356, -0.0001319223307599264, -0.00010851872317351666, -6.979183974984645e-05, -3.668505036826298e-05, -8.870324251817325e-06, 1.9672659665350418e-05, 3.372636028788585e-05, 5.109237022693847e-05, 6.552770323842723e-05, 0.00011684410924719787
0.00024193837693520733, 0.0003715569718497737, -0.002281255441440246, 0.00028195390537405783, 0.0008239898132101201, 9.155188911090882e-05, 0.00034453708276075513, 0.0008374824176469365, 0.0005371190417172238, 0.00011604047229624491, -0.0001738896577780028, 0.00011728976442818583, -0.002079200407797345, -0.0009271707510483388, 0.0016980565227344752
-0.000651848307592273, -0.00020952741678530683, -0.0002946559241261371, 0.00041600191404332133, 0.0001356278497575673, 0.00024419575236919483, 0.0006544782707405089, 0.0006151227412123681, 0.000418560224726077, 4.3041557081953616e-05, -0.0006614120073837753, -0.00022593070804559866, -0.0009050144117491937, 0.00012075697963284332, 0.0003006034861184412
0.005194853059874038, -0.005608889250385289, 0.0005461841160129636, 0.005284307702104448, 0.004564094255654368, -0.0016211825702264833, -0.004997333642198047, 0.0007026428875611964, -0.0045363977678247215, 7.799854070945263e-05, -0.005078034963131002, -0.005823867646266701, 0.0006770834411978566, 0.0027738626139534707, 0.007844679222965233
-0.058432921905146595, -0.036053798875306006, -0.009562490632958357, -0.0032448740533883025, 0.03235525394677353, 0.04210681563457456, 0.02425971821441804, 0.02842949737152096, 0.034604444051318524, 0.027747369499061057, 0.010576363764140487, -0.005444585120880608, -0.0044073404558641, -0.021914843846504852, -0.061018607591758554
-0.00192984802681332, -0.0004971631784977611, -4.163238901494171e-05, 0.00017223810888539968, 0.0007929380084837113, 0.0005293854288672976, 0.0009629534975984322, 0.001000947031043066, 0.0007030739198148889, 0.0004646978380859634, 0.00016675714751610923, -0.0003496366004632051, -0.0004226235930408255, -0.0006329472883468877, -0.0009191399041179469
0.018914226796411002, 0.008157972849646599, -0.0018576846068843402, -0.002304111968389851, -0.0112166310631086, -0.009610620908149351, -0.009958879141040534, -0.010401345853812324, -0.003949974516782063, 0.00556173598787607, 0.0045898204942904685, 0.0002988820243140682, 0.0013574666561796702, 0.001847283448029503, 0.008571859801419635
-3.664203840608368e-05, 0.0008013443280315576, -0.001060600983348249, 0.0032658340733069664, -0.003628501200586867, -0.004815343752060239, 0.0010696911480241609, 0.001802098743696339, 0.003568795929556063, 0.0038137616230332124, -0.0043364208128439195, 0.0006094738343706482, 5.699303345978179e-07, 0.00038397284651241296, -0.0014380336696206222
0.0035281638818979743, 0.0021254232302090974, 0.004558062635409917, 0.0037554256445312016, 0.0006334963134663894, -0.0040155511602851125, -0.0019383309025246688, -0.0027798682871823196, -0.0068858040711139625, -0.009891764773947796, -0.005040184942193461, -0.00275986979785756, 0.0033205944012951135, 0.004312301140502068, 0.011077906687793041
0.0009558287225435479, 0.0006092307802194207, 0.000242127253043558, 4.903258150572287e-05, -0.0003098741349756459, -0.0003048774259451928, -0.00039181026011535924, -0.000839325739842679, -0.0008225450352313642, -0.0006181786707949583, -0.0004027023442834123, -0.0004465796986481127, 0.00026698569940784774, 0.0005486533911626752, 0.001464034881954009
0.003464523192216991, 0.004239656649690264, 0.0038237921492375706, 0.0028523700816784864, 6.608145654497891e-05, -0.0015381637622306488, 0.0013352607752875204, -0.0008782798763489641, -0.014484750367595934, -0.017217645868911786, -0.002739749502555137, 0.00013712281997314187, 0.0041659090417761205, 0.0029806374173279395, 0.013793235793909678
-0.008836305520419946, -0.006285425435534825, -0.0027761717492706603, -0.002026916972986263, 0.002248127936277202, 0.002285952172841224, 0.0072540815532123526, 0.008746440953789696, 0.008203426624618294, 0.007454451045909366, 0.0039920423443411445, 0.004153180347350452, -0.0035881580103613807, -0.009027841754591133, -0.011796883535175594
0.002429941408783974, 0.0005432339507284253, -0.0017400441242549582, -0.001994491407962995, -0.0025002674788014447, -0.0049093452397987675, 0.003815556114367453, 0.004093998579692841, 0.0011752070356128982, -0.00016328888700935864, 0.0018419769327938764, 5.02984735838268e-07, 5.500017006177596e-05, -0.001971157934517883, -0.0006768221044319442
-0.01322468872968084, -0.006686617170554802, 0.00104931263594689, 0.0045731101418781854, 0.00693075471440728, 0.00026520517477199117, 0.011226097624045613, 0.01469459817846647, 0.010359273368659331, -0.003765227611457041, -0.009788656301127959, -0.013670574271349701, -0.005598503368623124, -0.007155807116789655, 0.01079172273140782
-0.011214591203656716, -0.01218501017320315, -0.006768141050704718, 0.006125116385402872, 0.0061180817678276635, 0.005947762442461289, 0.015795521913950696, 0.013428125271524432, 0.0014704024481544931, -0.00523016163298057, 0.003393934547696523, -0.0008098909345642599, 0.0044702733650197534, -0.008579129042002807, -0.011962294104925641