
0.0032475850476200454, 4.3093562435371784e-05, -0.0008384766872077523, -0.0009502663264580734, -0.0005628161581320271, -0.0007929287573224457, -0.0005479594235821859, -0.0002293744725171826, 6.663705476571344e-05, -0.00013661558827621702, -0.0011436959380489561, -0.0008190176441038252, 4.6278374743752136e-05, 0.000464595500498017, 0.0021529614555857676
0.5040289555115458, -0.13930083261153034, -0.12655957107312543, -0.11205020723906407, -0.09545396053425055, -0.07840035542163049, -0.06475016797238249, -0.04823876900660826, -0.026966599366048616, -0.011283829536444736, 0.0070965116569516925, 0.026062791315067446, 0.038580666478121334, 0.05607110060722617, 0.07116426719217267
0.00381972031088836, 0.0003065510994325288, -0.002417053294767998, -0.002198834924650065, -0.0020040400174343165, -0.002818252393835733, 0.004556656558315284, 0.0019481296385230125, -0.0005563765906341426, -0.0011244704368195517, 0.00016983943719800043, -0.0002821864131440511, 0.00045694759753280956, -0.0007409951305357098, 0.0008843645599314256
0.006138501717026968, -0.005982209319136748, -0.0003833993419420242, 0.005417157512902894, 0.0047681355750309636, -0.0023804641506012213, -0.006983179317330648, 0.0028769606842655835, -0.006308091794187121, 0.004404507294941699, -0.002585280820588452, -0.009962345666629024, -0.0009108156072624611, 0.004187093712840235, 0.007703429520669391
-0.009338825083054817, 0.0005818551399409112, -0.0022512531972858404, 0.015257918500590757, 0.0066825286200223, 0.005313336515653092, -0.0012165646407072078, 0.0026827938136133166, 0.0009288172074382148, -0.010991975430982449, -0.013603351334348202, -0.009349869016700197, -0.005901751924424468, 0.0023185049403566717, 0.018887835889887974
0.08570218046114722, -0.0060832480855677, -0.02128795547140057, -0.02145000946306549, -0.025655111676045377, -0.02865558428728055, -0.026254641209851624, -0.014213486479732891, 0.0015187797119066266, 0.008822020852396799, 0.01418473192544614, 0.017635610195434723, 0.013038327378156104, 0.005694983211943917, -0.0029965970634872373
-0.001884547426022089, -0.0012509899267253261, -0.0016583337034919226, -0.0008253831546935834, 0.0005136678688905924, 0.0014304367380885497, 0.0017312679257053159, 0.0019498464811329315, 0.0025557491460241723, 0.002095664487153287, 0.0012138829518008665, -0.00011417364379820995, -0.001111681725246082, -0.00198639068723393, -0.0026590153315846996
0.5582635759106528, 0.25027563085988697, -0.254918598295971, -0.2321606227308878, -0.13455546937481566, -0.08746310660933526, -0.16770313841913095, -0.08301003983824577, -0.12001001958604325, -0.06056197276532521, -0.07662972569718507, -0.05553222575548059, -0.009965408705162002, 0.11485118392508209, 0.35911993708196066
-0.020562104517162744, -0.013446706872622801, -0.007042111521162249, 0.003186772547720689, 0.007118675322319852, 0.009400800596431143, 0.009300412671985605, 0.012103318871508112, 0.01860566563609757, 0.015425004396472536, 0.011210895531035792, -6.949605776921221e-05, -0.009036335482277743, -0.01811443803935488, -0.018080353083221756
-0.010282781442240882, -0.0074113725100204515, 0.0019132003330395986, 0.004326388076118382, 0.0026682386636839805, 0.004708292979956033, 0.005940473529631676, 0.004924242007981924, 0.002183571924686219, 0.0022338875703402585, 0.0006611079175685039, -0.000520199910514846, -0.001221621083750828, -0.004203854932556389, -0.005919573123923158
0.05291823549735184, -0.012893733353998562, -0.0130303875479275, -0.012484076925275275, -0.009926123433352583, -0.010123724486764263, -0.007849988026703409, -0.0041821009707929705, -0.002791839915813924, -5.385716301934849e-05, 0.0008951389804385972, 0.0006952282196676143, 0.0032712345099546805, 0.007713714825113079, 0.007842279791122543
-8.618143542719683e-05, -4.001013545483817e-05, -3.3828801637207246e-05, -3.432141653824459e-05, 7.130399690924245e-06, 4.316035370368968e-05, 6.684888908494791e-05, 7.061861110202305e-05, 8.586080314598584e-05, 7.757339779018531e-05, 5.008089306843437e-05, 1.1358903678295547e-05, -1.832450884626542e-05, -7.94985856192673e-05, -0.00012046736774160646
-0.02787138430261571, -0.02807048704853137, -0.01499948065531446, 0.01851933949522151, 0.017396944350570136, 0.02819971890753604, 0.03391395063809803, 0.03246664751429185, -0.010632360667700435, -0.018947551063927065, -0.00856262879667428, 0.00027358562198248073, -0.0011648115294069106, -0.0006570053890875252, -0.019864477074442406
-0.006294345140595051, -0.005193018746583704, 0.014479483774391086, 0.016169315370981062, 0.010374351097906633, -0.0028940252716044956, 0.0041862712897748275, -0.008594844252164089, -0.015202259285195708, -0.018619329348320963, -0.00766174274692738, -0.01033399508938315, -0.006684626938026813, 0.012318669797449671, 0.023950095488298025
-0.32426186978060956, 0.09120308030085898, 0.08038641211425206, 0.068429198247956, 0.05992036446175648, 0.05254055324230797, 0.041898350606265955, 0.030552886355660024, 0.019894062721181258, 0.009383205435880237, -0.0038034860264345148, -0.015488205691262502, -0.02622740186650574, -0.03660466481321105, -0.04782248530809583
0.050894696510646334, 0.007751695897778016, -0.03451944823347551, -0.024041750327682535, -0.022778051887863936, -0.01842048250769998, -0.011130783976894874, 0.003932982215103035, 0.017959588184875953, 0.020611664454500758, 0.01722419517836105, 0.016547217344874746, -0.003493968440049221, -0.0018912549063010069, -0.01864629950617275
-0.021301003771327584, -0.008545273501884342, 0.0008946489839145942, 0.005837168454076583, 0.01088519724853948, 0.0020202757800306115, 0.012464535856053081, 0.020515590944003004, 0.013429058648774956, -0.0005870622349528318, -0.00860783907481345, -0.01845477527612111, -0.005378754365183561, -0.013087760300751398, 0.009915992609642078
0.0022126872483358225, 0.0016664150918654765, -0.0004944285740123282, 0.00025776586503225944, -0.0024953106601374605, -0.003332192444979223, -0.006031839816179369, 0.0003862989567624592, 0.002944777968926457, 0.0034505500459027466, 0.003243523021875831, 0.0011527822755630773, 0.0011200434089799047, -0.002643778635100213, -0.001437293752835595
0.029946415882534924, -0.008630218720099461, -0.007545825559737015, -0.006363134176821958, -0.006335771231616328, -0.005334921915191239, -0.0034550926497662862, -0.0035800006395512295, -0.0005934462164901848, 0.00021023394222185448, 0.0013379301062751107, 0.0022867801736885826, 0.0028823962411231516, 0.002092813054982018, 0.0030818417084479983
-0.010402146741400681, -0.002218496242949878, 0.005937976307473818, 0.0026892134818416423, 0.003479021784817851, 0.009518506815450536, -0.007395687459737346, -0.00020971893362312584, 0.0021266077606664252, 0.001870116866245994, -0.006707141998270822, 0.0008918425142353277, 0.009262104388041283, -0.002671204646892394, -0.006170993895898636
-0.008295025748714043, -0.007319484792767105, 0.00026438792407898135, 0.001321414766521586, -0.00027665343872709125, -0.0005445115881495382, 0.0033018867308536124, 0.01292039432209355, 0.006492150482133954, 0.005363300005868758, 0.0062925496103975334, 0.0006193982725244329, -0.0015771994577203636, -0.005258667419453855, -0.013303939668940465
-0.02531985681647287, -0.012602726055374266, 0.00022121272415519009, 0.009055702976294629, 0.013131103364669555, 0.002050480585744701, 0.014752643369778324, 0.025269691654899125, 0.01661925186687599, 0.00035878827997860456, -0.009133859053895525, -0.021602591090817396, -0.006832940103106462, -0.015128561646439928, 0.009161659943710022
-0.019978768500303636, 0.005417852249465271, 0.005061987817443453, -0.0018645831347346626, -0.005373834291483318, 0.019197888076528957, -0.004786355464888294, 0.012725197493089252, 0.005119787625627794, -0.003344146955031979, -0.006263400505553994, -0.004823993061841659, 0.014788378804134413, -0.004840115451618198, -0.011035894700833378
0.014048219710392815, 0.012973699927381687, 0.00374245455560524, -0.006643000450488405, 0.002395636373580891, -0.011572886993904468, -0.009376976037299003, -0.010760697791906894, 0.0004211535180805039, -0.01370221114836208, -0.014327899977101896, -0.005478542255791696, 0.013351805598221907, 0.006398437450383054, 0.01853080752120791
-0.03041535437865333, -0.029120141939326417, -0.025923177717390316, -0.04430180640721684, 0.00970235406008884, 0.03570008471694821, 0.056535402666355046, 0.06552769674281081, 0.04133637029253096, 0.027288069072652424, -0.005585786847760538, -0.001421658519482705, -0.02534606424820947, -0.033684907656015714, -0.040291079837330636
0.0014772586080262161, -0.00025171839349582496, -0.0003887652228773363, -0.0003565593272215513, -0.000341363989717453, -0.00032139141865390655, -0.00022298549134663147, -0.0001751602292318504, -0.0001310376042487653, 1.0127082725237748e-05, 0.00010142712082027512, 0.00011812925079791314, 0.0001247102118701299, 0.00022029562995100346, 0.00013703377260258196
-0.03269989679445158, 0.004767703186927684, 0.00787676088063998, 0.0074849808780038385, 0.007814493210501448, 0.006779183978961344, 0.004424154308533336, 0.00409092233048193, 0.0027568323563327136, 0.002386373470969383, 0.0010376058179517992, -0.0005208937055037798, -0.00461362702132264, -0.006058134836260609, -0.005526458061764879
-0.011480898764031768, 0.0031206698778248566, 0.00302828341913592, 0.0024714924115010494, 0.002510139571707895, 0.0019478132334935193, 0.0007901256664891188, 0.0008616854560587814, 0.0007483755216195931, 0.0004515222353766171, -0.00032556196945802653, 7.07345780825569e-06, -0.001211784722063698, -0.001389728972332603, -0.001529206423129615
0.0011369067957491975, 0.0008540228284288564, 0.001319874469806817, 0.0013310916417317094, -1.684753558967994e-05, -0.0009462631729482468, -0.002025564409795421, -0.001720015849726493, -0.001710723447050039, -0.001742043616918644, -0.001015946654390828, 6.270687677190946e-05, 0.0004241872771278606, 0.0014318267319707208, 0.00261678806483229
-0.01511207292790133, -0.007645435499582523, 0.010746606350512744, 0.005633403119581961, -0.017980363707368677, -0.015864156606819408, 0.00927073222574189, 0.02493513501493634, 0.0265559773769868, 0.008961999718857177, 0.007932851853495598, -0.008702901057981308, -0.007487460446498895, -0.0008914306150377749, -0.020352884798922496
-0.02267135589265189, -0.012002937633896472, 0.0064701646591994524, 0.0064106542354966725, 0.0069401029934959765, 0.01606963659350176, 0.012719714411818826, 0.0012092813715095878, -0.0037811775813665835, 0.005033069153960129, 0.00035316323066307553, 0.006501596920092348, -0.006729248827100158, -0.008909671245001437, -0.007612992389721537
-0.017586749598730127, -0.010864665504548681, 0.00027439783813736627, 0.004475473203273861, 0.012909361105588634, 0.0017657953601838805, 0.012821740946764665, 0.0176542621276649, 0.019189991846529766, -0.002866494051340937, -0.011443079029069842, -0.018875833144277925, -0.009099257024359616, -0.016416516342260833, 0.018061572266444836
-0.032839142818678745, -0.01537051605383893, 0.0011188615156906008, 0.008682842156797965, 0.009948285768303852, 0.0038863217074952766, 0.04445139815445859, 0.03280111533436056, 0.019474839722325644, -0.011972102762979466, -0.02492096145214644, -0.026975391116562365, -0.014632874266446702, -0.016164396206235915, 0.022511720317455967
-0.017524666602576542, 0.0014790033777123692, 0.011393145661305972, 0.0058525697068568085, 0.007228551570195915, 0.0056711582212395206, 0.0007471554287901428, -0.0026898599844982283, -0.0029629405607909287, -0.004032587663846445, -0.005472535059397381, -0.006489503273608815, -0.003461657981106919, 0.0007706582873744318, 0.009491508872350243
0.6750883276071586, -0.190481767260801, -0.1688197464140171, -0.14914485316061463, -0.1271982236923886, -0.10378934897968299, -0.0832779243341319, -0.061409615612441945, -0.038998459239752085, -0.014548188244240484, 0.008017641589666955, 0.029578450877595475, 0.05339931101093214, 0.07276096697273657, 0.09882342887998098
-0.0291014282292516, -0.013216715120381008, 0.0035596929021120723, 0.00942648471324784, 0.01588311225280018, 0.0017907855871026758, 0.018323467326557163, 0.03279225451792596, 0.02181954050803756, -0.00816240840197025, -0.02102228137493946, -0.028807643239841495, -0.01135528385946978, -0.015134646046612632, 0.02320506846468274
-0.03072321695944973, -0.008355666819171775, -0.009950400286623882, 0.02342534348077648, 0.012542831475268024, 0.00683287381511255, 0.019322847162401385, 0.026241655596154052, 0.0241987130131276, -0.013548647186219625, -0.024686374462963432, -0.02380704805289544, -0.02116320083255425, 0.01032018719947285, 0.00935010285756514
-0.017544144034602388, -0.020741874337265154, -0.003435158332663414, 0.0011000498562743297, 0.011552551386974762, 0.01640858264085603, 0.012005658054086779, 0.006486624844450764, 0.01051977531659854, 0.022002524238720483, 0.013420437369820694, -0.0024829515435227643, -0.02591615296001111, -0.027802523561362175, 0.004426601061644822
0.005206915327239023, 0.003995845520238511, 0.004279644614521241, -0.002256376804079281, -0.0027992292923984647, -0.005232605224130944, -0.010055720699781407, -0.004946850679222951, -0.003359625471666084, 0.00341153152420512, 0.0035516242916100054, 0.00579878970546554, 0.0050923892406299996, 9.351386502037087e-05, -0.0027798459176505723
-0.019651816238793522, -0.012937778262522176, 0.008403568812628303, 0.021269187307466974, 0.013589413276070259, 0.004654792437794653, 0.0039632382039743895, 0.0006557558835220836, -0.007393433152768431, -0.011114298530575545, -0.005119091508616148, -0.002605966839273107, 0.008538782400587301, 0.0055779904255148244, -0.00783034421500985
0.02724000730190233, 0.013993235069648917, -0.01345566249298053, -0.021271359748355582, -0.004513569594352115, 0.0007145031373535248, -0.005589281492679299, -0.000580152699115318, -0.0007947283465549723, -0.00542965325400271, -0.008590708645909184, -0.006433798745607846, 0.00016839303013703347, 0.0049053186677230675, 0.01963745781279315
-0.12718003836212366, 0.034225204820511904, 0.0319874180971844, 0.027731970582203645, 0.029131519816796847, 0.021707688164348145, 0.015935866235780905, 0.009304434635106081, 0.0017809741120382188, 0.00024193284289193487, -0.001169273301582243, -0.003115088336256657, -0.008842171107911216, -0.01279899160223479, -0.018941446596753408
-0.00033001133122372337, 5.373035872398631e-05, 0.00016043521060933428, 0.00015510443749406624, 0.00015524007610232104, 0.00012375162421402456, 7.121240207691554e-05, -4.164616195089865e-06, -0.00013491239551339528, -0.00017362593103069428, -0.0001460048509227675, -0.00021987744455323867, -5.193335896991802e-05, 0.00010870283529890238, 0.00023235298388927638
0.0033033821364643664, -0.0005042686603920796, -0.0007619431127315766, -0.00084927517801102, -0.0007338833907235595, -0.0008628097119578107, -0.0007030666037970439, -0.00023930256898621637, -0.00020771853659006054, -8.866905875703293e-05, 0.0002740608433237617, 0.0003067263497234875, 0.00028498548251196194, 0.0003005222394679862, 0.000481259770454847
0.0007035251961868579, -0.0005029577827372002, -0.004130009239366994, 0.0028525553210726846, -0.004470646846135062, -0.004893845915175504, 0.0030193129040743147, 0.005887626585035684, 0.00571105938019706, 0.005772015310864538, -0.005041037487835466, -0.0008219118612066369, -0.0006718991876342423, -0.0008984557856178452, -0.0025153305917223223
-0.003553235694909039, -0.0012000221208582473, -0.003349168365561551, -0.0008124301042333809, 0.001622398929081976, 0.003061257575546901, 0.005047635894001539, 0.0014384756692788696, 0.002563929639977572, 0.0038469507260072374, 0.0006751070595131799, -0.0035698342174405, -0.0026422402676277127, -0.0010781619948940755, -0.002050662727882767
-0.0027215321948821274, -0.0015686972824570068, 0.0024655263353833713, 0.0004375565547671863, 0.0003907276445961484, -0.0006686081737110905, 0.0011930849081501346, 0.002376744772748953, 0.0008831038455906091, -0.0009114995658043635, 0.0004861209468880962, -0.0012270124268669398, 0.0011518333582742353, -0.0012848567517755702, -0.0010024919709015884
0.01045277627809715, 0.002648686685179014, 0.006281967318942979, 0.0032564173240445435, -0.006187316835267344, -0.00665663489318663, -0.004441573957976548, -0.012279822854609225, -0.01251391707830733, 0.0018820854780601064, 0.0013616637103476764, -0.0012215626470542683, 0.003882240225875506, 0.007424868572500687, 0.006110122673353553
0.0010933764047179914, 0.0005130883847686414, 0.0014201100658429245, -0.0035416208000848826, -0.000774627676518371, -0.0042328611385541465, 0.004698185311463297, 0.0010120226636038026, -0.0023355862272196235, 0.00020605537520528808, 0.0016009000307126355, 0.0020691648435612283, 0.0012055101617342544, -0.0009273992716990904, -0.0020063181275339634
-0.004879700996466004, -0.0026810443175430973, 0.0004923057346722191, 0.0020974583506348904, 0.0017585699292888943, 0.0016097442341337469, 0.0020524253571468165, 0.0019516281750253809, 0.0017591776162207452, 0.0007899817627427011, 0.00022517660694325743, 9.809312060428616e-05, -0.0011543200017173308, -0.0013558383741005355, -0.0027636571975860227
0.003278630392072596, 0.0016180103690572297, 0.001023982901825866, -0.0003652037832383348, -0.0012448295957183957, -0.002606449218611839, -0.0025204951023589228, -0.0017312179942669385, -0.0020110318651767435, -0.0008244152534987825, 0.0003178918191015589, 0.0012734355694505267, 0.0013681061339289734, 0.001343493416320132, 0.0010800922111130933
0.0016838430569917474, 0.0016380054883255108, -0.006474865063836395, -0.00771724271581365, 0.00326227724760912, 0.004218246504747114, 0.0032589244218422676, 0.004223551065651791, 0.003465703288863969, -0.0027934562848930256, -0.0005841026747109444, -0.00039669814008205177, -0.0050968506162545335, -0.0016097993163620367, 0.0029224637379215218
-0.005015110389584611, -0.000564037455808111, 0.004963373581262499, 0.0020561349150917596, 0.0010393366961080476, 0.0032741423898700753, -0.005730879061957631, -0.0017256902144700793, 0.0005427259697340576, 0.00036442959618192196, -0.001751922723857356, 0.0023676775623643546, 0.004631952328656744, -0.0010054693827196567, -0.003446663810871976
-0.046807035248271595, -0.028406632322105756, -0.004242463728028903, 0.018298629178193932, 0.020899793820935497, 0.01972378144610419, 0.028593509803247343, 0.02983433413016244, 0.021635588101415623, 0.004444346127294836, -0.006439004247343687, -0.010256209083357863, -0.017125707446432627, -0.011150231234672755, -0.0190026992971408
-0.0041140280167174465, -0.0029355547679440963, -0.00038239479076101595, -0.004187589912607979, -0.0022649889833244014, 0.0019674065171872445, 0.008710957239345195, 0.007036551162681559, 0.003999933330093479, 0.0029484193942870235, 0.000927676342065384, -0.0003624673958567369, -0.0021062657430571583, -0.004741922776410104, -0.004495731598981079
-0.009959044812058013, -0.005380680319856216, -0.004539791700074108, -0.011627756353613041, -0.013114391612893446, 0.0042451566536645235, -0.0009677739619220417, 0.02191390979291214, 0.022335075131846467, 0.029506326608710737, 0.01124321220252873, 0.00749544470850847, 0.0005658689831108785, -0.011092383527974084, -0.04062317179289108
0.007702190064729229, 0.008111230120113631, 0.010578572459042616, 0.00015883086244802413, -0.00435144333075224, -0.010456637463231609, -0.015078613909868255, -0.013065034444425833, -0.005433831881901209, 0.0006558801962481203, 0.0012062594415686847, 0.004532255713259942, 0.006216625177591684, 0.006210196452337254, 0.003013520542840086
0.0019465924079747413, 0.006744230308840786, 4.995103080653503e-07, -0.004379457311421488, -0.004497195505818959, -0.006482808633471938, -0.02370647826334203, -0.005135372963252356, 0.007962490600980506, 0.01723367408307675, 0.01928198082518534, 0.016073090456355837, 0.006052187227707833, -0.009237464962185561, -0.021855967780937104
-0.04733705823134694, -0.009742736501829663, 0.006695710737382509, 0.005633848410052447, 0.0030467087387723866, 0.017556675993236782, 0.03264598051280959, 0.02434180495824476, 0.014607155348296735, 0.004558369516626927, -0.009129494524426518, -0.004491585716809663, -0.008336662735927248, -0.016752840686495803, -0.013295875818586482
-0.02311116487309794, 0.000983605261525209, 0.00864331138241484, 0.02135267905723516, 0.012253643349269039, 0.009667986446591328, -0.021880072494591462, -0.01592589679699917, -0.01571688521594429, 0.011118280006275827, 0.015934580806411164, 0.003624144025871273, 0.007187319040822491, -0.0011317024919250515, -0.012999827503858481
-0.00593889695646787, -0.00915640524237462, -0.018124370868272933, -0.02109578386903715, -0.011079341335947549, 0.02592654362767495, 0.03153314371295894, 0.01711562061167499, 0.009792239483891142, 0.014765633712474278, 0.013107851991447686, 0.003619247979095648, -0.013234687416384209, -0.012297457290916143, -0.024933338139816772
0.016165040438021652, -0.010771027499293111, -0.03283305515396814, -0.006030520026047753, 0.004482871844284176, -0.0029399482449866555, -0.0005264354911720331, 0.006070026527636805, 0.018175644500366177, 0.02786962895159881, 0.007268659719410157, 0.015059427729809909, 0.008492878342509272, -0.022243403021675018, -0.028239788616494527
0.021322136652283854, -0.006846402229549557, -0.021150830057430594, -0.015304109924395197, -0.011353783587369314, -0.011376432269887783, -0.0014473161085171808, 0.0023939074061581386, 0.013408668262796667, 0.022304164262799523, 0.024469261863179437, 0.024581223414490386, 0.027107063889559985, 0.005587712671311575, -0.07369526424542992
-0.028855310093468787, -0.019644710827692653, -0.010811394829567642, -0.00996834118608136, -0.011473603386928332, 0.00837991710275781, 0.026096093483448643, 0.020501972268087712, 0.028721031532875658, 0.04163486058221931, 0.04058933768716114, 0.02373187131712192, 0.003015711483730196, -0.03430658050528429, -0.07761085462837894
-0.00045353664997232427, -3.703383664990926e-05, 9.369545436948331e-05, 0.00015550785327346454, 0.00016695691152238563, 0.00010666515796914759, 9.875207917148856e-05, 0.00011557589372472249, 2.700311418642663e-05, 5.069271972178999e-06, -6.238013242131025e-05, 9.473305003793862e-06, -7.017318690417758e-05, -5.8500345268784455e-05, -9.707488997656242e-05
0.0003785108441544635, -4.5941119314879685e-05, -0.0001055699193401828, -0.00010071941467792772, -8.73177861186296e-05, -8.219893214137673e-05, -4.8460061000180825e-05, -3.766724373549929e-05, -3.3406935683237744e-05, -6.784424262402967e-06, -5.0138230013905975e-06, 1.4211755795859872e-05, 4.914520922276086e-05, 5.0648112663281015e-05, 6.056373743941034e-05
-0.020799276694584222, 0.005600074712774118, 0.005016368384181137, 0.004317121771123181, 0.004180778197721839, 0.003456258427296998, 0.0024941898084201407, 0.002326707841568818, 0.0014310852877770378, 0.00048172393844565174, -0.00022607248456428246, -0.0004505568002752897, -0.0022316297998203932, -0.002726350295813725, -0.002870422294250969
0.7563444142242565, -0.21607359673490303, -0.19116127567526453, -0.16623548596980248, -0.14131056013800233, -0.1163671443323045, -0.09144186612075028, -0.0664988040226494, -0.0415193502994262, -0.016598294755893576, 0.008272375338288342, 0.03322169202997062, 0.05817410260900882, 0.08310186259540493, 0.10809193125206716
-0.011460526603409776, -0.002832476528333649, 0.005357029561285774, 0.014692817928055409, 0.008822838187742639, 0.00437749889886168, -0.0007288563222840299, 8.400547949280641e-05, -0.01079925393713355, -0.008625105113454674, -0.00890229359686718, -0.0026507278891768128, -0.001966522620479855, 0.004396608112709914, 0.010234964442991268
0.002694999716005502, -0.00030335509067663016, -0.0005653636528429552, -0.0005545270301909803, -0.0008566404040845468, -0.0007056963395640221, -0.00031486670180216116, -0.0003791860237244662, -0.00021285374929073936, 3.3182148200841385e-05, -0.00018925552693338784, 6.770717589373384e-05, 0.00014984181037949195, 0.000554116912379248, 0.0005818967562510706
-0.002404512565744053, -0.0005776295435436102, -0.0029627803980893895, -0.0010427343983655335, 0.001725969034053832, 0.003130851613046104, 0.004649274519657281, 0.00017427380282788343, 0.0006243708623037403, 0.002588207080371323, 0.0002844799946030714, -0.002827777067830809, -0.0026648620158791943, 0.000332210191730016, -0.001029341109140659
-0.000654074194309864, -0.00036934894151719014, -0.0032226606238599685, 0.004592128283681858, -0.004395002648598717, -0.0046555586095866994, 0.004374028387888644, 0.003995772064009175, 0.004488183014117826, 0.0058047829505240706, -0.006609129068370723, -0.0007202124848150846, -0.0008307542487060652, -0.0006898368650125547, -0.0011083170154447676
0.00864434563098691, 0.005737189997927654, 0.006299737824486975, -0.012030012008530898, -0.0031418992087979907, -0.002209701083744567, 0.0028607088807519232, -0.0007840778069181, -0.0041928693608810005, -0.00941545326195041, -0.007871955683491494, -0.0038760444310366395, 0.0021221052699122297, 0.006144372799502625, 0.011713552441782918
-0.07938024806494891, -0.020717918014034626, -0.011722022637191014, 0.05099956943806091, 0.025075891452102036, 0.04748532601586518, 0.05363535667113291, 0.046894144720079065, 0.03964746638796217, -0.03213418117089536, -0.0806719242134822, -0.03478790990098074, -0.07203624850038938, 0.018766730930287263, 0.0489459668864327
-0.017947395526251016, -0.007738106348662131, -0.011181826682944028, -0.00795539758558854, 0.0052748531201890995, 0.02030197758006811, 0.014941323882497344, 0.006194948056687087, 0.022981493176880037, 0.021757428432297637, -0.003674913069733358, -0.010029960218968762, -0.00321847723184667, -0.020260957165602618, -0.009444990419022064
0.00022734535022839368, 0.0005688031752903512, 0.0005483305914783231, 0.0005124429156336906, -0.00014428515273296155, -4.765137748254343e-05, -0.0004165925013313928, -0.0005910660640565381, -0.0005375929361165643, -0.00032614542968660944, -0.0009763233966632032, -0.0014421674581412685, -0.00045308907514745325, 0.0005420599085408409, 0.0025359314501869363
-0.005377606613551545, -0.0003794587823846139, -0.004882348893112264, -0.0013303798306745175, 0.0029141012935053703, 0.004465864959587423, 0.008802402717083307, -0.0007207013116274682, 0.0010886322330892362, 0.006538263778913321, 0.0007796767090874748, -0.005700695903181613, -0.002859158146274677, -0.0007877036384837964, -0.002550888571975617
-0.0012873928537109804, -0.0007704410604631231, 0.002278393307907158, 0.0007452803647309122, -0.00248229202917032, -0.0005622495967279712, 0.0011596979451514288, 0.0008656162676883407, 0.0009049314741035511, 0.00014754423938936, 0.00027581996806514347, -0.0005073472785757896, 0.000509080940318541, 0.000279989299535295, -0.0015566309882415193
-0.008507655902913212, -0.001649509676327357, 0.0014394023031699516, 0.0011468939431553706, 0.002219277162648614, 0.0035055077458279117, 0.004915947201442359, 0.00201427865119968, 0.0014099377112607634, 0.0009015279643181336, -0.0005251799088285154, -0.0006965067116740975, -0.0013960804415922368, -0.002492587524217951, -0.0022852525174696485
-0.017245588933586978, -0.00719498824485081, 0.00046899392644042363, 0.004246539493313896, 0.008779806995974178, 0.002065501039887171, 0.011039607911446465, 0.01851969091447388, 0.013456349354309068, -0.0020440233056345336, -0.01004333907836782, -0.016150095075168604, -0.0068315791305232024, -0.009940228099734147, 0.010873352232020846
0.008447575700515087, 0.0006455278160346437, 0.003089578850140686, 0.001492359273685981, -0.005278390087125993, -0.003767294188539233, 2.0491494846546024e-05, -0.008985474338774483, -0.010378398995331639, 0.0020967901332726562, 0.0021761993822951428, 0.0001579888241994026, 0.0026649951111373934, 0.006552806434439415, 0.0010652445892044022
-0.003683226052752094, -0.0022272674830945676, -0.0006633918211031926, -0.00038493805619318745, 0.0013876066787551697, 0.0017884877339316768, 0.002592286265713283, 0.0033865322337572564, 0.0023920574107291473, 0.0007852773802888577, 0.0010238449221714665, 0.00047014456983643084, -0.002300891449464176, -0.000884571529907988, -0.0036819508026680993
-0.005670521237577878, -0.004401623571251294, -0.007352022585814935, -0.006579452926188223, 0.0028834997317132315, 0.008274899417220124, 0.010260786232147186, 0.008459604429388904, 0.00818882852598884, 0.004804402018850931, 0.0014140395756741901, -0.0032209912428451002, -0.004744655297771067, -0.007064811193611914, -0.005251981875922792
0.004913843114560122, -0.002673366532300802, 0.00022840842082703683, 0.006039256042169545, 0.00044154742653980313, -0.0005146367161243654, -0.006358854487765497, -0.005040935332469994, -0.008609422566560884, 0.0043468201394693895, 0.004431031714481441, -0.0025748358584403524, 0.000784490759149861, 0.00151471711252714, 0.0030719367639373877
-0.048864595910063424, 0.009589644748100661, 0.012559760277866067, 0.010922438067504139, 0.010746480771280775, 0.011253012270596063, 0.00616464950879992, 0.004835773804576534, 0.004175679202592589, 0.0004294978326038536, -0.00024000423746687046, -0.004625120644532497, -0.005165419891875965, -0.005369857623324494, -0.006411938176657388
-0.005196480053988193, -0.002804009098418627, 0.001965426452886158, 0.003180793257480742, 0.0014117901767576016, 0.001239747103732179, 0.0023622003422036977, 0.0002706525966022883, 0.00014700157396873353, 0.0003651717754643524, 0.0005463586283200876, 0.0005066826493793494, -0.0003154659829147637, -0.0012212196633798332, -0.002458649758093823
0.002042589921912822, 0.001765321077259166, 0.0021490385781594533, 0.0015792613781555331, -0.001121286103729882, -0.0025112036316546904, -0.004239607663169203, -0.003281398555095095, -0.001754694829869045, 0.0002182647848561829, -0.00035381897750960364, 0.0006309382667380834, 0.0016277159748627858, 0.0016984481194692522, 0.0015504316596142375
-0.00756366842689154, -0.005690016156625084, -0.0002928394423373101, -0.0012780404417637508, 0.0031748162627070965, 0.0029814562576411683, 0.0038746034029192977, 0.006240581640063283, 0.006212894710467178, 0.003762130984482116, 0.0023500865956909388, 0.0023208111046184626, -0.002404499118351702, -0.0034698861147112415, -0.010218431257908844
-0.019379190508363196, -0.0073381491446138794, -0.011161324288808028, -0.008699272369278007, 0.006667568904754617, 0.017604419336821588, 0.012627670291021739, 0.006778593226541184, 0.027028285852333862, 0.025005157395137693, -0.0018767726534611288, -0.00825900770042373, -0.00443887430212753, -0.023288124238403998, -0.011270979801131172
-0.03399079877822985, -0.014519472923459271, 0.00567413750828222, 0.013326935180590974, 0.018796798681677045, 0.000808083684508678, 0.019269746293175502, 0.0356321961784814, 0.021895886084728495, -0.010998838047338397, -0.0227847183772285, -0.03169694454172595, -0.010137618016320208, -0.018761872862767967, 0.027486479935625783
0.0031756292641407454, 0.001927418844940785, -0.0022438616276539655, -0.006149418336502634, -0.004989374222165101, -0.0018440171686838985, -0.002362691228035135, 0.00299796053080196, 0.000716913109646699, 0.003253723547989663, 0.009465015534028733, 0.007845578405733859, 0.004852612182596733, -0.002211728716690143, -0.014433760120148449
0.003977386225609105, 0.002386263501299397, -0.003667574859861052, -0.009075530459408591, -0.006258470393066971, -0.003970356926630447, -0.002799387776676445, 0.005107407225856074, 0.00319121078459338, 0.005233809853769461, 0.013934977968765097, 0.010237796055607167, 0.006606661944047661, -0.0028848693072154384, -0.02201932383668852
-0.001216073146245214, -0.001567933083291611, 0.0009411539139217079, 0.011198407077775294, 0.00726242862645185, 0.003884289080380594, 0.00315278441933444, -0.0065566243249954685, -0.011412823142768789, -0.011913547787436746, -0.01347808055051608, -0.00694704502536638, 0.005273585488486493, 0.00827400033497102, 0.01310547811929888
0.0008051059871662454, -0.00037020394231802926, -0.002975448804619132, 0.0007954242814398587, -2.383160602962854e-05, 0.0006529840034929698, -0.006960245927679242, -0.0002579690460920171, 0.0036267871900810367, 0.004107446781524437, 0.005531336684620452, 0.003986696910517355, -6.948010618456118e-05, -0.0038983375434381304, -0.004950264862481716
-0.03098566177359424, -0.01245504954273198, 0.0032686656314949974, 0.008402043767753678, 0.016103943974564758, 0.003134573535609083, 0.018640554056244762, 0.033299047113590385, 0.021388116662392674, -0.006578553473811771, -0.020116478056208545, -0.028276573035147756, -0.011019032677419027, -0.015502159868795884, 0.02069656368605901
0.004509941858281212, 0.0033214999257547835, 0.0044618424980262875, 0.0012382612105247826, -0.0032385500355323815, -0.0061782551857810595, -0.006401512089842911, -0.006940541618136685, -0.004299137580749351, 0.001672603398270327, 0.001855707119681747, 0.004101150379556356, 0.0047792134845842105, 0.0024511186367940354, -0.0013333420014316796
0.011988236962222258, 0.005662184047017024, 0.00969272604914243, -0.0108532300547972, -0.007630555659621343, -0.009070002842149294, -0.0052725071523740735, -0.0007239552829128369, 0.00020232191239680312, -0.006248578494772201, -0.0011930258276963946, -0.0035075876057125382, 0.002513730233629231, 0.007108800965813374, 0.007331442749815022
-0.014747672855156109, 0.0010248190130667228, 0.0018624157812017843, 0.0008726065262177242, 0.005683932509553628, 0.00587438944357897, 0.003812957118691253, 0.005188678695666498, 0.002811852117592944, -0.0008170535938090635, -0.003614359544061044, -0.0026603441070986306, -0.0019262870279043419, -0.0018309264506044369, -0.001535007626935907
-0.10002695411534859, 0.03229415209029523, 0.02719409866980451, 0.02097278850428193, 0.017909767088354005, 0.015428919993321156, 0.010205916631080517, 0.007818230331862163, 0.0020668527828003862, 0.0009437796515176478, -0.0016354814717061846, -0.005719273867491693, -0.005923804391702498, -0.01238203202050715, -0.009146959876561219
-0.018436177255955543, -0.00349293989084454, 0.0032208861438180157, 0.005191119693181192, 0.006224427207494413, 0.005714448697018286, 0.006338360711406567, 0.004845668717715575, 0.002671981542096398, 0.0014860386611192614, 0.00027818423085512663, -0.0008423233447077595, -0.003733018049334954, -0.005120940598626904, -0.004345716465235406
-0.005724872618528752, -0.001880162446455028, -0.0012724471114853243, 0.001744851611753049, 0.00016386604906890585, -0.001167686240581856, -0.0072378024310558245, 0.0028844671623689784, 0.007099677658418078, 0.01018380720258317, 0.009839177653002816, 0.0027616515161802643, 0.004258872927047926, -0.0024285219198016245, -0.019224879012514653
-0.008878453567836578, -0.005759245940560686, -0.011706695134382019, 0.0003587966807018692, 0.0037149074098620023, 0.007235459876818224, 0.0134376578382206, 0.009581063373324, 0.007426243922669033, 0.0059806075445895425, 0.002001439026162265, -0.002065204002662463, -0.005992268052854465, -0.005420903257066365, -0.009913405716984895
0.0017833117406325391, -0.007833122535350892, -0.005391964326164409, -0.015532289074581112, -0.006241872966839184, 0.0005510995144247579, 0.01367143792843786, 0.010331296211819137, 0.012574245732505328, 0.013819414334461651, 0.012477893342133244, 0.0025464964654733266, -0.0035019601476619774, -0.006898451083565793, -0.022355535135724466
0.2881715460554226, -0.07764517028102548, -0.07502927914698629, -0.06631327514421316, -0.05534335753215581, -0.04514131327168776, -0.03390453269249316, -0.024552116566218644, -0.016457953617477736, -0.004532436531779156, 0.003057168273678156, 0.013053939614094293, 0.022726214810229857, 0.03215640030412245, 0.039754165726489356
0.022124536141267033, 0.009110372674304491, 0.00800051172919622, -0.0028587351701714705, -0.00456587738557403, -0.014476231973834222, -0.015306706338907197, -0.012781726342428627, -0.011470868262732768, -0.008755765703827143, -0.003790281852746242, 0.001273870248886609, 0.0042500155831720395, 0.010575715699852073, 0.018671170953542943
0.0055004188513086754, -0.0025839960744395746, -0.010342791090369514, -0.013910008279202888, -0.005396389967792044, 0.00030855512199584394, 0.0032987299901891622, 0.007216888979707022, 0.009954361781460856, 0.014723536254015186, 0.012754619716676375, 0.010197342402153649, 0.0013680221611508596, -0.009701892348757154, -0.023387397498096776
0.026585827656119217, 0.017961923166474093, 0.019166547407237854, 0.0063136296125721435, -0.005660091670009304, -0.020076327603166046, -0.01983739056649219, -0.01953770972797071, -0.02322455466799276, -0.02697661069840162, -0.025460361344206657, -0.012576032154094648, 0.00972124583223029, 0.021953306455953326, 0.05164659830174685
-0.02936897733485113, 0.009408210697636907, 0.016293021913426825, 0.014548010469224534, 0.009879883021998999, 0.001886270197631525, -0.010141411549726495, -0.00795666520886422, -0.0074415764669197694, -0.002604159733189465, -0.0019903232953922463, 0.0034251802986220454, 0.004971111500422054, -0.00021896089044437598, -0.0006896136195753316
-0.16155536150599595, 0.0463715468498858, 0.040654583862384984, 0.03536379198118504, 0.029736080213915606, 0.023848164859051137, 0.01928297259403633, 0.015343272679222093, 0.009515983855509502, 0.003802228343974203, -0.0008662434513483902, -0.0063067456435836645, -0.013384500655593351, -0.01852557428928582, -0.023280199693357536
0.0571135877182209, 0.04404200670271288, 0.18274406915205488, 0.25817562939201316, 0.21598419882846492, -0.2976696607182239, -0.4190298111394432, -0.29299282320362474, -0.1626870770227613, 0.012816321903218294, 0.03646046640557561, 0.005734029172926878, 0.08190754631083459, 0.1025579482508433, 0.1748435682471877
0.06098193595438003, 0.03765144687638121, -0.01314902164271716, -0.025985957806152517, -0.023842600296234175, -0.02363315686082388, -0.037972619225759965, -0.023359986210145744, -0.0057595834848423785, 0.003642111437894035, -0.0017695205480006268, 0.006987458873378793, 0.003927317464021039, 0.01345116917627081, 0.02883100629235033
-0.015277933261762577, -0.012301636158976793, -0.018932152182968443, -0.024128456517333974, 0.0028699132415231274, 0.029561256461472517, 0.03758864370665063, 0.02115805457906693, 0.025465347535985994, 0.010073493350986548, -0.003937765099355228, -0.0090798072533489, -0.009869364672748838, -0.017585129125370698, -0.015604464603820216
0.033402801300337515, 0.02760812953314958, 0.021944711679349162, 0.00023418704697399505, -0.009864372553761963, -0.029067268771164896, -0.04260910012342895, -0.03277028167308759, -0.023406731038537364, -0.01695467850172289, 0.0015337380157937489, 0.006252000045357631, 0.007082015052840622, 0.024215213807482202, 0.03239963618041891
-0.21565443377186672, 0.12549581289444695, 0.30015161294193793, -0.20273660145681174, 0.12665179814144145, 0.027210904885074275, -0.20648491893009302, -0.004193835870789455, 0.01114920843973444, 0.041394669178985634, -0.0033392258865143467, -0.01017503354551927, -0.056972648681758484, 0.06977854806898191, -0.0022758564072496434
0.0005889636787943372, 3.2317924770406976e-05, 0.00032562770353125007, -0.0006000606941969529, -0.0011661477061720503, -0.0009827319682841457, -0.002714644600647717, 0.0011938819683733207, 0.0026009083757387863, 0.0011710461211733242, 0.0008065945772107696, 0.0011023573978566807, -0.0005303706928528435, 0.0009601684944950498, -0.002787910579790191
0.0030165844867827757, 0.0009942369990102824, -0.0007474971369191849, -0.0017484104509560973, -0.0011081468974737168, -0.0011273566280051283, -0.001716156613833841, -0.0003980054739317739, 0.0006254111140666855, 0.00032725578954360696, 0.0006523540806073276, 0.0006971741868356646, 0.00014631835340808653, 0.00040586543456029404, -1.9627243695025023e-05
-0.012768956244458295, -0.0052428602769526884, -0.007911370726952936, -0.006165812265301683, 0.002839152879033892, 0.014625364816137045, 0.010045508489581887, 0.005277566814490313, 0.017501025265257136, 0.016206880369894285, -0.0026452285425365325, -0.007402051159533855, -0.003117648019303469, -0.014662082842765285, -0.006579488556589946
-0.015085506754384245, 0.003876581310731782, 0.003732342872190178, 0.0032424380448011925, 0.0026240799494585986, 0.0019955631892426178, 0.0019475070860902439, 0.0018509426137978137, 0.0017858584526158315, 0.0007781109599247016, 0.00023987865824435768, -0.0008359742339923858, -0.0016173778303443874, -0.002213460405935205, -0.002320983912441097
-0.031773004535768, -0.01946817096768081, 0.005287178958327764, 0.02091408045692738, 0.01784834829330694, 0.004754468244469407, 0.014889092976436338, 0.012232133738083083, 0.00623484685986763, -0.004544073735829381, -0.0026746722561570586, -0.006451264961186738, -0.005837101030120786, 0.0054338499314730785, -0.016845711972148847
-0.0017044782241631305, -0.0010244148433939376, -0.00036043503421103585, -0.000947749586730851, -0.00028156388267537146, 0.0016459760896251397, 0.0023681437697734365, 0.002254324149799796, 0.001477625420239933, 0.0005719603190459659, -3.399261609239303e-05, -0.001283344784556025, -0.0009975096180402808, -0.0005375412822332478, -0.0011469998763880323
-0.0021117945076592776, -0.000129221107561767, -0.0007346209845671132, 0.0007498457309384575, 0.0011256645161155, 7.88139064417248e-05, -0.0005936348010375824, 0.0007669601436180876, 0.001592175150916452, 0.001354567590046913, 0.0008540839886971262, 0.00044834980230491376, -0.0003612993452484862, -0.001138142163080203, -0.001901747919924653
-0.0018487481775670827, -0.0018282870816097923, -0.0018662730785284696, -0.00020504757204595255, 0.0014627414753799616, 0.002187437155824639, 0.0010410839159339749, 0.0020171245943437013, 0.002615002012671945, 0.0003341197652908266, 0.0004228333020625709, 0.0005946813234082779, -0.002105524082130564, 0.0009131742209160538, -0.003734317773949893
-0.015916181176450155, -0.004206143473091662, 0.004921349500301379, 0.002434860599773967, 0.006660949212448489, 0.0008686042808298371, 0.006355355344969714, 0.011795957516782729, 0.01337314349358539, -0.0013524245799386766, -0.00914703544538439, -0.0094304766156668, -0.005788081732334142, -0.013195737978437315, 0.012625861052611874
-0.005462147836411053, -0.003583799569091158, 0.003566324991499742, 0.009699028212052721, 0.006166746300116842, 0.00470361783495509, -0.0014682120501002694, -0.002584613205416793, -9.525504042990512e-05, -0.0035719800161428646, -0.012048252109849548, -0.009183980643741796, -0.0036027790092829593, 0.0007941579128034558, 0.016671144229038752
-0.00539452285263252, -0.003504905071015156, -0.009533836202719304, -0.01242892131333239, -0.0027506786515745065, 0.014347026866089378, 0.011449325038611197, 0.00918425071210393, 0.01855223879934407, 0.013750664989299336, -0.0048316036848760485, -0.01008931127825221, -0.0021931481010175756, -0.011375668799601927, -0.005180910450426362
-0.035094388580026004, -0.02131231314890386, 0.006659949285802411, 0.026524435253408755, 0.02113977528049797, -0.003870230431421778, 0.009943082997892407, 0.020567110665458375, 0.015050803939961969, -0.002933939470021067, -0.009349518013948706, -0.017925853066566, -0.0007736409802845297, 0.013701001201852938, -0.022326274933702896
0.007192677898116206, 0.005854436779130619, 0.0005668897344549232, 0.0030143714874852987, -0.0054393734774787605, -0.004273649849702537, -0.009047345869828086, -0.0026835970675306593, 0.0019362731990490295, 0.0005667490373248707, -0.009642534192895763, -0.0053049125819282835, 0.0025387769636903354, 0.0022105341843928605, 0.012510703755719492
0.0016995660375848038, -0.0039502528798350655, 0.004858113813812241, 0.006347439626223939, 0.002650182861042684, -0.00028000310965941373, -0.002778730046989742, -0.004221477981081454, -0.0029687995021505788, -0.0015402014994796679, -0.007859723159229686, -0.006786185920827283, 0.00015328384402992033, 0.004243234099094142, 0.010433553817464768
-0.007135955100539057, -0.004763491863430381, -0.0015972397267867173, 0.0035603403468818192, 0.0027412877460751555, 0.004239646756454042, 0.00480600818787023, 0.002658870543780999, 0.002765689122663752, 0.0006694935253121933, 0.0012645965663469212, -0.0001236756751005208, -0.0009602858820742487, -0.003506348878865633, -0.0046189356685885745
-0.006600582843921451, -0.0023947565261775773, 0.002650665367626087, 0.006844890685751523, 0.0036129781958965886, 0.0024343291392454145, 0.0020182131860283447, -0.0008837981999899703, -0.004336886329091107, -0.004444565157177305, -0.0014766137604218545, -0.0009549666650938186, 0.001750049768332753, 0.0019557496606935933, -0.00017470652170127913
-0.028920172065753372, -0.01280982230758873, 0.0025692980568068242, 0.009973864559686248, 0.014923818547775268, 0.0027139253016798363, 0.01785115445436034, 0.03066480797857424, 0.019240320481349965, -0.006530440916859923, -0.0184373804158641, -0.026365465677720634, -0.007422374229099117, -0.015359443745789826, 0.017907909978442556
0.012142899780655735, -0.005817558536734045, -0.010763701529275872, -0.013043825528131598, -0.006284422945709987, -0.00017449855629582053, 0.008953006341136405, 0.0073628567354332, 0.005396240762027759, 0.007468472255703965, 0.00891528734240606, 0.005263657439819002, 0.0038841220826402127, -0.009415339909288658, -0.0138871957343863
-0.0038520680374689326, -0.007580487637335973, -0.010090420602907034, -0.0065070743821515325, 0.0019108957787595789, 0.006673430753093642, 0.02027538357679295, 0.012948779384188081, 0.007817172041798593, -0.0009914648094762678, -0.001776241051549258, -0.0018192443695454834, -0.004428230716288154, -0.007402751076619658, -0.005177678851291206
-0.024382658066027782, 0.005202731387631984, -0.02150842875156949, -0.01274695483410834, 0.013477876712220723, 0.015046801169649682, 0.0015443394738328883, 0.01222545462918962, 0.030988300046746495, 0.027807635337218386, -0.004450225519908847, 0.009622960426414306, -0.0041039807524100615, -0.023921517426204294, -0.024802333832675282
0.0222043771165562, 0.0010442207479017412, -0.007612237880768357, 0.0017051681493263182, -0.008694871319863193, -0.005266333295358161, -0.005896805442786776, 0.004796116325995274, -0.009097297104181825, -0.011059232018681238, -0.006382834873812972, 0.005973343654449225, -0.00029129893371726686, 0.014175046807138308, 0.004402638067802495
0.00833720831518003, 0.006413751139138845, 0.0026269846470243245, 0.0013215328636942687, -0.00130334462069569, -0.01499853921656269, -0.023771823206276174, -0.012460484021922843, 0.01282384889966982, 0.009683559804548957, 0.004829973769305313, 0.007179616559311116, 0.006778890820197151, -0.0005195043428794649, -0.006941671409733435
0.013044720064476104, 0.005670164552375911, -0.000300406956347421, -0.0016445438114761866, -0.005368624106528885, -0.005015089897860807, 0.0010338636741967777, -0.007270202687642006, -0.005326299020895455, -0.008594585361517353, -0.005819469986944298, -0.0009031273943704513, 0.0009987125683990298, 0.005719762811856809, 0.013775125552277672
-0.04972537483595603, -0.026676111436527282, -0.0017668149758878994, 0.012992575728324417, 0.017879170801405442, 0.023560080984214225, 0.07569866764383006, 0.04066040172129977, 0.025130570580183875, -0.028368402409283205, -0.04838272650403425, -0.03945665915590317, -0.02143267878548382, -0.01399161737426904, 0.03387891801808693
0.0013224600576502293, 0.003831962960363977, -0.0007132294872352896, -0.012109818730351697, -0.005443217750727064, -0.002166923202228343, 0.010689295357497925, 0.008598130841577213, 0.0003264134108245838, 0.00035657119532691434, 0.0017440540995762033, 0.0004566125069274708, -0.002202494829082472, -0.006012392537341624, 0.0013225761072224833
0.008083685331038643, 0.00533853145065885, 0.0030897569471688394, -0.0017430454487229038, -0.005914541860929773, -0.007593806353147941, -0.012012757495620672, -0.008608875932752013, -0.005226810532104771, 0.010119987685865525, 0.009470751666373838, 0.0054739918623486665, 0.0047206570696617205, 0.0003924087301154164, -0.005589933119953328
-0.005737954313985852, -0.0010279281499600932, -0.005886703186340263, -0.006715588957061964, -0.0006343299606961307, 0.00254444966317861, 0.008624256269558915, 0.01013939425268777, 0.006171136601464405, 0.0055597673424082235, 0.0034666868772720845, 0.004450043121452267, -0.002027022469867644, -0.006308702432421858, -0.012617504657688537
-0.014367789431651679, -0.007739942320282996, -0.00967659881315532, -0.005703547751935141, 0.009489835467336716, 0.011752779738392841, 0.007401897021267874, 0.011071440089491381, 0.01380920327403044, 0.012247406022752559, 0.0062527488189988885, 0.0004900341125494488, -0.007930166862936884, -0.011475129525246954, -0.015622169839611016
0.018133351060681223, 0.003701811145876484, -0.011729963688272657, -0.012695293689489406, -0.006893998314999827, -0.000981321516878509, -0.01740664726809963, 0.009889048452546373, 0.010970264715527422, 0.00685122715141899, 0.005000965745905639, 0.00404774496584067, -0.0017984175661091735, -0.0024089359225889055, -0.004679835271359314
0.015489664029244406, 0.00668533070472324, 0.005686965168752899, -0.0015826720584924715, -0.004749301525963295, -0.015013330220373673, -0.025435602446948466, -0.00839681127986428, -0.00252743218454389, 0.003355645419964224, 0.010623880749016497, 0.008430005063479873, 0.008377796093824889, 0.004121936458482401, -0.0050660739713018835
0.013126202753290059, -0.011921299565480215, -0.027155438049141584, -0.008659517065592395, 0.011662124213336806, 0.018328595276787246, 0.02210445551207801, -0.001712960306000575, -0.003060996298437084, -0.007111560164778902, 0.000531695148386295, -0.0022233222787697814, 0.0005859097920826138, 0.0032016238104383386, -0.007695512778199059
0.05857822793585415, 0.011110909465599767, 0.006627165988977725, 0.012132745677501368, -0.022969216860454503, -0.028691450103598793, -0.03942562689502878, -0.029327561273868714, -0.032172022525903066, -0.013194162690994965, -0.0014008812068804864, 0.012983716330208585, 0.015984099176348646, 0.024777081233832536, 0.024986975748406248
-0.08948138000675876, -0.0395664336002107, 0.10917748908419744, 0.07489895987530491, 0.05972812475587534, 0.03862452747613726, -0.026981696191494826, -0.05122165936983579, -0.048094896473877644, -0.0641000385974052, -0.04335246520230155, -0.012433461639425804, 0.02403114092971802, 0.034305255233798695, 0.03446653372627866
-0.01351229766343044, 0.01132801345529585, 0.04145333092013905, 0.027725279558905545, 0.03154709135252691, -0.00759019876435175, -0.03938802240203153, -0.05103620208102296, -0.035122916343516525, -0.016664486472933684, 0.0030973282352051747, -0.015873317923787537, -0.011971470293996062, 0.017921927161159236, 0.05808594126183838
3.409300554090665e-16, 4.039442244871029e-17, 2.3803475173114012e-17, 1.3898221065945388e-16, 5.660438842184738e-19, -1.904566428567661e-16, -1.9200105214671066e-16, 5.3226788075807703e-17, -1.8891178181591634e-17, -5.784495287639602e-17, 2.77551379819395e-17, 1.0836060024627953e-16, 7.083654658036146e-17, 1.4661130936043128e-16, 1.3584162424927175e-16
0.004733801574798217, -0.0023962619866482997, 0.008084191936261982, -0.009336297478932299, -0.008627508144248178, -0.003825852465538519, 0.009311444709354123, 0.0031871704648624138, -0.00018283635632967792, -0.0038214905973710466, -0.002840110965173026, 0.006075958787512954, 0.004306219151347116, -0.0008022441638826002, -0.003866184466012834