
0.003512071398706583, -9.24438179919416e-05, -0.0008631651937097651, -0.0009880030545915915, -0.000654475175129631, -0.0008134314716145123, -0.0005003167584816166, -0.00025815597974400515, 0.00010810598885179307, -0.0001958408559106343, -0.0012050462345202728, -0.0008184406914662754, 1.2982423818068265e-05, 0.0005141574102018553, 0.0022420020115819475
-0.03520423510363288, -0.029945516703102068, -0.0006028857994450033, 0.014172100602582631, 0.021551682060464965, 0.023514306641982067, 0.020840798014989805, 0.01581972368566819, 0.00912257410643708, 0.005141775165337232, -0.001498648784831938, -0.0037213085985544946, -0.010974873222078312, -0.01245355183212683, -0.015761940233690507
0.00805677799881526, 0.005062656446581746, -0.007448088594694046, -0.018263194512154156, -0.012030007867716346, -0.004890716083671601, -0.004798281774052653, 0.010790349702448684, 0.0021812309511780557, 0.006755636958395945, 0.027291057630893466, 0.020433917779195874, 0.013251207620565659, -0.005000862914805081, -0.041391683340980825
0.0042260269365311355, 0.0002731204286738768, 0.0010651330085676796, -0.0020365066167038048, 0.0009884116537663727, -0.0007533875189219458, -0.0016471429803657097, -0.003868537644533874, -0.002465404789795349, -0.0019317876578867133, 0.0001391316988660865, 0.0007849466259569893, 0.001624830763216742, 0.002348651312466909, 0.001252514780161618
0.003910025807758644, 0.002215866395161446, -0.002979277205231536, -0.007675162082611114, -0.00568751742515146, -0.002040292578277888, -0.0031372413765167824, 0.003170435766644956, 0.0015754943222049253, 0.003917203591942531, 0.012133053794932203, 0.009619048929251122, 0.005663175522225004, -0.002980523877457082, -0.017704289584874786
-0.024982424628867045, -0.010556186793132683, 0.0016071443122221104, 0.008616847421160456, 0.012561931119782812, 0.0010565857414851566, 0.014775020374285661, 0.026341526027261048, 0.017491040641758555, -0.004225451343647992, -0.014381888444017502, -0.019696038641910395, -0.008977981309211371, -0.01405346313296095, 0.014423338655792187
-0.015287185572795544, 0.0038686301750814954, 0.003882286368642184, 0.0036145057937302465, 0.0025512185625418352, 0.002517552975906011, 0.002064695125842551, 0.0017567113441836787, 0.0014548571030765995, 0.0003317886888408651, -0.0005785304024684831, -0.0013132710953370626, -0.001074230231831633, -0.0015889879393747672, -0.0022000408960379594
-0.022400978686640136, -0.005752792812892438, -0.013892511528236472, -0.008525869788582855, 0.006708216777037968, 0.012569091027368081, 0.018306685595580477, 0.025543024105015952, 0.02050537619599225, 0.007992792512668177, 0.004027315983409606, -0.0010941901518529684, -0.005622791975892342, -0.021141255588225175, -0.017222111664750246
-0.14135437984026333, 0.04380153397910199, 0.03719156866605621, 0.032430319935321555, 0.025980853954817754, 0.02027670884638152, 0.015359493641481307, 0.009104298948830322, 0.003841111477052975, 0.0015552689160061182, -0.0028202444312071177, -0.003951423393212851, -0.008136274757838874, -0.013811144207327895, -0.019467691735199563
-0.16070064951272442, 0.045995878041052235, 0.041222038255774945, 0.036156993984581325, 0.03023232500951524, 0.025037821424552843, 0.017444292205245935, 0.012222115549537466, 0.008006842898966063, 0.004111314641724535, -0.0005980325528543673, -0.006752191164235125, -0.01160563358957413, -0.01603916337923652, -0.02473395181232599
-0.016620754451661262, -0.007879324141651765, 0.0011291588901482638, 0.005959420554344067, 0.008847420168108805, 0.000901808455408765, 0.013212830746728556, 0.014791321226911283, 0.010442590066181208, -0.002987066106237734, -0.009291772928594866, -0.013503351270117642, -0.005276530708480556, -0.009304131881013035, 0.009578381379925853
0.01659907782246885, 0.014693194468432716, 0.003460191885554322, -0.004606720604921882, -0.004685690621431615, -0.012735028375675443, -0.008355543746040058, -0.005659636118508949, -0.008178457602163063, -0.013139400697517718, -0.011398953030281427, -0.0019308058357839937, 0.004842388003470015, 0.01015817353868086, 0.020937210913717152
-0.6125452275264952, 0.17359898057691706, 0.15607678822682472, 0.13407832956239452, 0.11415247376897358, 0.0938815142820038, 0.07469783085322848, 0.05606764407426134, 0.03317899259656593, 0.012612279677207091, -0.005414866333900241, -0.02668945975294819, -0.0480251530124527, -0.06980837095673009, -0.08586175603584971
0.0007947830412359536, -0.0005880036730107884, 0.0015631217398748745, 0.004158687657179235, 0.0037426738774380287, 0.003453555965158846, -0.005837398543635346, -0.006031045927063578, -0.0016420771737650352, 0.0053221489242781615, -0.008716365712182272, -0.00951903634761822, -0.005303671517691868, 0.00969346079025062, 0.008909166899551268
0.013932436793231017, 0.007458519057155725, 0.0026394903318519834, -0.0030042877399544194, -0.004166648251906746, -0.003981087693685177, -0.009030157761416493, -0.013489536329954987, -0.010351194720568667, -0.0006342466656940846, 2.100499490172249e-05, 0.0012045173912940172, 0.004006193959972044, 0.0070911480507129, 0.008303848584060655
-9.46241925999629e-24, -2.138383672099002e-23, -4.283868698752655e-23, -1.10708796810419e-23, -1.1912967756694027e-23, 8.34949440965389e-23, 9.729961981033166e-23, 3.3041110275328486e-23, -1.7934188716367097e-23, -3.0231261166710054e-24, -5.0466293586773345e-18, 4.7701683433492404e-23, -2.1651747653611605e-24, 3.247484239516294e-23, -1.3159691563343621e-23
-0.004908285625342878, -0.006258126970446853, -0.009722969063841062, -0.012434788098005755, -0.00039072500295836513, 0.016532543161813795, 0.012513778057216013, 0.008564910054609244, 0.017037809464938262, 0.012937499555935398, -0.0073890731134889165, -0.008186603690517094, -0.0013280140287773546, -0.011562509038212487, -0.005405445662921917
-0.018579640077578174, -0.007918205652068121, -0.011118504124208485, -0.008275430250186844, 0.005478053953942299, 0.02033814211459887, 0.014879513897424767, 0.0060827033660366655, 0.024275985744002523, 0.023260077832656025, -0.003490144443691896, -0.01033186701158298, -0.003755061318819496, -0.021425438687069566, -0.00942018534345549
-0.02231312805950724, -0.011709791799576963, 0.0005277389433521487, 0.006542204367063335, 0.013158889823212248, 0.0008106809148992755, 0.012861696167192389, 0.023532360360691316, 0.01652438864300214, 0.0007682769405866915, -0.008292061574222853, -0.021507330540228967, -0.00494801940123547, -0.015592587299810128, 0.0096366825145823
-0.02039848980205073, -0.0008613467971617434, -0.004462983209467896, 0.012692975508855285, 0.00369641835437248, 0.006880226970162387, 0.014501713156276004, 0.01887794347498574, 0.01765572998199712, -0.0050135109645701855, -0.0306867859266073, -0.01627979048260519, -0.027377668898134352, 0.009138925539107029, 0.021636643094841403
0.004035367693889772, 0.009307686244722618, -0.002795312662621499, -0.00910989798586468, -0.004210550379933579, 0.005091900024291838, 0.010124421068485238, 0.012999323423928334, -0.0027239772781490327, -0.01804577101255267, -0.016761229893509616, -0.013367007839774974, -0.00440760285820855, 0.0030791995068818693, 0.026783451948414392
-0.02319973759647528, -0.019457081010751956, -0.0026795893281291827, -0.004307881437884647, 0.02062705701805562, 0.011318424769369433, 0.017719960963476097, 0.025763507075807636, 0.027453351566387018, 0.017379280591379193, -0.014127924444128394, -0.03698168999399188, -0.01452789134942143, -0.028064444996516932, 0.023084658172824932
0.1865698256883954, 0.09854299404672195, 0.025950294173499498, -0.03162516575886859, -0.06668691282384191, -0.08775525879270042, -0.11604115702456595, -0.10912536248636123, -0.09287050200435011, -0.05224014108250551, -0.023898966573831545, 0.008365923550555241, 0.045314187051051585, 0.09060350097460369, 0.1248967410621979
1.7278641225001372e-16, 1.045575957531874e-16, 6.062104890890396e-17, 7.166822403032911e-17, 9.248823337148643e-17, 5.3062973920553836e-17, 5.70415078412584e-17, 5.259095472697081e-17, 8.024433178402327e-17, 3.3548917960728075e-17, 5.898476276186878e-17, 2.4212870397463365e-17, 3.733896688321744e-17, 1.717900998295314e-16, 1.7321088667756931e-16
-0.013998118651412176, 0.005078516700713537, 0.0037912518540367786, -0.0013760098361539706, -0.003646328366363242, 0.015592823770256342, -0.0051194851791494115, 0.009799605141266961, 0.004716917445633091, -0.0037492779378269247, -0.008017482774967047, -0.008395601390031478, 0.008522677324233587, -0.0012631892277701281, -0.0019362988724659666
-0.0004879033455452992, -0.0003953608665144613, 8.450649681822068e-05, 0.0002992539755766045, 0.0003648413771613362, 0.00037574000074542017, 0.00027501520737219866, -1.933008372734511e-05, -9.078148863189615e-05, -5.127383000188272e-05, -1.2655855182211638e-05, -6.754237099320416e-05, -0.00011443145834131372, -0.00014724690985597517, -1.2830848880251888e-05
0.0042399505433240526, 0.003663139971211063, 0.0033009072501794154, 0.0014759084674290683, -0.0012252760994097423, 0.001096156843889649, -0.0009743104300054843, -0.009281907714614786, -0.011336477134405176, -0.0018074209585620406, -0.002416362712359843, -0.0010653996515933508, -0.001677046858306366, 0.00560089058535765, 0.01040724789786583
0.013104324933360815, 0.007570146641294681, 0.001099508333171418, -0.0025769134669717544, -0.003894867789694802, -0.006398255582923322, -0.005739682965304485, -0.0028823488229037073, -0.005142039086717121, -0.008332133410505014, -0.0071390924543638335, -0.004896360472556204, 0.0019238182476243038, 0.007817092673472177, 0.01548680322301675
0.01404845991323175, 0.005303907020702845, -0.0006073412976829051, -0.005365930203210915, -0.005503376447106197, -0.005259964479733455, -0.005178583858239481, -0.005812237320876535, -0.0025948499709931433, -0.00143290437591603, -0.0003099473240244355, 0.00039353748441580083, 0.0021987767034832894, 0.0035671197952703315, 0.006553334360678995
-0.002105007579861053, -0.0017871724658522386, 0.005526266317081974, 0.015297704368323181, 0.009203418831772489, 0.0051161483049094614, -0.004095641101229157, -0.011316024739233878, -0.013375118819338125, -0.014167283595882648, -0.012848265058762324, -0.006651891071276879, 0.002618928838750584, 0.009209189906974205, 0.01937474786362412
-0.0006457380886635382, -0.0003313512253588525, -0.00012537904584193393, 0.00030639028256024113, 0.0003309574275289718, 0.0004232419812670556, 0.0004128729389699286, 0.0006418759087795553, 0.00044957569564346104, -0.0002060664101636622, -0.0007223304558554273, -0.0004834705564341952, -0.00038487542684063685, 9.649856348192278e-06, 0.0003246471180607616
0.019492732660862037, -0.005139148449911235, -0.004567150959049316, -0.004066347765634294, -0.004060801773428281, -0.0021482292482990616, -0.0033580082162735655, -0.0021265201512242855, -0.0017291315907753929, -0.0004698204639297959, -0.00021300978797775556, 0.0009805397403161256, 0.00162744773926074, 0.0025175136018240557, 0.0032599346642403298
0.005842471936589827, 0.0007213364959280974, 0.0030667249908707533, 0.0008473580988901761, -0.0030367182258796365, -0.002499973160567985, -0.0010998333767918201, -0.007042176493016678, -0.007661467417137596, 0.0020720990501919582, 0.0007590107075862995, -0.0008099951942999048, 0.0018116349198490146, 0.005046204796518579, 0.0019833228712689945
-0.0031801985976608214, -0.0010848289887413274, -0.001298480941204804, 0.000414531734921436, 0.00048770743867950503, 0.0017457024464567496, 0.002730114861148465, 0.0035032013543997, 0.0015258192487046058, 0.0005753681162917895, -0.0007299980665667463, -0.001281744630201596, -0.0008620707517608833, -0.0008466337569733833, -0.0016984894674926232
0.0006040788455400237, -0.007219357820681083, 0.0018947349326962348, 0.0024618945034459287, 0.004651745517431439, -0.000615470279744472, -0.002576686581859834, 0.004536232325285194, -0.0002370135482216873, 0.005220683224344887, -0.0032102256611064696, -0.00719171616208684, -0.0031366596201106655, -0.0005334316391849947, 0.005351191964252317
0.0015825856792811802, 0.0016890065615405563, -0.0007389060185584552, -0.003455421205000127, -0.004258439697328539, -0.002884315996710058, -0.0006414715220040412, 0.002019271237092295, 0.0030046909690439236, 0.0037093271281653946, 0.0029053361883887587, 0.003023176438576727, 0.0022417288040731493, 0.0005542219952811456, -0.008750790561841661
-0.0083511693772856, 0.005025696921401401, -0.0015379318292718892, 0.013711385552934765, 0.004116714541411037, 0.00044219825366552856, -0.0024500574818897107, 0.00668800389282546, 0.0008911431668874259, -0.015410359181022357, -0.014030581442473988, -0.007992297607760069, -0.002759023230068016, 0.004171957038098702, 0.01748432078254724
0.012880639890088304, 0.004966035552877281, 0.007684688172575815, 0.00646348225836494, -0.0007113809956840605, -0.009303948156283891, -0.011756251550302575, -0.021789236936829246, -0.014864682330149337, -0.0004515922750847126, 0.0013264818616566323, -0.0012887607669236898, 0.004895168987009882, 0.00943810299850074, 0.012511253290183997
-0.001106512269796709, -0.001214268967358616, 0.003543413094739495, 0.0051852198553928785, 0.009026101582396747, 0.005145045382362516, 0.0012658388036581771, -0.012242859427640695, -0.009307674413994762, -0.005474822803469842, -0.0067754990065043656, -0.007456401082434477, -0.0005889165872346225, 0.004594367054717667, 0.01540696878516665
0.006446559143283762, -0.012758809178474741, -0.0005398242695143635, 0.018765818398972043, 0.013207043850348075, 0.0013685531011512681, -0.01161503228229264, -0.0037577694056470045, -0.007818606894291277, -0.01748931343394565, -0.0018466342658136846, -0.007018092635592799, 0.000277710547503901, 0.012747410254206648, 0.010030987070106264
0.0031589562974406876, 0.00621933182832485, 0.007819036378615616, 0.011184147144101344, 0.0058846931891911045, -0.0025694588428240516, -0.013053316910714739, -0.017172030856827038, -0.01668013152287786, -0.009701309077326713, -0.005600898477494625, -0.0019239977677289691, 0.007303720416194319, 0.009133672820794803, 0.015997585381131198
-0.027367704541802207, -0.012501331037990648, -0.010555792217556157, -0.006648299813197268, 0.008679036629811659, 0.01896628509467425, 0.020261830946360936, 0.022536124540504847, 0.022597033153847222, 0.015043411639979201, 0.003975623918974848, -0.004397029675307395, -0.012968526860814945, -0.019442089920980822, -0.018178571856503695
0.08529012007021673, 0.05544043566259802, -0.00014558463877481221, -0.05694619878683922, -0.0512700008861815, -0.03363101379480228, -0.03033535075473188, -0.02563367211912142, -0.020421712390799828, 0.00039937428961945713, 0.003916269705930515, 0.004897278546537123, 0.009235662633978315, 0.02257066477587355, 0.036633727686497385
-0.0007375612457748017, 0.00489146031954903, 0.010634277529591861, 0.010138352093527413, 0.001788066171352596, -0.010944002803810974, 0.0012464263620907317, -0.01009173745339599, -0.01582245043812085, -0.011373085024712582, -0.003948085500712065, -0.0006959049244061036, 0.0003666137121487832, 0.01783674180468208, 0.00671088939799086
0.0010200411759309722, -0.0012631475319286323, 0.00154353057311763, 0.006104473568086644, 0.005365544822282101, 0.005457107319761167, -0.007419948352361116, -0.008416383220118631, -0.002710686533615155, 0.006646450164233751, -0.011873277457374262, -0.012380214482153483, -0.0068077613098408195, 0.01325476486088366, 0.01147950640309625
0.0005039768310808531, 0.00044606097889687124, 0.00010492002280027253, -4.643213450549475e-06, -0.00014112657827536966, -0.0003072949109260125, -0.000535748736092128, -0.0004570221679609661, -0.00033925225130235974, -0.00027556876580007354, -5.081925382423471e-06, 0.0001187659026892358, 0.0001938999881502935, 0.00028921911308817035, 0.0004088957124840623
-0.0066233937706293095, -0.0013582581405132317, -0.0035838342953619477, -0.0002833848095296908, 0.002968065873383132, 0.003844104723749033, 0.006794052207417052, 0.002829123984678848, 0.0019429587716253028, 0.004787301542085183, 0.0007563816656944264, -0.0038684517727318136, -0.0036280084362650443, -0.0016841885472385439, -0.0028924689963633976
-0.00016819410142680148, 0.00015290552608835683, 0.0002201603661224395, 0.0005069271638399194, -3.414584234053848e-05, -6.392069494653231e-05, -0.00045212506548647757, -0.0008194913962947237, -0.00022525335946169096, 0.00016912287705165145, 0.00026207190438493343, 0.00038947630162856184, 0.0003316060511336113, 4.4984507816315726e-05, -0.0003141242381090545
-0.0007922700560552028, -0.00027476864149727603, -0.004976220969455156, 0.004734801760519668, -0.005990454542362123, -0.00570592786630084, 0.003943024074927503, 0.00798592933686609, 0.007150254200881375, 0.006184882080119811, -0.006283323404917694, -0.0007638495459828436, 0.0002042200984876769, -0.0007017298904152616, -0.004714566634815877
-0.004320368811459212, -0.0009333418736493958, -0.0026050354172721603, -0.0006334497270311813, 0.0024465748946188156, 0.003698108037996808, 0.005117663200067003, 0.000128592136330163, 0.0015118059792758709, 0.0036516077836883944, -8.113781061704958e-05, -0.0035560276091758936, -0.0021445067506101006, -0.0007904193434072067, -0.0014900646887547869
-0.027525470633109957, 0.007944718195173318, 0.007151543532629, 0.006137551817122486, 0.004869648521676445, 0.0043221229829300805, 0.00315192644861654, 0.0021342772356131175, 0.0017569386665128018, 0.0005284402227931417, 6.0426094198277956e-05, -0.001654328542032756, -0.001980304816191965, -0.0035092265863218477, -0.003388263139608681
-0.0005427711915636617, -0.0003830250229708212, 0.00033938491481728207, 0.00036978943562219807, 0.00044904318217949094, 0.0006167045611475862, 0.0012281657371834601, 0.0010252352948626631, -3.357359949700746e-05, -0.0011965456129643943, -0.0025746274432680806, -0.0017172689781437026, -0.0006101297937719399, 0.0002498193340826796, 0.002779799182284313
-0.008852502281545558, 0.0028885442153162235, 0.0019639866406251576, 0.001961732166383516, 0.0012653031693180613, 0.0013948493647238593, 0.0009905911017861647, 0.0007487852313507716, 0.0008693465820194404, 0.000145424804738483, -9.76053530145535e-05, -0.000138925859575224, -0.000386978287571893, -0.0014978857345152939, -0.0012546657600391827
0.007955212743750042, 0.005612098743201499, 0.0004551299540551874, -0.004592043865077593, -0.004425718155432368, -0.0037649684934610763, -0.004598420592278756, -0.003173918751861338, -0.002353497134261488, 0.0013161558174530196, 0.0010537570584363042, -0.0014906484276418685, 0.0013812323198508544, 0.0029020111175861577, 0.0037236176656813696
0.003354474568519355, 0.004517078629575019, 0.0018599742596576644, 0.007624084824896768, -0.001110972755967636, -0.0035323244611006033, -0.008734304375340268, -0.00879938319969114, -0.00795450393872923, -0.0015172498088665335, 0.0005060808631190675, 0.0011758777669300694, 0.003620291137558852, 0.005022208424962251, 0.0039686680644762315
-0.01748944799200806, -0.010464167420394995, -0.0028497179783825845, -0.0005288381686732888, 0.008557372337538135, 0.01505293999196723, 0.011954367686260035, 0.007529350372431717, 0.007109817091163084, 0.005870799247386761, 0.002269976158298666, -0.004210884910015053, -0.00426490149335138, -0.008420639151303215, -0.010116025770917114
0.007306843458649776, -0.013472067522025913, 0.00201746778303286, 0.007613179978346269, 0.008927931535695321, -0.0016675903850117823, -0.00788868169825434, 0.004365362293119418, -0.004408935549926896, 0.005712017862994627, -0.0075547386957458915, -0.01602732496711982, -0.002029460865754279, 0.003420767249826199, 0.013685229522174202
-0.025466418770556873, 0.0016493350681333647, -0.01942548551973012, -0.013190367662792375, 0.01362441941351522, 0.015513553577048478, 0.006251335723293447, 0.016806675530255187, 0.02989704953460378, 0.025153698646303433, -0.003594453657484164, 0.003978661670779275, -0.005651164680270899, -0.021641844858182095, -0.023904994014915745
0.03529269680221578, -0.0033918165750062832, 0.019683304713379063, 0.06658164987373479, -0.012656002975619349, -0.050319072157111844, -0.04575836288726071, -0.034525559256805824, -0.03665760119361457, -0.018891321919451236, 0.005669239512509178, 0.005463688167583644, 0.012566756631299554, 0.018776233081905333, 0.03816616818224153
0.004644266108413379, 0.001864972329833183, 0.0014510113359739055, -0.009346765500821768, -0.005728736273005195, -0.003906159250357253, 0.004225137712423639, 0.000490539339790272, 0.0021001006693754268, 0.00413340717759199, 0.002077387077146431, 0.0031564242634988895, 0.0023224663463877354, -0.004345556118988375, -0.0031384952172619635
-0.003780273191398817, -0.004799814814356106, -0.007156109381246278, -0.005839126855269405, 0.006732904656914982, 0.005014060782227571, 0.0013398322619043463, 0.005885897616862574, 0.003957781263620704, 0.008402021435011738, 0.006865640130172577, 0.003856117063168102, -0.00024193976947233968, -0.0032542367013716792, -0.016982754496767925
0.0028048943883291926, 0.005183992000305988, 0.0035426310785601025, 0.0015845789956296407, -0.0007338350509280201, 0.002423099052374181, -0.0035026871960251883, -0.009293330299718518, -0.010377384225909716, -0.003992674490754792, -0.003255996837629981, 0.0005263040683919779, 0.00025061294106853364, 0.005174436441347578, 0.009665359134958822
-0.0023451186501182403, -0.0011966003387936317, -0.000371513229610951, 0.0008216004175901291, 0.0009273768033043322, 0.0007334382238750847, 0.0009509780995157779, 0.0016702787594086246, 0.001293580186183803, 0.0008115850851658642, -2.5351657002619533e-05, 9.547139887407408e-05, -0.0013197817064040868, -0.0007313191908288328, -0.001314624201159331
0.0039289571146308155, -0.004289554258509156, -0.00019979975521095602, 0.0033383628483912666, 0.0031989341584250375, -0.0017209230217586913, -0.004106971402148835, 0.0018967794934254083, -0.003687283442933552, 0.0031078859247957663, -0.0015306087440147647, -0.0062378679346059805, -0.0006459867712761228, 0.0022239752168517787, 0.0047241005739371966
-0.001345349353361163, -0.0010608390695523422, -0.0012340354631700248, -0.001133204289001448, -0.0001592982036587876, -0.00045095059029412053, 0.0016404696456217794, 0.001761347111133335, 0.0021001324991833676, 0.0033577219546281137, 0.002711320307167595, 0.0012515185636650078, -0.0007666254896329574, -0.0023581687140198115, -0.004314038908708533
-0.0005771934097528035, 0.0005445918561461509, -0.0007352159713554516, -0.0015935646464291962, -0.0023842017779686633, -0.0008130117559913951, 0.002272939720417249, 0.0054972254245963855, 0.0025372693961522785, 0.0002509573239701063, -0.001182843229233504, -0.0014203428649429202, -0.0020611138749280886, -0.001515929513422408, 0.0011804333227423264
0.011818181973260747, -0.02068430233066658, -0.006812281637910516, 0.015258545043099252, 0.015795332579095336, 0.0037654191400119416, -0.0037276828303472206, -0.025755537177311525, -0.006998878195545958, -0.003180729100703077, 0.012623360110073253, 0.009437304552712099, 0.012521874917120892, -0.01033929756913273, -0.0037213094737559046
-0.02697656157033424, -0.014595364410474912, -0.000940990473792094, 0.003202742694924265, 0.014253879207438092, 0.009800248920947578, 0.022656860682422605, 0.019355006816723624, 0.018258919980573093, 0.0033023675656924448, -0.006990252024490685, -0.02095918657607881, -0.01152736621277541, -0.016179707637315646, 0.00733940303653995
-0.00381089074365004, -0.0036794702730894957, -0.003688495609336908, -0.0022228519496904995, -0.0002860714843271711, 0.0015209710380270783, 0.0036454411185870236, 0.005374700126654791, 0.006990521105902388, 0.005469167728181233, 0.004886843806981291, 0.0030949308982997133, -0.0002571615687367016, -0.005322361676020848, -0.011715272517781887
-0.01114116551201748, -0.010637984868203946, -0.0056122499453871745, 0.002464857305476404, 0.004379364029454744, 0.004857429792983248, 0.004599336301546359, 0.007758238417298909, 0.009965092819216346, 0.012332674822034012, 0.006113916352642946, 0.0035131734254777417, 0.003658619446285205, -0.007875533930601766, -0.024375768456205538
0.0024334276235491187, -0.0016641207054641665, 0.0036884467661535305, 0.011672544039726283, 0.008641471185601731, 0.0007236226232369761, -0.0019066793976767393, -0.0038032595873641268, -0.011544267267588402, -0.014529175615639402, -0.01910996722586467, -0.010599498191659668, 0.0017948824389768892, 0.010415253922540089, 0.023787319391472692
0.06461977735029673, -0.017916368550355413, -0.017361799984195816, -0.015013518190743615, -0.012408624056059721, -0.010390911283353661, -0.008376042142711782, -0.005087752895187108, -0.0019608537566252093, 0.0010795594203679522, 0.0009512888344300351, 0.0030148889527288167, 0.0043472396367142336, 0.006776281646356817, 0.007726835018337799
0.0016662602076855967, 0.003550088899601627, 0.0030012157965130363, -0.0021182769171402506, -0.0008985009735341742, -0.001553779806828906, -0.0035097751451267415, -0.010761386100545167, -0.002524371984066447, 0.0041555168293677305, 0.005360647396554503, 0.004487332160714704, 0.002482465894292874, -0.001316280309790017, -0.0020211559476985014
0.006587813571242101, 0.002986097914741476, -0.01049178236319955, -0.014653478047804674, -0.0073394161182329075, 0.0020361419788903737, 0.006755197082470031, 0.013897641987758055, 0.00983929852373553, 0.004324841564129362, 0.0015719321495876305, -0.006562800234436481, 0.000157100347704812, -0.007788730760041351, -0.0013198575965440039
0.006662864013987401, -0.0004856331576811189, 0.01905261403657931, 0.018826473822183203, -0.009982675040628367, 0.012574276378360042, -0.006062108891278488, -0.00036289218835584684, -0.022012841404153476, -0.031653098327218486, -0.03682564582554838, -0.019657052036817897, -0.006457748193630973, 0.024537709681752878, 0.05184575713245085
-0.020628401252647966, -0.0030756400950828554, 0.002474274444522625, 0.0010689872198458793, 0.005460733576772388, 0.008934914659773249, 0.008864847786731876, 0.004914783013910484, 0.0046168009905484695, 0.005398244184978009, 0.0019757534356275096, -0.0008408492782494943, -0.0034659146664945653, -0.0061537085192916495, -0.009544825500943861
-0.015935283104340163, -0.00740534980141531, 0.003138651298578999, 0.02442157466698574, 0.01444406351563039, 0.01265574671489096, -0.0036123666456413885, -0.012276465512860593, -0.01601612057442586, -0.006209141770904289, -0.0027859343941790573, 0.003881495399481402, -0.002590189996586177, 0.0013762737967236744, 0.006913046408061623
-0.13162640504333767, -0.01667114637668736, 0.03186050542235205, 0.03834588079236486, 0.04433971306769876, 0.04106583008599833, 0.029321300880554197, 0.020357706181609352, 0.009614279377289377, 0.010471937854704984, 0.010030758254231038, -0.010059201446168863, -0.017072158524628605, -0.020546609213666484, -0.03943239131231381
0.02362403861573993, 0.011911208654897849, -0.0005219666480407497, -0.016014005749134676, -0.014006721681806942, -0.012787995562170567, -0.0039022648057886514, -0.0023983428273666287, -0.0009693567693160811, 0.0025958278582442124, 0.002924453444864709, -0.0048111864802564035, -0.005215750762307638, 0.006005353509023183, 0.013566709203418821
0.00028070779049141673, -0.0022242511190476728, 0.00019020177858149298, -0.0006850312956428686, 0.002679585713023945, 0.003299507702775158, -0.002276756147845734, -0.004694796379130553, 0.001444494571247755, 0.0007101721165698701, 0.0015135788302275929, 0.0019075186203261583, 0.0013553487402855353, -0.001880920901498838, -0.0016193600203633298
-0.011244043758958785, -0.008674975635992666, -0.008918184219229167, -0.01780844187388128, 0.013710723623306196, 0.015218665888894464, 0.010274889578921045, -0.0013404072167389855, 0.020992536398144995, 0.015547696818288962, 0.009990021902898312, 0.0049434696646726, -0.006954941854778087, -0.018363443586906003, -0.017373565728641675
-0.005513335771058532, -0.0013688910760508714, -0.003320196657998691, -0.00017082089033598145, 0.003105427289177721, 0.0037157647077036716, 0.00570152195172793, 0.0023582208375786877, 0.0014852853208392146, 0.003586654010420635, 0.0005090563764463844, -0.0037877294088319753, -0.003194206702869819, -0.001041808115512312, -0.0020649418712360987
0.00023897481286539146, 0.0008788224465814459, -0.0005399027720018893, -0.003394149958846, -0.0011451670805254156, -0.0004658785324318559, -0.0002469792850518823, 0.00038398859193317217, 0.0037862285847375214, 0.0030581754857664776, 0.0008759362601123975, -0.00036879367364230884, 0.0011611131567539148, 0.0012487960893898858, -0.005471164125640881
-0.017727552284275458, -0.004834375417902285, 0.0047247191698915475, 0.00403361166629872, 0.009449704536128246, 0.004197477979183757, 0.00850575579470271, 0.009020348627390389, 0.009400705862012405, -0.001666720518780227, -0.012381597971841692, -0.010665926871589636, -0.004278116601454197, -0.011486806751817716, 0.01370877278205347
0.012799496091496568, 0.009099412215821303, 0.0018896004404328301, 0.0011954414252089674, -0.010211589359294816, -0.009026698771557519, -0.011772846339403726, -0.002250284938691552, 0.0025051167291334627, 0.0010816367563775474, -0.011056328075399835, -0.007917548876099426, 0.0018821164867659631, 0.0037554245735939786, 0.01802705164161651
0.005812438018544652, 0.0024263415186684505, 0.001572553640450286, -0.0030575662320775744, -0.0017494497282883497, -0.004107932167227377, -0.001797552226685839, 0.0004134126986346365, -0.0005254324314689215, -0.004630289097352414, -0.003309539970119115, 0.0010510651819232867, -6.986689300126538e-05, 0.004327166772390336, 0.0036446509156087188
-0.00793681865570511, -0.00477240729394451, -0.0018227773369695476, -0.0004940494049343965, 0.0013129094825174012, 0.003439682769554538, 0.007109490070285015, 0.009689176645504873, 0.006876133765774061, 0.0010915336672333732, -0.0006508017210613901, -2.524491860200333e-05, -0.003800038980544024, -0.004757220662587718, -0.005259567426520588
-0.009567930389506329, -0.001983221337172828, 0.0017558467145663734, 0.004724833044230265, 0.004064085909161203, 0.003167787306846303, 0.0020879924242038646, 0.0014768732191373804, 0.00035955322798632224, -0.0012364586102569597, -0.0011605890795169881, -0.0003268260179396248, 0.0005258627255366587, -0.000907335401634831, -0.0029804737356407917
-0.012742741470685917, -0.011651914755267003, -0.008933658368164385, -0.000109663118376519, 0.00946849300952733, 0.0063793484067726355, 0.005643310077778589, 0.012280767326638261, 0.010767080968319869, 0.011068847655702858, 0.007978506283385242, 0.003880114869577872, 0.0002515984611938106, -0.008931741289831116, -0.02534834805657153
-0.010997540878234053, 0.0020729363590199926, 0.010570238241618868, 0.0045052370979624615, 0.00980589855595192, -0.0008555468882172022, -0.012202863571247271, -0.018302483669749934, -0.002743253713710897, 0.007356087855560432, 0.005537991165956929, 0.010537248235286194, 0.007237168662845107, -0.0025608003472462025, -0.009960317105796283
0.005964744223627431, 0.009434681821224353, 0.001846933222151384, 0.012613080309201996, -0.010810378722446827, 0.0030463318865846002, -0.010767001249983971, -0.018345013762899803, -0.017840730653937473, -0.0021200878319825884, 0.007269016412385511, -0.0010662272970074133, 0.006604704620147778, 0.006731571796360654, 0.007438375226574358
-0.035903228449577315, -0.017122111609842255, 0.005510911242685808, 0.010524216834960002, 0.02313297454788664, 0.0032376491693510505, 0.024265742390163377, 0.032214669695085976, 0.03287060619105006, -0.01009806435426532, -0.02876792967277147, -0.03582900320646119, -0.01581965301889002, -0.029297166891415875, 0.04108038713204063
0.005801435085051556, 0.006452807624865236, 0.00251357905089144, -0.0011190252262197077, -0.0017902954234724033, -0.004605628437676621, -0.006141963286380427, -0.008409770873696612, -0.004341160389742078, -0.0005263443181002125, -0.000595027776476606, 0.0016444614286892363, 0.0032515301532526747, 0.004019801586770362, 0.003845600802244235
-0.009676991865703938, -0.008291164978425976, 0.0019878267077368963, 0.00452863759925819, 0.005256410189010921, 0.006726046593871319, 0.004666720716848494, 0.0023606339997826035, 0.002237909732506119, 0.0008971739758874234, -0.0012733081639314905, -0.002037346813911369, -0.0005731855214923926, -0.0029243123475364507, -0.003885049823900384
-0.000695290320598884, 0.0014610926240644767, -0.007013707934573928, -0.008181260563337426, -0.008065834723795715, -0.005384824463372715, 0.012773530984607687, 0.011168207391096294, 0.007816524155895972, 0.009923261369179525, 0.00408047668353593, 0.0036933500945678125, -0.001616727123838355, -0.007029664970523081, -0.012929133202907643
0.009969231851417917, -0.00559412471085414, -0.006797654640435311, -0.00854893522723527, -0.007464167662048134, -0.0005327446997139894, 0.0003695101328951371, 0.004850989227490328, 0.007677776648267996, 0.009675790410500547, 0.011905141442299712, 0.005936874539214072, -0.0008115769035288769, -0.006965755753514746, -0.013670354654755128
0.005983723108469222, -0.0011281600760583914, 0.013479809953410473, 0.018522172660577273, 0.00793697782386292, -0.00405801975598539, -0.0033587426768603205, -0.027739227871559552, -0.01917981108999438, -0.015262098380712123, -0.002441980468861252, -0.015482784049336944, -0.010702551914646911, 0.012600011140231541, 0.04083068159746414
-0.01996826300565982, -4.400738913264677e-05, 0.003030247579361981, 0.005476381625571383, 0.004484379160832199, 0.0047944057203210275, 0.00638168737275381, 0.0061132595452462616, 0.0032525606680810005, -0.00030823300071018954, -0.0004669126658954218, -0.0009450033547331309, -0.0032123380471897832, -0.00516201176840444, -0.003426152440441859
0.02291641504492084, 0.01872453206394804, 0.0029269421331066894, -0.010300737927285402, -0.0033605364645139173, -0.006975132226614281, -0.017007792336599315, -0.01865510827899135, -0.016476317061489363, -0.010058359254707203, -0.0026339447956383144, 0.0022228946970045144, 0.009407762278944002, 0.011167004649163119, 0.018102377478751167
-0.025989292687770355, -0.00926716422588775, -0.0008354763556154205, 0.01262379256265456, 0.009881069117610844, 0.010107848506071524, 0.009694706618950744, 0.01010338256323569, 0.003936019420303257, 0.003313490951587511, -0.0011846737163391755, 0.0006026585941709292, -0.006966170676634616, -0.0058959388251413804, -0.010124251847196383
0.03918714752719046, 0.03541838976028894, -0.014484838755594956, -0.02326068975790576, -0.02402128425737407, -0.020282105030177418, -0.019250034056005293, -0.007217936477950372, -0.004288888677492375, -0.004355047328612891, 0.0018806856813599403, 0.01909272420349964, 0.00915063953701603, 0.012310510076760098, 0.00012072755499798405
0.021628532719987954, 0.015809069863540373, -0.018870902225614206, -0.009564186363677648, -0.019888937540629124, -0.011119719928030044, 0.0006976375096374459, 0.04918203938959767, 0.004152383013666945, -0.015916938991477347, -0.02878111551977668, -0.020624990145422267, -0.0022559134893214363, 0.008632645725653395, 0.026920395981865738
-0.1433029395508299, -0.13558598714035927, 0.07318152892754695, 0.08197483446825835, 0.08743278819152639, 0.05811485103043951, 0.04524490516856102, 0.033754872430316454, 0.025286887942699367, -0.00027280857099688723, -0.012360182182140978, -0.008974815565914025, -0.02224977969959095, -0.036139979270763255, -0.046104176178752815
-0.0004611000262303394, 0.00024529810677520957, -0.0029058454666923772, 0.004644199598865845, -0.005606645681367714, -0.006804991705029701, 0.0037840565937154913, 0.005521796672138875, 0.005519876156422946, 0.0064786698393873915, -0.006864604015684183, -0.00045371709738178684, -0.00033671278177379313, -0.0005827855208653029, -0.0021774946722805705
0.00020579936357622127, 0.00020815080649097005, 0.00025174954027825877, 0.00012867883663535961, 0.00015293138419878209, -2.668264028146534e-05, -0.0005426078092900531, -0.0005947624734484076, -0.0006143761300045976, 5.607719760998206e-05, 6.808914748040025e-05, 7.353856917035648e-05, 2.9545626977027116e-05, 4.522368881787555e-05, 0.0005586448917892976
0.005271063745593152, 0.0010231520586035966, 0.0018562624382605138, -0.0032496068083579283, -0.0019174438911941406, -0.005333900811621653, -0.0030921611621315247, -0.008819995862595728, 0.0011020526176172846, 0.006336379214873103, 0.006668253733630883, 0.0045193711139373, 0.0018348961006104973, -0.002163669273207007, -0.0040346532140183465
0.004278530896786195, 0.0038368083562326308, 0.0008711794758429429, -0.0006074702939183052, -0.004699440877819438, -0.00447628331397354, -0.005477168367334257, 0.0006677197281026144, 0.0029559668579433812, 0.0010970191593383648, -0.0006694657561203202, -0.002473203485156431, 0.00012126632436506354, -0.0004916103302661408, 0.005066151625977014
0.004705711799988348, 0.004355691197427181, 0.0008485885821065686, 0.0032176904172395993, -0.0047542976184312205, -0.003630709981091461, -0.006936691187953474, -0.0024277630381648943, 0.002141387983514896, 0.0014643012148452261, -0.007441677921263268, -0.003903992022798175, 0.0028631059651783794, 0.0002082702913836082, 0.009290384318018034
-0.007475392280739765, -0.004738465716187612, 0.0019065500278962885, 0.003436730947178461, 0.00511423282390687, 0.0021796097689036017, 0.004159293833179063, 0.00934620394737003, 0.0036744554553173143, -0.005015634127897141, -0.007682925347130097, -0.007525273494478256, -0.0026736812488428827, -0.0021973666919240563, 0.007491662103448163
-0.03414727136634259, 0.00926464984438975, 0.006817894167012133, 0.007366495729592871, 0.00656275389233914, 0.0060031793041570684, 0.003936715721896794, 0.003595205384115079, 0.004103547192775067, 0.0019014011144103705, 0.000476350515013092, -0.002145672819439036, -0.003337112729666172, -0.004463594873827681, -0.0059345410764258715
-0.0080717634777814, -0.0022752863013462566, 0.0030258520900349316, 0.0023973240484651353, 0.0033579529706533025, 0.004065506836048772, -0.00045180069724361216, 0.0008060751022078727, 0.001252178335116036, 0.0008937655801257312, -0.0013154423625664875, 7.146509860375314e-05, 0.0013844691851424896, -0.001998052502728146, -0.0031422439047321367
0.007191278486051089, -0.003467506674530881, 0.001979598927737237, 0.0038956989368754344, 0.0015123121832107348, -0.002749691130438968, -0.007588857061070459, -0.001269988194172329, -0.005146240898731926, 0.0026234134297782345, -0.002347286979988341, -0.006915127594264691, 0.0003808386209731753, 0.004149916419620693, 0.007751641528950478
0.003335987309197562, 0.0033547903097449275, -0.00026404908371795155, 0.00209083872454148, -0.0029092915558686164, -0.001959141613900553, -0.004106482431448347, -0.0012742263145395331, 0.0008025605855347777, 0.0005394562002349924, -0.006131821131014528, -0.0028643670853418512, 0.0019678587557039745, 2.1924170657057485e-05, 0.007395963160216765
-0.0009557164727468032, -0.00022549349049279818, 0.001573717037592608, 0.000217414764890481, 0.001631685786157138, 0.0013634427876743256, 0.0009290513286432287, -0.0015910428549506116, -0.0013248402569467892, -0.0019138597181500294, -0.002454931582212562, -0.0012096473500647603, 0.00010065549228941963, 0.0009180230617193849, 0.00294154146659772
-0.0011120215555689434, -0.001578148718945122, -0.0007265049709098855, 0.0017669641824333208, 0.004930691681086952, 0.00598611087704606, 0.0009048081594925956, -0.006895387785638145, -0.00042601415105945374, 0.001960507938086808, -0.007028010162288483, -0.004219486413647365, -0.00393060597191267, 0.004598280337490506, 0.005768816554333896
0.005997667572088945, -0.0015559786046342153, -0.001454179478862481, -0.002373464533515085, -0.0014179851911850711, -0.0013959365689879693, -0.0012290246833985337, 0.0005982355686761451, 0.0001997467932416694, 0.0005207932275591461, 0.001373127642458974, 0.0014126656986648205, -0.00019412080231923676, -0.0009382439732241051, 0.0004566973334370736
-0.003646171123650001, -0.0010460739391200354, -0.0005695289485388702, 0.0001180617456465827, -0.0023161518905904606, -0.0002325082953422715, 0.0035935752622391725, 0.003406798395170937, 0.003063549954603597, 0.0022610219784040446, 0.002855231134553503, 0.001918311897605913, -0.0007143097742752673, -0.0025947224822349055, -0.006097083914472161
-0.002856921700134616, -0.004485337252482043, 0.014927856688740119, 0.02371540698326239, 0.002637780935593811, 0.00020414481684783423, -0.01154895171212551, -0.012922540941483127, -0.016262504096297134, -0.008675498404729594, -0.00525168339015631, -0.010982118000490156, -0.0025135287293398144, 0.01286948020540717, 0.021144414597386987
0.002702465013053327, -0.004397865490946259, -0.009117106968947648, -0.006395306736961504, 0.0008802979803708886, -0.00389790654670093, 0.001003354098370338, 0.01226325936001586, 0.014055435911942096, 0.008235775350222206, 0.006631405850356069, -0.0025155846420349586, -0.003202916984830267, -0.006584597985392361, -0.00966070820851666
-0.290285628984321, 0.008558248455096116, 0.07616907347585469, 0.10704492290200815, 0.0614832636168991, 0.04933305593983331, 0.04039850161964962, 0.038400092887625886, 0.022678346390851607, 0.03055677176318516, 0.009883493796975285, -0.007037453861985812, -0.023662289595866543, -0.0495512321374189, -0.07396916626838695
-0.010738461190594828, -0.0031927904337003474, -0.0037024405115376113, -0.00042542721873952186, 0.006470215023350451, 0.0033130997852240367, 0.0021061677507268595, 0.004425145188881222, 0.002170644977224046, 0.008246871177795597, 0.0075500819336330365, 0.006844300657899396, -0.0004368202067774056, -0.005509503824483151, -0.01712108310890168
-0.004053008683029595, -0.004586132570068079, -0.0016896007384671762, 0.0024142920144839333, -0.002028971777681385, -0.000253333020480513, 0.0012962494217895345, 0.01009489429038097, 0.008425064271313072, 0.00494805231770166, -0.0008189808955677301, -0.0029753082811196365, -0.004474159676160561, -0.002525178208697449, -0.003773878464396931
-0.01859922103580203, -0.012086550230140554, 0.001166357577767549, 0.004985466441396604, 0.01460867792371772, 0.0022920781272435867, 0.014254200956792563, 0.017566151298686078, 0.016560061488568065, -0.005439519187968887, -0.009527746892678195, -0.01791649166618027, -0.009309635611688738, -0.016717362621963546, 0.018163533432249936
-0.023904136351153564, -0.004098003319937047, -0.0013174599182567868, 0.003381005773421775, 0.0017698298295064315, 0.004501065664415019, 0.01415345706267091, 0.02268658335508319, 0.013862375871222824, 0.0024542045537348533, -0.0023180978591671704, -0.006027760107395865, -0.010212075218769743, -0.011356677474592767, -0.003574311860782293