
0.003902025504017293, 1.099952866216541e-05, -0.0010347610207866015, -0.0010302191599079731, -0.0006655479880008815, -0.0008886888338012763, -0.0007819948107859493, -0.0004017365513885184, -6.709947913387893e-06, -0.00025538952762600996, -0.0011527501144932605, -0.0007690977070576019, 0.00014579956824456577, 0.0006438875780713005, 0.002284183482766139
-9.450303475694197e-21, -3.0458791084633217e-21, 4.80655714042436e-22, 1.1011884125420982e-21, 1.741484121632288e-21, -5.724633105373635e-21, -1.6419919325017041e-21, -3.3340484904053935e-21, 1.9088548222006982e-21, 5.398039557989351e-22, -3.5825181456399414e-18, -3.440315096363485e-21, -6.288781198848571e-21, -3.36104530666098e-21, -5.054424352108837e-21
0.0034544446652378944, -0.0037308188413930276, 0.0027671601118644472, 0.008972219597743603, 0.0068643218136186695, -0.0017602568056199388, -0.006739647888357744, -0.00358361513281737, -0.007898011129072204, -0.002353440984168195, -0.0070070958142996334, -0.006913406930193709, -0.0005137143507709778, 0.0033909693027990295, 0.015050892385429332
0.38512828875063715, -0.04480885862693234, -0.11744956440325738, -0.10188228849343227, -0.08461928644465748, -0.07096453364133679, -0.05718219687196828, -0.04710028909242453, -0.02595844352143532, -0.009933850687213641, 0.005560663117914693, 0.018615699385653106, 0.03462848067379389, 0.05092553433784391, 0.0650406455168155
-0.012243562547804907, -0.004105245597738272, 0.004632279775758098, 0.003560758868352214, 0.009040764744828554, -0.001191660191885102, 0.008521240066307141, 0.016002420325732545, 0.01263698003275793, -0.011257472867755875, -0.018020922898167827, -0.01791464593410043, -0.008874928578305765, -0.005804234259195947, 0.025018229061217347
3.473000960282182e-05, -0.00023937084608403834, -0.0029290944507649897, 0.0033794390478009096, -0.0040415832749665205, -0.005023899668848673, 0.002531512806569267, 0.004570697740595958, 0.005491660189935032, 0.005365904477182833, -0.005802939456662692, -0.00046671844811874196, -0.0004773301758377627, -0.00022806212224143877, -0.0021649458281619545
0.014254039827537025, 0.009409137710999597, 0.0034310817229616718, -0.0038366098568239295, -0.0022307954602575003, -0.01001302245218617, -0.007959646614645759, -0.006681945833564193, -0.00512530544237888, -0.0104201707614272, -0.008189545082411001, -0.001328503010119847, 0.007150491228085152, 0.007325723710617861, 0.014215070313613102
-0.004533660145855839, -0.0004021395975084905, 0.0008513271331104258, 0.011118809844756834, 0.007941093751247933, 0.0028072358633374887, 0.002575256695173341, -0.005069305186833095, -0.009020940945952046, -0.011251711279110163, -0.009832903455669546, -0.004524201626160413, 0.0027630067905969878, 0.004145652575099157, 0.012432479583767503
-0.24587300653259567, 0.05844219368043907, 0.06569759189186287, 0.056086033629000075, 0.04780653087002559, 0.04090027417398975, 0.03330738224274561, 0.02284883260367095, 0.013980347273842295, 0.005954116768167431, -0.0016685217248218673, -0.010940473443764578, -0.02045663905629103, -0.028656443585275974, -0.03742821879099442
-0.0033119666486438695, 0.0046833552863867, 0.017989951494769056, 0.028690046108839472, -0.006680760120319851, -0.020118153045281483, -0.022883573868178537, -0.012203592147920146, -0.007589914138318624, -0.003537947354778416, 0.0006706200593070005, 0.0014102148521338853, 0.007878197194237409, 0.010938406236826246, 0.004065116090941366
0.04955120767320631, 0.029833036778762922, 0.04025678615501665, -0.020999968793324348, -0.040898529504622215, -0.039674442424614466, -0.02759920907150304, -0.027496711157187503, -0.023409605633745445, -0.016513478363803676, -0.0017935458650227502, 0.007508657432891167, 0.014968267373642532, 0.023434466893276395, 0.03283306850702777
0.006066747437206794, 0.00349199985666871, 0.004674626877365292, -0.0023154794957770393, -0.0014947832408666317, -0.0019244595367010641, -0.00807007377694401, -0.005917839402759029, -0.00637584343454048, -0.0002275677833687006, 0.0007043774322123591, 0.0017560441630179696, 0.002478177369352415, 0.003648626508894301, 0.0035054470262390093
0.002935660391700216, 0.002147230946668902, -0.0015518141879302496, -0.005731656828186488, -0.004817707144714724, -0.0025138388473196723, -0.0028778947700131793, 0.0019548979402690754, 0.0009109448897748123, 0.004104331040294012, 0.009935575809796654, 0.007371027625858528, 0.003927757225173952, -0.002900983881265869, -0.012893530210105777
0.09747430348726974, -0.010112382813199925, -0.02879532921588463, -0.025446294081745414, -0.022648219425983645, -0.01835944435545576, -0.015179704828656637, -0.010164091674541083, -0.0076398983283550775, -0.004309324509544467, 0.0006713046468735853, 0.0038384626003592185, 0.007687152629974291, 0.014388487918948045, 0.018594977949941617
-0.024667203791338563, 0.004459387529973288, -0.020998009671047643, -0.01274083061091565, 0.01389548614573498, 0.015339490259358915, 0.0014816149942317146, 0.013768245821198635, 0.03080602651623494, 0.027540602091874998, -0.004832094509623254, 0.00796136338670345, -0.004864009529518062, -0.023113709151459712, -0.024036359481408143
-0.009580506302735053, -0.006789147845474334, -0.003518104846010609, -0.004675730620638197, 0.0008674897342362196, 0.007398552407626569, 0.013344249983054729, 0.009698946811268778, 0.00852093171374117, 0.006030963568088246, 0.0005671093074993685, -0.0012674721479075586, -0.00303882684469966, -0.007540966565480533, -0.010017488352569244
-0.015524356020584827, 0.009548628511346307, 0.020196088948051093, 0.006406754019621399, 0.0152782692446196, 0.014605510885595096, -0.005267727931331311, -0.023026808877003407, -0.03331370666845435, -0.021276857291594314, -0.0007424343641710998, 0.0034451817990154843, -0.006071671515945992, 0.010522708781586163, 0.025220420479249998
0.014543395548710186, 0.005918373571026589, 0.002673595532567684, 0.005773786519835155, 0.007046989176638664, 0.0037447106140796106, -0.013811360229619051, -0.017159825198522875, -0.019918824348866295, -0.014151003751916054, -0.010225162100199588, -0.009954469279335815, -0.0013248689355288327, 0.013977937681860416, 0.03286672519926976
-0.036527177107452166, -0.039487587257204394, -0.07983895958850763, -0.04775046170212192, 0.013633902665205361, 0.04080563265354562, 0.0852527428926129, 0.09260242734476976, 0.07749033937439039, 0.04170099118525618, 0.039302433847752, -0.012525524568586485, -0.01886849488060851, -0.08113011155148925, -0.07466015330756169
-6.505988634822027e-17, 6.4583144933966e-17, 6.53985726001344e-17, 8.03517439286133e-17, 8.608761654406571e-17, 8.866072528689353e-17, 6.650210888395479e-17, 3.933917222306282e-18, 4.373653379967967e-17, 2.245478977306915e-17, 3.135744585309752e-17, 1.0763143234671682e-16, 4.363320346325957e-17, 1.7549502793950376e-17, 6.39596510302694e-18
0.0006389803135572873, 0.0004413558493646551, 0.0003499373430497193, 0.0007014188291575483, 7.574737169478867e-05, -0.0009038130891250412, -0.0007588394035315446, -0.0007051370038022136, -0.0007127594540885112, -0.00048536011322272455, -0.0006163245875113412, -0.00026342954032381735, 0.0005116124712385526, 0.0007210319903577054, 0.0010055790231849606
0.001066804277397861, 0.001516500879370298, 0.0024772743414559293, -0.00488714346902663, -0.005648079437944187, -0.0033480824927311402, -0.0014994191876087776, 0.0012944413429218946, 0.0057779244118175924, 0.006102254180243413, 0.0008950796543280404, 0.001102905018958375, 0.0028371167476965906, 0.0011872311191754444, -0.008874807386054496
-0.018787334797211643, -0.008919329251318497, -0.014087057151250708, -0.009036238892418884, 0.007194183604307972, 0.018622830631368083, 0.018481510918626633, 0.011234546025411714, 0.023542612203244596, 0.017302668562955523, -0.0010088295671245634, -0.004363155074008246, -0.005507932364556106, -0.018252308007175908, -0.016416166840849664
0.07782061364834995, -0.006812469529383087, -0.024230114895000928, -0.021403833786773515, -0.018254101041613444, -0.015172816263661175, -0.011526939273697414, -0.008782519928582507, -0.004561959516193815, -0.001713342470825826, 7.052260675621579e-05, 0.0030857423876149005, 0.006635333874409616, 0.011195057790945978, 0.013650826397655108
-0.0181555891157849, -0.009888085211010962, 0.00032444495247026646, 0.008412846674365993, 0.014764169024011814, -0.0014500394979243803, 0.01663045569677171, 0.025769939464077917, 0.019271273953024384, -0.011042626890694917, -0.025267083854285263, -0.02683194162790594, -0.014538633586926275, -0.011508935855016722, 0.033509805874827166
-0.03656942104557918, -0.018396958698751822, -0.007547475529861233, -0.014464487761480104, 8.010881351319097e-05, 0.037936086742401905, 0.03054733524872153, 0.032125730257882595, 0.027322424042296952, 0.013836640939609285, 0.0021802889011715942, -0.002451957860343629, -0.012249042497035368, -0.02065817913661355, -0.03169109241593207
-0.0027919588492041647, -0.0023451852466659343, -0.004758579528294486, 0.004260096433673245, -0.006858986463079028, 0.006816006472619638, 0.003359148950372006, 0.004824395215713932, 0.005661832013866086, 0.006820866452329462, -0.00846339329035277, -0.0009698235504738117, -0.0019524459392387336, -0.0009888147246501677, -0.0026131579466152676
0.010283623255501232, 0.003815996632908806, 0.007657436694614555, 0.0035908017578604365, -0.006258536694462039, -0.00950195682339737, -0.006364208096597927, -0.010188844768112252, -0.010647204751909908, -0.0006004272814230607, 0.002098630163449074, -0.0033152096616850192, 0.0031222419926322693, 0.007563804292662725, 0.008743853287958332
-0.0014071658828374762, -0.0050843671091735385, -0.006337879529510888, -0.003870411233811984, 0.006410575874245059, 0.014904603404537475, 0.004145107607742445, 0.004057891250770847, 0.0009530458764609696, -0.004314027264221688, -0.0043214541086381425, -0.0038732154808249018, -0.00630650004531673, 0.001983207734421817, 0.0030605889061565508
0.0017456868690596135, 0.0007502712787668829, 0.005408127883819357, 0.006808774733126151, -0.0004923453251748975, -0.006403034454281057, -0.010353640256369414, -0.00558341103499767, -0.0019527321439247913, -0.00025848169349373967, 0.0017765868595836516, 0.0028797876725465297, 0.0038790183766054015, -1.8382702971944037e-05, 0.0018137739377062335
-0.02591742903952778, -0.002834050137948669, 0.008228911457333574, 0.0065258017881988425, 0.006528343292038589, 0.00798192303755716, 0.006379575576811913, 0.004149536777946679, 0.0022839177586681816, 0.0017489347097602449, 0.0006204221719419798, -0.001129956140913114, -0.0025113118133312995, -0.004565577869168398, -0.007489041569368059
0.020752444684338466, 0.006218540419937663, -0.002143000724219363, -0.009340119828201128, -0.009376095969394042, -0.008043862330863632, -0.007028931183893343, -0.00399606003202307, -0.0010666861811005758, 0.0009641795793656993, -0.000357505004260996, 0.0004414130773676995, 0.0024294522066878243, 0.004267761689280911, 0.006278469596978289
-0.010015161738038514, -0.004169962583089165, -0.005893806960097547, -0.006650320530594153, 0.0013622883247928542, 0.012396680926263023, 0.00923859484344662, 0.004481915970720391, 0.01523896004961727, 0.01376810251322684, -0.0033785319701334165, -0.00730832410379949, -0.002054060349593692, -0.012901246829224305, -0.004115127563496623
0.0048867290168727135, -0.0024518593334511415, -0.0012617738650859702, 0.0007535084153671473, 0.0032186731669963517, -0.0010278485652189654, -0.0032886445325989696, 4.865098632703818e-05, -0.0038181152871571617, 0.0006878257089972634, 6.58037393575766e-05, -0.00287180426781338, -0.00021249092865668114, 0.0015919065654291012, 0.003679439180635037
-0.014675220819804814, -0.0055695911207921415, -9.061324834375994e-05, 0.004168090295457738, 0.005840881423718314, -0.0003877291283453183, 0.011562913156124083, 0.014386783785298002, 0.009532765800232431, -7.260028190167189e-05, -0.005143802867445865, -0.011147093774287428, -0.004763607470248049, -0.00832378770924004, 0.00468261195957895
0.012614426470226184, 0.006459755590725277, 0.005880912937251212, -0.009109148238967297, -0.014151323570978128, -0.008192959311319964, -0.010126450076696158, -0.006348514905373576, -0.007019876835810587, 0.002679354351308172, 0.015404951242668111, 0.0166548106640702, 0.013800592749060921, -0.0007109766208084678, -0.01783555444535618
0.009817316805637369, 0.004385416506999345, 0.009743127956317706, -0.015187455473735395, -0.007102783817641204, -0.009733642183938549, 0.000701587288527454, 0.0051222472300836265, 0.0026098760179602103, -0.005229866759351697, -0.002734315072096391, -0.0034632874019049553, -0.001516750473432338, 0.007704514908375873, 0.004884014468198578
0.025574321766850143, 0.0024095040060320067, -0.012223190487729841, -0.010524099443703673, -0.00608932685820683, -0.006536544294614066, -0.0067593202123837435, -0.002078192305382704, 0.0010094717154909296, 0.00497155127248988, 0.005105088055724305, 0.0014814600258910467, 0.002444667218844898, 0.0007547445958678952, 0.000459864944829582
0.009050028018108055, 0.0005869485123022128, -0.01270299329859175, -0.01144775095183706, -0.005537506287106182, -0.002470404406837979, 0.004602987408524564, 0.009794263528851228, 0.01014434150086447, 0.008195374951335627, 0.004350485272244047, 0.0005562242783425826, 0.0007717786181174934, -0.006201679219789981, -0.009692097924527581
-0.0258068417098306, -0.02002130916205367, -0.009203193461728085, 0.03567339522253992, 0.03180364919115694, 0.030506554506103307, 0.00045287738341230274, -0.00508537731253528, -0.01382587198057375, -0.015540347247147177, -0.006534000176620182, -0.006169624314773246, -0.007455672494496189, -0.0008038964499530836, 0.01200965800649911
0.07258925290957934, 0.011635984864452564, -0.03726422204103545, -0.02946104320365216, -0.024436020701346796, -0.03531618611702032, -0.021820854724704034, -0.010363745730452189, 0.014228320612803025, 0.023637389693099302, 0.025262189256772278, 0.02933448780726116, 0.01422387488332795, -0.008013106619786362, -0.024236320889297863
-0.0001957168237396169, -5.1313778494429594e-05, -4.569485131313797e-05, 0.00016089239200525515, 9.302751619894104e-05, 7.563027386375095e-05, 7.68002183173142e-05, 8.727980043454688e-05, 9.7825163717165e-05, -2.88648843548234e-05, -0.00012503769663843475, -7.88736755327921e-05, -0.00019240291000826608, 2.8279652778199254e-05, 9.816960276631154e-05
0.002290889160987455, 0.0014694761520866841, 0.0032469589058728623, 0.003088867580281603, 0.0018108406340950095, 3.420964828445093e-05, 0.00252567968162491, -0.0002961180295482821, -0.013708395338345062, -0.0158036982992516, -0.002093215268362977, 0.0007944469276544107, 0.0023738200791615298, 0.0018451507522983465, 0.012421087413160545
-0.011637818743833666, -0.0043513740392429785, -0.009442729692719806, -0.009371276836586138, 0.002222676242180243, 0.015112798320081671, 0.011286646479318848, 0.006968145991440405, 0.01910410610517733, 0.016448557433030694, -0.0037152004725388914, -0.007550771335703567, -0.0028646110709555886, -0.015043100395295588, -0.00716604798435292
-0.002295183021345516, 0.008658237962111045, -0.0021535199408635416, 0.02019243171191391, -0.007842693653380766, 0.00683479622794809, -0.010472778932751017, -0.01832765969469972, -0.017188546450376208, 0.0048046868575176635, 0.009244585330307368, -0.005461943887152839, 0.0027783490893429756, 0.005249215634096447, 0.005980022767332112
0.13655422925713967, -0.016597407948157367, -0.04186943590331051, -0.03634549600350347, -0.03117120686989851, -0.025765102815647846, -0.019357614629250924, -0.012791848698332624, -0.008657468541782065, -0.004673885421584372, 0.00316819350379316, 0.0055659477859898296, 0.010967479856814085, 0.018251293838351123, 0.02272232258937994
-0.0018031252912691913, -0.0009034187342107577, -0.0012942880020545488, -0.0019758396439043067, -2.824247711184177e-05, -0.0016808423763866006, 0.0016134875801509013, 0.003440152532786195, 0.004093517758964394, 0.003139063807532366, 0.0017439954423517224, 0.0023872880778916636, 0.0003227914093581163, -0.002364926895249777, -0.006689613188848503
0.005081845381479722, -0.00046110869343895746, -0.0069259377146028015, -0.003741956811393013, -0.0005356448162042412, 0.0034208256979212414, 0.0019298576216767434, 0.0013109246736132112, 0.0015601719135036986, 0.0009677803841274271, 0.0003458326249120525, -0.0010903107621585818, -0.0012290915904629909, -0.0007791100673127142, 0.00014592215833935488
-0.0069266970331509845, -0.002782609133516073, 0.009359898291415248, 0.0074174064523890625, 0.005719812379003147, 0.006091000067075943, -0.0027314015922266636, -0.010331024358168215, -0.00939758379432186, -0.004596953860820981, -0.00013218647461948001, -6.967906374607414e-05, -0.0010543397702876007, 0.0036054202781654237, 0.005828937612809411
-0.012613392406910015, -0.0025363560591948227, 0.0010254477061800312, 0.0007316851581648815, -0.0005021098279613843, -0.006275990778249161, 0.005769036693353518, 0.011040086711287402, 0.010127779742957511, 0.0038556240838937585, 0.009896499369599228, 0.0017094566275410946, 0.0037412996121717343, -0.004963437452261837, -0.021005629180571868
0.04004176504401498, -0.025660355576238567, -0.05486218567008538, -0.06770050279817864, -0.019840226006117987, 0.007348024855055208, 0.11320939342275221, 0.06328052399721175, 0.0274614063071973, 0.018348686079011134, -0.023497736922667184, -0.04489265350162854, -0.024542235089753645, -0.019075598164112237, 0.010381694023539851
0.05585783902583928, 0.011026144154039987, -0.014432567734764317, -0.01258828252730781, -0.01849953671736265, -0.028487125712797715, -0.0412406866231616, -0.009239263363710564, -0.0014713051289751845, 0.017318621323670336, 0.021952112767211214, 0.015100163526763296, 0.004272164971572789, 0.0028735879365803197, -0.002441865897597278
-0.03941009655473632, -0.02147733502464966, -0.03890007587588897, -0.012322416033267093, 0.02390607180936133, 0.04859232623407334, 0.0487347635364029, 0.02550790659020392, 0.027890376579520322, 0.02347281749549556, 0.0013170441498354577, -0.013232512964105358, -0.015606686148581983, -0.03059452702402543, -0.02787765676963798
-7.411092970495992e-05, 1.0128662284774279e-05, 2.2355459647378995e-05, 2.2054189667498588e-05, 1.715562088887831e-05, 1.2919636588119908e-05, 1.0287616046539612e-05, 5.018065742833296e-06, 2.8738466626914965e-06, 2.1014298455367432e-06, -1.6382538675142933e-06, -3.7855286847498875e-06, -5.938995781217135e-06, -8.204158815305922e-06, -1.1216660520587138e-05
0.0006020082465017549, 0.00017024121897977584, -0.0033253906756274387, 0.003559432095864064, -0.005006555217802965, -0.006356505108872625, 0.002312725411005195, 0.004998013630371977, 0.006476996350184623, 0.006382414352469777, -0.0062975728268852265, -0.0002553223406569931, -0.0003379091469189581, -0.00024609002760582824, -0.0026764859610071117
-0.0018025602236544955, -0.001200927981001714, -0.0009265999889537676, 0.00017947473018275838, 0.001658771258620726, 0.0026989050467674585, 0.0023429483879610514, 0.0018104062202100937, -0.00011678891253654266, -0.001840042341651647, -0.0014864591013509822, -0.001982981444146687, -0.00021383265396197903, -7.801270340832116e-05, 0.0009576997069239924
0.007647408745954041, 0.007270847413515399, 0.002761590012743378, -0.0013414139736545871, 0.0008261026501252251, -0.0010421328597052864, -0.0071101734234124215, -0.014555937016628696, -0.014996930408494603, -0.0006131724603384901, 4.511992365463976e-05, 0.0043821596417094235, 0.0070430397088536096, 0.005557257193224498, 0.004126234852453842
-0.01700957606654621, -0.007578345489185016, 0.0007819475129132633, 0.003391043186311079, 0.012209740010698831, 0.0018228436596699111, 0.010661389899934636, 0.017030990934929102, 0.01492162239324971, -0.002514858512683781, -0.01147904554577396, -0.02000844125185726, -0.006772044420892502, -0.010513184716954973, 0.015055918406187023
-0.035812468620098514, -0.02177939124685257, 0.0039811448669369665, 0.026819813916410706, 0.02344806776031692, -0.004574108780428174, 0.011654747800342976, 0.023357532698081638, 0.01863014306896678, -0.006494561657423386, -0.011400542801370976, -0.02028396033212403, 0.0018793434450976964, 0.01504786072304769, -0.024473620840903668
0.009881622798518048, -0.005165222485229616, 0.0005793948479107185, 0.004128826210239186, 0.0029901935336024916, -0.0057238387214449465, -0.007070766513859217, 0.0009974542484384606, -0.003517319185915305, 0.0023559771973144885, -0.004902341277104982, -0.008945623028974515, -0.0006353406967775396, 0.004672856887772735, 0.010354126185509701
-0.007853345402768335, -0.002914362500479015, -0.002472660503096589, 0.0015137423461997063, 0.004868937457160664, 0.00616941067662613, 0.005042519418435616, 0.007523983435786806, 0.0030223615231462025, -0.0029063192583375693, -0.005436333265183414, -0.006379227703933591, 0.0001250853336403845, 0.0006624709727760956, -0.0009662625299730979
0.004094132565438395, 0.0020679744159466584, -0.002635828630651207, -0.007978478141581495, -0.0048075694178560625, -0.0028075946927809065, -0.0032577317973871344, 0.0036107639810740474, 0.0013565882914357346, 0.003693066544738436, 0.011434673490820084, 0.0090860983045194, 0.005894519296096236, -0.002068657214403444, -0.01768195699540877
-0.016079486112066013, 0.0012525371733345268, 0.007372982062219878, 0.006379188695401341, 0.003898140102616419, 0.002253482859602649, 0.0012726761072114773, -0.0008890891236868834, -0.0013701075048872, -0.0011846450955048543, 0.0005454992925423018, 8.75964495188623e-05, -0.00012608307088659917, -0.0010863197050554186, -0.002326372130360576
0.013975589499676422, 0.006810842598327217, 0.002082754709644613, -0.007852167745830122, -0.007154108877353411, -0.007821902846264208, -0.010635860380915253, -0.0032532860173396785, -0.0019751202902234008, -0.00019131844865351145, 0.005403034421567875, 0.0027341759903720727, 0.003924907020187818, 0.0021225157601307016, 0.0018299446066731724
0.006463646494763119, 0.008383500249257778, 0.009324778710058768, -0.014775340409502858, -0.01719280513991684, -0.015640744389224862, -0.016895159733242272, -0.0027113357133808635, 0.012203447494349012, 0.015998175688353544, 0.025871416276662833, 0.01730760882955497, 0.010202787586191371, -0.011035405596974177, -0.02750457034694968
0.15079780343596744, 0.07643824699147175, 0.014290300802182866, -0.04870061493038516, -0.08360445923953755, -0.08858323191057275, -0.0746903370878004, -0.051194693661570013, -0.03519303156122119, -0.017928100813730564, -0.0036128487445412747, 0.017797560080394792, 0.03224908013968076, 0.04589517543288546, 0.06603915106677549
3.069857372941712e-05, 3.1989716688848636e-05, 1.5622116292716715e-05, 7.0452817211722156e-06, 2.390769869844201e-06, -3.503884073066425e-05, -2.676195194160676e-05, -2.740714760885386e-05, -2.0412777239486012e-05, -1.547518606279103e-05, -3.375202595446576e-05, -2.764118064673109e-05, -7.330391416977095e-06, 1.922269540402446e-05, 8.685034789571568e-05
0.0007663232837684349, 0.0005223474339469325, -0.0024297331579093244, -0.0004022013667519135, 0.0009507959063160326, -6.184738524307772e-05, 0.0010302741010571974, 0.0006768041914896753, -0.00038861780617350134, 0.0002953675363161714, -0.0005310023158465872, 0.0007124143028267166, -0.0022796501915462453, -0.000468248536284878, 0.0016069740040342932
0.0014427894765851785, -0.0003776324299434119, -0.00035179453100280135, -0.0003182034206522283, -0.0002884297194032698, -0.0002470671051986307, -0.00019970872577582273, -0.00014666196875463548, -7.89714660358565e-05, -2.419334239305049e-05, 2.846514379523365e-05, 8.430823576816369e-05, 0.00011515641403462999, 0.00016184304221445044, 0.00020010039676196818
-0.0035847588270983867, -0.002081956233976439, -0.00327752018943853, 0.0019868549365344244, 0.0016078028004342117, 0.004724304908765528, 0.0027687276264143847, 0.00353072412915753, 0.0033874850498969338, -0.0009861845433538846, -0.0034905059585245563, -0.0030474266722367335, -0.0018027257250611084, 0.000580998212123625, -0.00031581951363700246
-0.00045072660659317026, 0.0001270301058690013, -0.0029700637746721964, 0.005537277950318255, -0.005965106459416489, -0.007353160708898594, 0.003686320650675192, 0.004915709406044766, 0.005817304140265191, 0.007172983593709502, -0.007138381503393852, 0.00016737112218997494, -0.00047286140997787607, -0.0004531384580671259, -0.0026205580480525843
0.004326249608906137, 0.003551625931620922, -0.0017785935592070743, 0.002758374087483435, -0.0026103594675565083, -0.0017852971637711708, -0.0056085898562357, -0.001883933077764452, 0.002913252702565274, 0.002175495010975743, -0.00710870936906481, -0.005940108440918225, 0.0007801740835967059, 0.0008277190177046813, 0.009382700491665476
-3.631881564743006e-05, -0.00022341129301471958, -0.0006754365011851111, -0.00020838433859213395, 0.0005491300829406016, 0.0008762564205214515, -0.0003914164819303064, 0.0006042661791567023, 0.00023331950752100114, -0.00010031057047289397, -0.00015130965583988188, -0.00037607551165204063, 6.339842351459388e-05, 4.244007276222795e-05, -0.00020614751808196703
-0.011091669594613364, -0.011591837133654503, -0.00456268743318862, 0.003734397284698445, 0.0070747382226061415, 0.013215487325228311, 0.017910889172766172, 0.008627538489272812, 0.005271661246361299, -0.0054407811400723335, -0.00814910805615225, -0.009206600038159355, -0.005374777067185222, -0.007175790135827419, 0.006758538857919927
-0.023845171334476306, -0.010651322073450249, 0.0030418078473912497, 0.00842831887334617, 0.011553502031983262, -0.00020508870522386983, 0.01374560749458612, 0.025916167676901088, 0.017430781962235856, -0.0043943471650084685, -0.014499445739536399, -0.01878146957775943, -0.008339241123929822, -0.013573153814885794, 0.014173053647826454
0.0029431863939563575, -0.0024369484768168776, -0.00021739334562491142, 0.0020516828993134106, 0.0016257485322957552, -0.0011992003301762278, -0.0032237191254871215, 0.0012544255492728366, -0.002417919378491301, 0.002611958393657844, -0.0006973909756719488, -0.0047371489069481035, -0.0005300030837163128, 0.0015687618395245253, 0.003403960014912617
-0.002316924308238863, 0.004300896476856143, -0.0007057850968485505, 0.010505074014631303, -0.0028559966742883794, 0.0036467093096387874, -0.004951825245760988, -0.01023223815012557, -0.008796773240162706, 0.0019899746296870107, 0.0058035239120524254, -0.003145270970769613, 0.0013756712353558038, 0.002719886176480852, 0.002663077931492053
0.006278354510486289, 0.004944007920871009, 0.0041428746140746075, 0.0009224675003436313, 0.0012668217464426132, -0.007880978203958784, -0.0025424706944402234, -0.005881665466395272, -0.006421452406160632, -0.00529204564169648, -0.0021254480547157027, -0.005966203165671287, -0.0023457232529032496, 0.0038220970678158293, 0.017079363525907842
0.014859793730487948, 0.01396491334383663, 0.0007576102115437891, -0.0057385350008508475, -0.0038308740185243493, -0.013010558856470834, -0.008308458137478426, 0.0028169246619577223, -0.00046318230772457447, -0.014353822854456544, -0.01334860571699115, -0.010341034507374391, 0.0073165876543819786, 0.010937098333686704, 0.018742143463976634
-0.036178759042992475, -0.016602485321143248, 0.005131498702756202, 0.01709139001878319, 0.01992480290340955, 0.012047765645956499, 0.03011561446723979, 0.035999534304033104, 0.01820107179402637, -0.02118185938406578, -0.03981296229794934, -0.04010380888113041, -0.02400340954966293, -0.0035749534861016885, 0.0429465601268411
6.473787891510508e-07, 0.0013529360413713004, 9.58891703148253e-06, 0.003645289713441256, -0.001702744130284867, -0.001579166998500344, 0.0023097699318067847, 0.0005165903458145197, -0.005040077818420745, -0.0009690941698719821, -0.001964717797333916, -0.002304813386971207, -0.0008707175990216064, 0.002935851029265538, 0.0036606585428845565
0.0054685203391816916, 0.0009871806387437441, -0.0005395469271068841, -0.00021091599746841835, -0.0009925858705993953, -0.002970775374342752, -0.0029174353517753327, -0.0012998801727061911, -0.0015214089164669225, -0.0008440181375926367, -0.0007456451244711973, 0.00039345186482783306, 0.0010421439321328847, 0.0015699683693472797, 0.0025809467282962213
-0.0372821948334871, -0.012733780792440844, 0.0011779938810819017, 0.007995492418017247, 0.01639974753031677, 0.008596721769141325, 0.025909278055697114, 0.034279371636165075, 0.022208059977063238, -0.006097107769081358, -0.020730684091739192, -0.027858436281549093, -0.011925627969982911, -0.015607782190199301, 0.01566894866099675
0.12035867125250167, -0.018039814783997313, -0.03594978914923052, -0.0312356476646274, -0.024264409387349858, -0.022259939087076436, -0.01659822191179757, -0.012511467405467654, -0.007721679814122599, -0.004146287105759187, -0.00025649168661623324, 0.006365956098521265, 0.011611945065075058, 0.013601104282732786, 0.021046071297214045
-0.006789239949557151, 0.0021507410603248934, 0.01426779962865522, 0.02127494814582748, 0.011233952440263487, 0.014974408769016907, -0.03580398045640759, -0.03590815243556986, -0.036490396901373255, 0.008219751248399925, 0.01618725802989757, 0.005690006360241531, 0.01953960944904194, 0.00947676280591166, -0.008023468194673315
-0.0024382779081892052, -0.004104411961913655, -0.0018710904450929878, -0.005226545249738646, 0.001008305031580833, 0.0005971230208294956, 0.011597742817026562, 0.009863033586544464, 0.005393467638904728, 0.003972911425416083, -0.0059010276970946724, -0.007602232971893451, -0.0050455639728940365, -0.005565431148196191, 0.005321997834710039
-0.0031367615736689423, -0.0033705244850249744, -0.0011198521740741333, 0.0006996011801808278, 0.005677157694731352, 0.009110840047723561, 0.0042024516906503575, 0.000725531260560177, -0.003740219398904885, -0.0038865107357303787, -0.0019490702947357313, -0.0059976784517413164, -0.006868798653574114, -0.002592592368962562, 0.012246426262570834
0.00161969279070257, 0.00039601811164772263, 0.0011571972350066947, 0.009745823516604309, 0.0042534300121254975, 0.004149068216309651, -0.008371042755412754, -0.011348215634434626, -0.011613022890931206, -0.0029754695491140013, 9.468288350752913e-05, -0.002560495514473094, 0.0018117931645935553, 0.005850231163676469, 0.0077903092501914965
0.010492784443803317, 0.009680356879070581, 0.0030406748502761357, 0.002048256267868561, -0.0017786785318054266, -0.01351776013292165, -0.024632758825237206, -0.01349172113569432, 0.0011329998346141148, 0.0029160245261025297, 0.005043201740103983, 0.012495211872693073, 0.007147306666773955, 0.005857028724831591, -0.006432927180479718
-0.05087021644662338, -0.014860508719427535, 0.014564850939461546, 0.02355900816609125, 0.015374396578426293, 0.020057747179428397, 0.01613053310950506, 0.0042294384899076035, -0.0015331542058095327, -0.003868713066454675, 0.00039836482566189336, 0.004886398601261257, 0.001911489118040769, -0.013004824975152892, -0.016974809594316253
0.013950678892590372, 0.011301023060514014, 0.010681667895711299, 0.009472815119527118, 0.00033019826945406027, -0.016753723001968215, -0.020607085265642783, -0.02199270463112713, -0.012991670789146122, -0.007036519029705888, -0.005825668127191846, 0.003382556033209836, 0.004718434026311832, 0.008534109759843422, 0.02283588778761988
0.004397330892292256, 0.003955481017449345, 0.0070486348781472145, 0.008198625735931964, -0.004048108997332347, -0.012059712394509365, -0.008040447846287366, -0.007928253289395976, -0.004731909998966506, -0.0012597831116558937, 0.00012173717168585449, 0.0027409166487766144, 0.0017911113661571558, 0.0034859241547192774, 0.006328453772987939
-0.02867825920756532, -0.011244342957449756, -0.012063280411876313, 0.015548304664305427, 0.008482351449540168, 0.017306350502656272, 0.027505124759973514, 0.026199834395630495, 0.022214194454232058, -0.0003698624443200842, -0.03502677677564782, -0.013853673316216439, -0.03814321180457081, 0.003898289275996289, 0.018224957415312076
0.04490209641337652, 0.017807022240161976, -0.00018929139873877557, -0.0014886076725803212, -0.02188350959394562, -0.029325316682027106, -0.01835484310063604, -0.012872891831277024, -0.009553843382093526, -0.013471409342855569, -0.008836338994069442, 0.0046402372311329, 0.004810038246842326, 0.014722150771632499, 0.029094507095077174
-0.03671597182566839, -0.03131576697258415, 0.025581782559363674, 0.01591611785320238, 0.016633637922211727, 0.04130022350189193, 0.05203933504327118, 0.03714500548371344, -0.017218185916220693, -0.06566122419606212, -0.04670259620902331, -0.058163430829840865, 0.0013427686472196937, 0.014932156142864375, 0.05088614879566111
0.3959521653814089, -0.097866203527554, -0.10427583571037999, -0.09096315641061078, -0.07640434298776379, -0.06321090715951963, -0.05001846381240413, -0.037404528072356565, -0.023556915495474295, -0.012775384684955779, 0.0038551630840513978, 0.017479257613668822, 0.03329161822520884, 0.04653283564879464, 0.05936469790788642
0.016564029736413386, 0.013462681376266354, 0.01645815275152485, -0.00567813448295665, -0.014098072674063045, -0.027920785301276414, -0.02060699201392384, -0.010804259856393994, -0.002839654255164297, 0.005209324491742669, 0.004260160880512604, 0.011711508942795183, 0.013509001872004734, 0.0026020506290682283, -0.001829012096549849
0.05804545410293145, -0.0022881457337468897, -0.03791448635202911, -0.03184454632334651, -0.016002285872993353, 0.005600634557229867, 0.02638563294059201, 0.013676977696428309, 0.015751117719758338, -0.004220978955942227, -0.022625028086087823, -0.035405203362294524, -0.028811563614233607, 0.006103661314824616, 0.053548759968909614
-0.000396716558494279, -2.411641986996971e-05, 0.0001756225606437763, 0.0001432314681245897, 0.00011157499380027227, 0.00025885186165704166, 0.0001598221824902035, -2.438485915604914e-05, -7.845857954847627e-05, -0.00017752861525726607, -0.0001608448887520998, -0.00012740483658259082, 1.0347965554660207e-05, -5.4790513878479085e-06, 0.00013548277677800553
-0.01946320343135624, 0.0053622525050303, 0.009677614965881948, -0.006926163342781472, 0.0013734120258979588, -0.01351526653076357, -0.01014966575688198, 0.014927650918753602, 0.021941550157503133, 0.0146776336934463, 0.006162634630161047, 0.006595429388940651, 0.0028634003365701505, -0.007762065977577063, -0.025765213582824742
-0.001004567753970491, -0.00028536053598990905, 0.00046530943977539515, 0.0005274015087018402, 0.00029049240303528705, 0.00048074550995894674, 0.000514393498772879, 0.00010824263707894641, -0.00012180496586337801, -0.000398465372541519, -0.000214925232827688, -0.0004851692868891961, -0.00034769336463706235, 1.7777759851915373e-05, 0.00045362375554402275
0.004143019504307895, -0.0003993620366080224, -0.0013043024110856356, -0.001119085459110182, -0.000912203908666558, -0.0008394887240605533, -0.000715278515187847, -0.00047245627506025604, -5.2101784436452435e-05, -0.00013864283829711095, -7.304415568202549e-05, 0.00028431438308119884, 0.00043255665773295844, 0.00043780710508897996, 0.0007282684579832695
0.0036396268176161536, 0.000666735614123598, 0.0015319093612304166, -0.0019903647496089362, -6.327441853543688e-05, -0.0016389985106082536, -0.0014179884291920003, -0.001970427926919406, -0.00205504199871672, -0.0018243513514584974, -0.0003269962041944645, 0.000772560183252611, 0.0012720698592613882, 0.0023075684815910035, 0.001096973272158562
-0.003516223684664227, -0.004292911824853156, 0.0009259863792378115, 0.002521282848570821, 0.0029211294886859205, 0.011381508444531376, 0.015966784682274995, -0.00020572879026379675, -0.005692062133900068, -0.00946308155462855, -0.02048835213456044, -0.001516287149248654, -0.013500543374542213, 0.0032211279208803623, 0.021737370882480185
-0.0017872940311006891, -0.0005691314402691722, 0.00033339708171697686, 0.0003192484414231752, 0.0002764427553581649, 0.0003552650034490228, 0.0011843682063084875, 0.0008850459825710422, 0.0006889180057164628, 0.000135224426121792, -0.00016458682712641986, -1.4122956817467662e-05, -0.00012844374039468786, -0.0005757792955983141, -0.000938551611358407
-0.0018212926311332645, -0.0006588597746645565, -0.00010633576484187141, 0.0004090045119101918, 0.0006024006753972038, 0.0018044641342214308, 0.00038762523794344604, 0.00045570644887502423, 0.0007832184122916065, -6.131277385802833e-05, -0.00018175800708901567, -0.00014166797307734903, -0.00029907654645613377, -0.0003574351180017, -0.0008146808315170156
0.00900096698526723, 0.002836292266915631, 0.001876722326930232, -0.0046292177508011866, -0.004202609544655376, -0.004439531181693922, -0.007313319389579772, -0.004530326934730624, 0.00023074719416826123, 0.0024478901217378744, 0.0038727937011136786, 0.00365981313987011, -0.0009000838344915343, -0.0005782705152244036, 0.0026681334151736746
-0.00453896802808491, -0.0013973392014222032, 0.0029824885801024567, 0.0010424490302613889, 0.0015115431530197383, 0.005132307611191454, -0.004061098101248694, -0.00016803151167305317, 0.0006534845361134271, 0.0011430003956899254, -0.0033557902395570426, 0.00039654048872565334, 0.005370106666237145, -0.0013296179572000436, -0.003381075422155226
-0.012653513330823365, -0.012854134070448806, -0.006998219020477012, 0.0072594914784816205, 0.006462624543126211, 0.007046393215311369, 0.016047163386993503, 0.013488889165481485, 0.0017938952730981467, -0.00465995536099687, 0.0041509599989640236, -0.0014984872413960383, 0.0037950176920717622, -0.009628172583010025, -0.011751953146375865
-0.004210926441467214, -0.0018239176105418727, -0.0001585328029272655, -0.000873123902299037, 0.0005351780037224528, -0.0011181854392387075, 0.002706400127160933, 0.004286147970059513, 0.004284746301150941, 0.003512229399737882, 0.0015117173438823658, 0.0016365183447276592, -0.0018282575600284544, -0.003341226309029937, -0.005118767424909415
-0.014006071989784255, -0.008174473136906366, -0.0029941357046126583, 0.0004939703903872117, -0.0008927898044818153, 0.012598543184697658, 0.012891904773250355, 0.007135156912212721, 0.006519978037407956, 0.006303125761111288, 0.0037126225185373195, -0.0004369919276792579, -0.0013016980421237194, -0.006262829627964909, -0.015586311344051376
-0.002415653396495104, -0.002089705731670855, -0.002474985791316409, -0.0013132108684448278, 0.0005975810534854023, 0.001451521702383932, 0.0027991737919439174, 0.0031395691544497326, 0.00342662085476761, 0.0035356361855689057, 0.002351254223562901, 0.0003873877558136574, -0.0017594101482491164, -0.003565675083310497, -0.004070103702489204
0.004275738263279979, 0.004372338771564484, 0.003002993738361502, 0.001377842644043988, -0.0003145455106610958, -0.0008191831630336276, -0.0030352799266741334, -0.005874665186844569, -0.006244028140883216, -0.004730900839160887, -0.0056699309278392005, -0.004545572382444853, -0.000913604189666134, 0.007292387913265492, 0.01182640893669219
-0.032486858307335706, -0.018073078288754624, 0.0014619037045946713, 0.011043109943247652, 0.019322861302149816, -0.00017121544740525754, 0.018113241460286388, 0.03460485079793874, 0.02468917930215049, 0.0014999096719380198, -0.012586494482253761, -0.032092304659262404, -0.007000436519279472, -0.023089440264292608, 0.014764771786278379
-0.021182721428855737, -0.012005398952055081, 0.0018330180218330081, 0.0060891687934368326, 0.009793513838890246, -0.000508566803339076, 0.03151885133766678, 0.020834391688808206, 0.010160249584433522, -0.006521786483473177, -0.015291128179218476, -0.02198447512892101, -0.009607280320499328, -0.009718442635545842, 0.0165906066668393
0.05593381289101203, -0.010541913682805108, -0.01678087176825195, -0.01401053846121258, -0.011976217205659907, -0.010247320447139191, -0.0077832458105998505, -0.004317337423382211, -0.002273484432484542, 0.0005654405166555082, 0.0013759487096434097, 0.0020435008408078415, 0.003424390957133523, 0.006263890960351142, 0.008323944355931867
-0.007891131318871458, -0.007864609330101698, 0.0008770929782949092, 0.0015184240418330626, -0.0016780218790541793, -0.004848750765648719, 0.003440478629258355, 0.016577776105699448, 0.00895191798057001, 0.004622183421891426, 0.010767792403195062, -0.00032184732300351033, -0.005006035926866317, -0.006577287319676606, -0.012567981697519721
-0.13034257088077858, 0.021669767178170162, 0.03723250132323641, 0.03198189758739759, 0.027190380301904935, 0.023075609804765744, 0.01800684261341605, 0.013846861678641664, 0.009556612877354658, 0.00434280484989015, 0.0011479876983745158, -0.0065505384597125335, -0.011361698876547179, -0.017339573420128755, -0.022456884275984863
0.003940897885062479, -0.001717877080256153, 0.001836260788443647, 0.004561155681809392, 0.0016500214331464508, -0.003908942111141102, -0.005845136030358537, -0.0024780918699792718, -0.003980674882798971, 0.0018730976035348074, -0.00037126739250539905, -0.002587682554634142, -0.0001909950123560526, 0.0018886542305100555, 0.005330579311522409
-0.007586513126486746, -0.0016661782840035177, 0.00029892869422556317, 0.002347057495314773, 0.0028826896601934094, 0.009607259474854156, -0.0034229760741868185, -0.0006414312149950465, 0.0010049885147306666, 0.003010361615699716, -0.0005643461819898896, 1.1980299982326283e-06, -0.001451688571969255, -0.0008762514784498702, -0.0029430985529353727
-0.008064423500660625, -0.0042199878643919796, -0.0010393322988394198, 0.003228678717087401, 0.004646185122181132, 0.0051969321228666175, 0.004642510084395399, 0.0013358873687378437, 0.001015649346184879, 0.0008837463439039394, -0.0005742874597086373, 0.0005540907476398766, -0.0011424053341578453, -0.0026001791718815665, -0.0038630642233570705
-0.019960038393565804, -0.007244653733436732, -0.0022469169859748884, 0.005198374313290751, 0.008044231319030211, 0.004443416622200425, 0.014607541416954044, 0.01961104029583817, 0.011944279306178114, -0.00045065708719194304, -0.0072640176241653386, -0.01452206085836372, -0.008818008395403244, -0.010322874305057501, 0.006980344109667245
0.00027141806995084036, -0.00012644275652491278, 0.0027423298373427463, 0.003050247500148246, 0.0034697741843286506, 0.003056023231530528, 3.644648732253214e-05, -0.004490018204624831, -0.006679956993882139, -0.005636771578077238, -0.0062241912541539796, -0.0022274078030991443, -0.0018252587787676044, 0.0038129327496255897, 0.010770875308880346
-0.015814699524080947, -0.02382239590876909, -0.0038084584366296845, 0.0010974625474884578, 0.012044171043429398, 0.018210309262206396, 0.012547522964236876, 0.00482492406274071, 0.008266813775266404, 0.024103663541011157, 0.015754801168994477, -0.0011059142540387201, -0.026773186869412803, -0.030037081110606254, 0.004512067738163754
-0.005863782433420172, 0.0015589863396123407, 0.0061990891250541845, 0.005992525969954693, 0.002716557030160175, -0.0011492696134216775, -0.006547907602345541, -0.004921167681363858, -0.006880203894872731, 0.001462358414524702, 0.0028936120164406286, 0.0026035863221266367, 0.003174681793158999, -0.00023657203157243065, -0.0010024937540359122
-0.010094712070721861, 0.0006608145316123109, 0.012019711389956467, 0.00222213647594784, 0.010063051200274674, 0.015058077051491398, -0.002949513519009627, -0.014189380248873213, -0.01939482229671667, -0.009888368512999316, 0.004864272375500082, 0.002801299720004385, -0.005108398679266508, -0.0010095083659216117, 0.014945340948721636
-0.00042547551974226293, -0.0014962461682895781, 0.005013497286089661, -0.01627459089305923, -0.007296497407377776, 0.008118224488710258, 0.003264603162793164, 0.005822878932470561, 0.003500168134675949, 0.004220616914258887, 0.004112937275677669, 0.0060286943016640195, 0.0031770588914913182, -0.0057056774695566775, -0.012060191929805848
0.002835004258812895, -0.005712872484159602, 0.0045226090934040505, 0.006222040850156499, 0.007268026162908042, 0.0005668080407272534, -0.007402150415816735, -0.001850238530674432, -0.006569074002228743, 0.0007724498235768262, -0.008040654101318205, -0.009068979438165151, -0.002202497951750468, 0.005577608762511337, 0.01308191993201652
0.002967760009386549, 0.0013437760773174802, 0.0034201983088718592, 0.007415544508762492, 0.00046263380267880455, -0.00487840145496401, -0.004584711770117473, -0.006583383345679246, -0.004779477869370321, -0.003811216812290963, -0.0038013302853731512, -0.0012415585788419295, 0.0006855371363830784, 0.005701428092123498, 0.007683202181113409
0.011576740647792152, 0.0033403001409112853, -0.005093934632814533, -0.0062024265521970975, -0.0054177740408694365, 0.0017062973983242215, -0.0013840191834849497, 0.0010232897775527185, 0.002868701792750365, -0.00033006922063243214, -0.006099641720198521, -0.006113967273785694, -0.0034192680161566364, 0.0006029656969188694, 0.012942805185889961