
0.0035127877016043296, -0.00012197964139477887, -0.0009846855483037788, -0.0009602320130650762, -0.0005685302194297901, -0.0007519945766281062, -0.0005427658822332067, -0.00026728894793562373, 2.5712446199262787e-05, -0.00012632279271017338, -0.0010789686096730907, -0.0008118743338733506, 9.829797628297964e-05, 0.00048413009050032527, 0.00209371435066008
0.02468016861724314, 0.004969564087624886, -0.0066538098002718316, -4.345615250361812e-05, -0.010612514702956311, -0.005219932585938669, -0.008415584281026359, 0.002934378364284236, -0.013104941956545013, -0.013257238917591101, -0.008238974679055948, 0.007577534446637082, 0.004304856620960961, 0.016615035963121957, 0.004464914976016466
-1.8510003575616667e-24, -9.093357426663647e-26, 4.272998072539348e-24, 2.5618632042510264e-24, 3.454590494807698e-24, 3.479517597857362e-24, -1.7023645381329043e-24, -5.148642692887873e-24, -3.388575909592843e-24, -5.099250984667836e-24, -5.94212587223582e-24, -1.5781942254298359e-24, 1.8187345942051471e-25, 5.413139189632936e-24, 5.4380662926826e-24
-0.002996230199192111, -0.0008668140263435826, 0.00044850444794466136, 0.0009054715696731206, 0.0013162144231664225, 0.0010267965312220962, 0.0008191585539005543, 0.0007465567681495902, 0.0007106771438412126, 0.0002319557874891407, -6.348825886166809e-05, -1.2439985877826754e-05, -0.00031107228231567, -0.0008193385742803984, -0.001135951898515558
0.005370912608630379, 0.002724448058591178, 0.0013481606401413867, 0.0004083981113005654, -0.002262750345085032, -0.005692281210258086, -0.004520629826756425, -0.0005489846407927353, 0.002535584459818768, 1.4210254043238145e-05, -0.005978353035405225, -0.004859519967406924, 0.0009862309238145156, 0.003820009421343507, 0.006654564548020808
0.507496710621366, -0.1356353996020363, -0.12893613962052167, -0.11204739878353076, -0.0971528908513861, -0.08018752608718853, -0.06367953151710998, -0.04787189703218054, -0.03155121493161917, -0.014421158492533882, 0.005782835957866288, 0.023774942916630758, 0.04165485853551787, 0.05946467525313948, 0.07330913363358653
0.028896528800299966, 0.013986692101567636, 0.004722683003297001, -0.001477218038667244, -0.011429797309806674, -0.013917427047437784, -0.015288848702780923, -0.01426794612964155, -0.015334332818552043, -0.012666203034200801, -0.008233217976966006, -0.0011255426465756994, 0.006112907389485539, 0.01436072806687978, 0.025660994343099076
-0.0024081429818115585, 0.0005439782413482882, 0.0005796424416147694, 0.0008448073781988235, 0.0010016453902968664, -0.000250669509483359, -0.00043016727321283453, -0.0009139543270453857, -0.002356952094682514, 0.0009238660107162298, 0.0012515962799150857, 0.002892389454336816, 0.0038757867612286643, 0.000559539815058208, -0.0061133655864780015
0.6146525146026659, -0.17544742480690295, -0.1566259318286243, -0.13506349770576484, -0.114565040158636, -0.09355927165705182, -0.07390446860595634, -0.0537347516126041, -0.03410334012809083, -0.012522913583654594, 0.006807832101616252, 0.02551117733195869, 0.045679751457695233, 0.06806407676411327, 0.08881128782923643
0.036205831899430274, 0.005906151304396465, -0.008383196265727637, -0.002805897469542733, -0.0031223378646633173, 0.01469582973935104, -0.014785943828232749, -0.025515962747079565, -0.027359901489941107, -0.01918574506964206, -0.00861012034287553, 0.002484636418789389, 0.007504033361870411, 0.01572845433166707, 0.027244168022200133
0.001135110459324166, 0.00021998728619239736, -0.00017312153846812408, -0.0003702968496106859, -0.00043046325688033034, 7.099939011917076e-06, -0.0003992158028433514, -0.0006742501974003421, -0.0005659953458591146, -2.7482039534979923e-05, 0.00037590143498654255, 0.00040238880245095784, 6.332210382579558e-05, 0.0002495194964186932, 0.00018749550838630374
-0.003509780849500517, -0.0043857392113599136, -0.006588517824860179, -0.005413271978978344, 0.005859907559990074, 0.0048995017556016296, 0.0010221263147231568, 0.005105654163579649, 0.0033828763346728545, 0.00823620036408235, 0.006927920787292599, 0.0039857749127557955, -0.00011193215559929347, -0.002774837160076373, -0.01663588301232351
-0.019924741381682078, -0.00600243335299516, 0.0009392483304915478, 0.0050330123249900565, 0.009025965900557138, 0.002406803063112943, 0.01132819160539232, 0.0181982595166877, 0.01101461414800314, -0.0011677606624308924, -0.007865314037826558, -0.01557835757958469, -0.005335000948665262, -0.010972889430317035, 0.008900402504266793
-0.012645879262708234, -0.0026763412145407515, 0.005801854899114397, 0.0035792913683571044, 0.004592987504804219, 0.009277468899044402, -0.007335777601912427, 0.0003324888527733528, 0.003481551288851684, 0.0027532999872517845, -0.006236035850567027, 0.0014753021371527763, 0.009430067538532972, -0.0032257204235367977, -0.008604558122617442
-0.0015390043698719788, -0.0009536841315332908, -0.0005707322705079468, -1.581666032038269e-05, -0.00010880460422668607, 0.0008081090431093412, 0.001607838451988763, 0.0020838750914760067, 0.002746111458282591, 0.0004432663407576952, -0.0015573242854122625, -0.0007933848956170987, -0.0008915007552938808, -0.0009685903185954772, -0.00029035809423543223
0.00751248423368759, -0.004107409659192907, 0.002908814932177865, 0.00622940687771182, 0.002733889852827625, -0.004762863511446064, -0.008301094764260384, 0.00035765270239011956, -0.0065985534735189585, 0.0008132878336980872, -0.004927572945035811, -0.009730809731112738, 0.0010747554879550077, 0.0065024453992011625, 0.010295566764917406
0.010723397537022455, 0.001899964175110709, 0.002273231377669101, -0.0073477677987833796, -0.006616447372950532, -0.011005562215298857, -0.007224343443169391, -0.0035813444388980934, 0.005748354015272125, 0.007943041443620694, 0.012380718604154932, 0.004081370038419158, -0.0028943848558981708, -0.003385284385150323, -0.0029949426811210398
0.01812242623590958, 0.006341007286038506, 0.0008974137068065703, -0.006244178264856977, -0.012940459861815468, -0.02369456762326861, -0.012939836161443476, 0.0020269215057300625, 0.015132013987173839, 0.009112243834059923, 0.0014482739532618808, 0.001016869188390346, 0.0038037663927968915, 0.0009513411323673152, -0.003033235311150438
0.3636100267348154, -0.10560577987755086, -0.09134012511165743, -0.07913137579732496, -0.0675458901163643, -0.05524539234534911, -0.04368639453864754, -0.032082323247887304, -0.019756169146042578, -0.008013409085657595, 0.0033159431836247396, 0.015290560835681366, 0.027907820222958478, 0.039249215164467895, 0.05303329312493367
-4.8271732599166944e-05, -1.3289593483462752e-05, -7.157666492361379e-06, -2.8789487551786932e-05, -1.4808266712905101e-05, 1.6509535318926835e-05, 3.0388568186232328e-05, 4.270242099995009e-05, 7.046418025785828e-05, 4.026487858106135e-05, 4.174410117699315e-05, 1.314912939263944e-05, -3.411566696007448e-05, -5.36852439976805e-05, -5.510515611622826e-05
0.0016748407639442056, 0.0008182578869118239, -0.0007937135013274628, -0.00017715935616114824, -5.316202604064912e-05, -0.00043306091038048674, -0.00035580741590916364, -0.0005843939673546983, -0.0007627243345993082, -0.00039571856250900946, -0.0009204655863075184, 3.675190430021771e-05, -0.0006963877310854038, 0.00027389817585820063, 0.002368844660660458
-0.027413939414582367, 0.006345469948901684, 0.007470272595649449, 0.006479690740503946, 0.0057998726086532625, 0.00468464856503256, 0.0027873079365868174, 0.002691673581866318, 0.0016699907672240312, 0.00042565654609725347, -0.00014841371881667149, -0.0016779643009659992, -0.002155761915978203, -0.0031257242861990513, -0.003832779653972989
-0.000948169867494834, 0.0004065175120884964, 0.0009319057010346579, 0.00024712139570098245, -0.0003171894821471977, -0.0011690534182915682, -0.00011108443182391756, 1.3936641458660043e-06, 5.833059889921682e-05, 0.0006471564049992726, 0.0010817513771720095, 0.0001633069208510964, 0.00018215618119277551, -0.0001062621377014108, -0.001067880418625413
-0.0031749113741661506, -0.0017083303713858668, -0.0005780600040959857, -0.0002837728704103568, 5.8603528803618164e-05, -0.0002507086422898713, 0.002123753516517406, 0.003404766784350455, 0.003323783853968286, 0.002494846862664224, 0.0015477716871453936, 0.0013491984781535114, -0.001259698929248104, -0.002573999201688376, -0.004473243318318184
-0.02006174805294004, 0.003629871295103401, 0.00391457352601546, -0.0024187347293791977, -0.0032416683023323996, 0.01941690591707889, -0.0024199242166615094, 0.013403279550442173, 0.005280002491022612, -0.003532352635730804, -0.0064340463687883095, -0.003988299513362115, 0.012715448364857444, -0.005239752216343929, -0.011023555108981647
0.0038300738914747038, 0.0012267952344184637, -0.0019784929768956404, -0.0017230312974178357, -0.00010679224120967133, 0.001373037486703553, 0.001642201458774286, -0.0009016940350593319, -0.002662527417741229, -0.003546931074599596, -0.0012276613897575714, -0.0019525641788838443, -0.001259872470489557, 0.0020086219893504197, 0.005278837021332914
-0.008407420781184645, -0.004375731423797612, -0.004140254179779675, -0.0007792524094020049, 0.003329846117754026, 0.006535511327660915, 0.006767550358769939, 0.006175562754921961, 0.006512199832870788, 0.004134949619199258, -0.0009017400240736897, -0.0007690821114185398, -0.0031419294551374875, -0.004194060926766121, -0.006746148699617238
-0.006904146806291381, -0.0018496307251159084, 0.0014830794789576838, 0.0013796206988760191, 0.0048977432744244705, 0.0023366782438992784, -0.00011589366233647636, -0.0010101059306505862, -0.002401878334315895, 0.003121769787374551, 0.004192256587575322, 0.0030147413822815008, 0.0007032776910394379, -0.002696557656837362, -0.006150954028880757
-0.3202397867893899, 0.09101857245493948, 0.08023838002039134, 0.07046395800766263, 0.060042334346955384, 0.0492936410155867, 0.038171901879396966, 0.028835183343838815, 0.019420096501628778, 0.009321980692933662, -0.0046078302542542525, -0.015575016842076374, -0.025949541212980386, -0.0352111647488564, -0.045222708415776615
0.2279318034207595, 0.14938337204047686, -0.07556584386993301, -0.0986816183296807, -0.10853313652037455, -0.09041426221351605, -0.08033549799250117, -0.05941907335030498, -0.040421207296309235, -0.02614652823592025, -0.0017283258759309944, 0.018108192308369808, 0.041209548683155905, 0.060365580336145454, 0.08424699689556348
-0.008627202619217933, -0.0020215343183744966, 0.00473843945341117, 0.0018219554454619355, 0.0030257602355132215, 0.007981320907977981, -0.005813903621712631, 0.0003354459668624282, 0.0021643939982968017, 0.0018973393398762693, -0.0057360579102582005, 0.00025453824499400724, 0.00727954465070529, -0.002619916938887861, -0.004680122834648003
0.002270205741722311, -0.0011897133278224257, 0.001458738029837323, 0.0027123317520470467, 0.0005813349538040554, -0.002897446198846589, -0.0036040078648476408, -4.0411559001813103e-05, -0.001780835154221245, 0.0016096249543889635, -0.0006708655425353675, -0.0031318360196690167, -0.0005499474127475257, 0.0015372485384094236, 0.0036955791094820637
-0.006392368765857115, 0.001367346205827609, 0.0017164209535368794, 0.0015112564912637323, 0.0013182359659482882, 0.0007593847324049853, 0.000864433578294222, 0.001313188183862747, 0.0003216307830424792, 0.0001160383289979537, -8.678561222471007e-05, -0.0006433577513578375, -0.0006725080937245047, -0.0005155634174468641, -0.0009773515825678512
-0.0015284012072617436, -0.0011717212237274996, -0.0037369632180132423, 0.004940722791844119, -0.004170947998123478, -0.004620121709006818, 0.005582066100293741, 0.005617377066390401, 0.005824837196881258, 0.00612638406902858, -0.0076145418456729725, -0.0016281210356244276, -0.0016421817551539348, -0.0005160417153488792, -0.0014623455165051606
0.010794933490365626, -0.0031016193683729163, 0.002267731778679712, 0.0020311366043896982, 0.001189674536591533, -0.0053507527219309415, -0.00577545728820334, -0.0015443678325831988, -0.006660780635980479, 0.0002282486989199022, -0.004217549529084101, -0.006074036818322032, 0.0005695131945464344, 0.005687683699952356, 0.009955642191031922
-0.0021584087926142144, 0.0009313418537123442, 0.0010988204349901337, 0.0020368594001310635, 0.0004467759220325823, 0.0008726460192936248, 0.0007584447495946718, -0.0003502894908708098, -0.00412127808990288, -0.002320996478700692, -0.001732061149558813, 0.0010120614869030794, 0.002840156960360531, 0.0011262725721105794, -0.0004403453974812346
-0.01327327398813568, -0.009965821444267131, -0.0032441740691739403, 0.007514199217957521, 0.007627230587530174, 0.007044860827539288, 0.008774472413523183, 0.006972335811779352, 0.00042911842185914655, 0.0007839890302262746, 0.0031125422138884398, -0.00013599381223923404, 0.00044625471235750603, -0.006452123797705099, -0.00963361612513957
0.0023870044643650528, -0.0016723846047130174, -0.003184531198874968, -0.0020154115018175688, -0.0017458013157082815, -0.0003639660593676927, 0.0013191725500598147, 0.0030039434818993037, 0.006198248287262969, 0.003315859506776747, -1.56005103123276e-05, -0.0024705638843997256, -0.0035197476377967275, -0.0013956371031498892, 0.000159415525776306
0.003559625539227161, 0.002308609561594168, 9.289717689609814e-05, -0.000524953596684838, -0.003415773367136015, -0.009991006700246625, -0.0014284038959015346, 0.0015774425112650126, 0.002614600972469114, -5.0248623599427756e-05, 0.0048109424984370515, 0.00525096542881145, 0.0010319838097768701, -0.003222027463741194, -0.002614653851167284
0.012419452519912827, 0.004798127903155985, 0.0027875824309188434, -0.0007683363730894529, -0.0018844612044679662, -0.0057873079111554464, -0.006998331683263867, -0.005528658085455393, -0.007700448275324646, -0.005409647565526475, -0.0066996048600647205, -0.003677823360004271, 0.00402813049994923, 0.007396912222481821, 0.013024413741933588
-0.057167663552075185, -0.017091460528378434, 0.0014777463613710469, 0.014107001056257545, 0.025212120431948194, 0.0035969900402368624, 0.034708440717798085, 0.0518239901076182, 0.03440521610099107, -0.0011134270570127324, -0.02123509234145413, -0.04334672127453781, -0.013560920610900307, -0.03406504944428982, 0.02224882999242754
0.0061231912199038565, -0.0008886586084564649, 0.016435977934413707, 0.01741512215215426, 0.00517666307217289, -0.008957249266253598, -0.0027126179765481193, -0.02432621636118162, -0.017587924549482808, -0.014688665381646392, 0.0003304722756849074, -0.017354030151420757, -0.012065931528485105, 0.01170581557345191, 0.0413940515956936
0.013699975286326537, 0.003697800077794722, -0.01231407821912867, -0.011940964717941012, -0.011290764696152663, -0.005064303722191338, 0.009879917321623933, 0.02137540792390727, 0.03681835368328885, -0.014887050076405605, -0.019538868510160182, -0.020667288394173478, -0.019331746714229655, 0.001413642861816526, 0.02814996789562514
0.2917555285439404, -0.08450790585571591, -0.07415043290759324, -0.06547484609070016, -0.05511030360304775, -0.044614200128521325, -0.03300960741450421, -0.023752249317922376, -0.015461441647666833, -0.005249425841183175, 0.002862706042093897, 0.012747632173451767, 0.022787421322945443, 0.03077453588391421, 0.04040258884050886
0.23795276381760425, -0.0668745423265552, -0.06092603868933985, -0.05176300566225014, -0.04544253374432455, -0.03812792240148657, -0.029996113594632858, -0.019156894908308124, -0.0115932659941609, -0.005601829139576508, 0.0036961140427433617, 0.010404404290418157, 0.018152451459729355, 0.02544586522859314, 0.033830547621546414
0.08438713678886912, 0.02413775932245866, -0.03080922368679191, -0.039910834902185825, -0.03282852292929608, -0.018199426599894764, -0.0197041541040364, -0.022558152332386595, -0.009887779213152221, 0.0030304007175287998, 0.031029074334901086, 0.011816663005370978, 0.0006250374332952061, 0.0044977602493892835, 0.014374261915930634
-0.009991708609539867, -0.004189799356036787, -0.005898933803146576, -0.006661676839549065, 0.0013772158544111555, 0.012431178726241436, 0.00925688315329953, 0.004477602677153725, 0.015223400497489254, 0.01370974783322474, -0.0034234197398700958, -0.007283937119789052, -0.0020530023006549436, -0.01287173524282236, -0.004101815730410944
-0.002393167736766473, -0.002395465259993677, -0.00043999639314542513, 0.0005060322741086415, -0.0006910887351613169, 0.0040671858008450405, 0.0004061183467612085, 0.0006690689689419144, 0.0035114936584053486, 0.002868823622810807, -0.0011973910885285243, 0.00013107266917356563, -0.0013042242446837363, -0.0016755012440012778, -0.002062960638765981
-0.023296447769048097, -0.010128758136966941, 0.0027492924359777066, 0.00797407481194805, 0.01311705196499006, 0.00172629240063768, 0.013101130335409791, 0.02358016631007999, 0.015061823874962346, -0.00477878780853132, -0.014690519322316572, -0.019954182769807108, -0.007614191808831359, -0.012083560716164787, 0.015236616197660214
-0.00045093853311421045, 0.0012248710905624304, 0.0024672250469677777, 9.247618520710756e-05, -0.0009305868779650735, -0.003153297019905473, -0.0015140551118150625, 0.000451086989061366, 0.0016361893149122394, -0.00041145588158500185, -0.001082798786016575, 0.0006988182330334484, 0.00010663517795065578, 0.0006678642228029752, 0.00019796594990339667
-0.0029030269096309478, -0.0007619367111222435, -0.004019423378951312, -0.0015980258890905719, 0.0013687655641456003, 0.0032433261615594706, 0.005580674312912877, 0.0009673411014368052, 0.002277335971099468, 0.00413635219471485, 0.0015592985343735241, -0.003842336505742092, -0.0029075556590888365, -0.0011763041042783915, -0.0019244846823381683
-0.0027176537853732777, -0.005546678432139885, -0.0006641382477265824, -0.0007420653143142183, 0.0024894406536778465, 0.0036073395238932927, 0.0011433127610708188, 0.0069889735868909125, 0.008081922462288425, -0.000618538458236429, -0.002255440983542035, -0.003829729140478355, -0.009842805044644909, 0.005654289556943736, -0.0017482291383092738
0.0059982378087797585, 0.0013074984523210843, 0.0008157703110992895, -0.00036404945062251746, -0.0012755997256182717, -0.0025953765128607044, -0.00343391864610985, -0.0033245781193052483, -0.002693878734818694, -0.0016010363694208413, -0.0008575763982871763, 0.0005961950471500584, 0.0017701238414596426, 0.0023701999213056957, 0.003287988574927768
0.004849169078996564, 0.0034394735553277683, 0.005553161490585686, 0.002192373816970561, 0.004347186464869772, -0.0076571965915069274, -0.0036036020245578454, -0.008116208029077124, -0.005704800612174585, -0.006021227272615347, -0.0033965414300410534, -0.004746623582560481, -0.00158157967448438, 0.003053739728890178, 0.017392675081377443
-0.009400239191096886, -0.01172138876285878, -0.0024305812524915748, 0.0005654478050240466, 0.0074427827981737305, 0.010523413663612969, 0.005207058445353042, 0.002096722067451849, 0.005193392692538451, 0.013362368473868505, 0.009009305369894619, -0.0016957865145852717, -0.015574720823316963, -0.01631624003584579, 0.003738465264278432
-0.004842607696553725, -0.0028668818870132254, -0.002380574375302533, 0.00021917261820423835, 0.002464857612639454, 0.002981801923562296, 0.004880638415889464, 0.0026282895470396217, 0.002463040022062238, 0.003645761114493664, 0.00022328878347352546, -0.002189612680277873, -0.0017980241168810537, -0.0014412761726803323, -0.00398787310865573
0.6751984924321046, -0.19385201681267955, -0.17079975794465327, -0.14833649510719926, -0.12653470631775673, -0.10351858493356214, -0.07947496355155563, -0.05927990087001928, -0.03675810323842507, -0.013794607542078775, 0.006340138345807897, 0.027867706183087555, 0.051626307203815905, 0.07367457891342523, 0.09764191323968846
-0.023865295954730466, -0.0131399764207658, 0.007410177609646058, 0.006855679535720333, 0.007598292249168541, 0.017042566824031886, 0.012943433316348214, 0.0012315416292027542, -0.004792641242172944, 0.005266041004786214, 0.0007460862777065467, 0.0071141118508546925, -0.006713057345614886, -0.009409974758726883, -0.008286984575454428
0.015712670953940067, 0.007271013286159814, 0.004086268355417733, -0.009826125122427844, -0.015505944876218822, -0.009446176249301337, -0.011553357545650495, -0.006797923334203103, -0.006704350674711883, 0.0031904834775854404, 0.01727525051552089, 0.017782292420918076, 0.01392793045099644, -0.0013911048495078263, -0.01802092680851744
-0.0216321668465261, -0.004417680966205002, -0.006451838030998887, -0.007628695664790767, 0.008819723741854526, 0.010438554554524079, 0.02320403690356932, 0.004953371255245005, 0.005319231429321388, 0.010131002691302578, 0.006707094061898823, 0.004249879920132518, 0.004207000875199031, -0.011394645118650055, -0.02650486880587675
0.0033833101485781533, 0.002215451302723642, -0.0012230687184382517, -0.004015166452169118, -0.0017406595854600516, -0.0022525685349568205, -0.005182291165988557, -0.0012797604699265454, -0.000603173859388346, 0.002585833324335483, 0.00835935238727172, 0.007093911672749129, 0.004458343596132835, -0.0021731433587248903, -0.009626370286738609
0.02315503814777277, 0.009783901587075376, 0.013063678489966849, 0.00504275336233566, -0.010765844243202781, -0.015382586687025475, -0.014763557274811982, -0.02570315917550109, -0.023102152474918248, -0.004011431952966505, 0.0010971786655509302, -0.00034171339617565673, 0.009394431468823548, 0.01705424867918688, 0.015479214803889925
-0.0030988954145732077, -0.002267041683595135, -0.00031755087394143907, 0.0009863199289282996, 0.005908330419997934, 0.007105045153919774, 0.0036703892809424677, -0.00032151632834812277, -0.0036682203371020713, -0.003764981261028271, -0.004742796692836474, -0.0060942642668112635, -0.0038646908870116833, 0.0014935480990448534, 0.008976324862414418
0.007196660892330114, 0.004024515810242879, -0.004767457784862021, -0.01372363023283916, -0.009336080808886864, -0.004349938568851032, -0.005156372134166075, 0.007559741876742471, 0.00046860764821855653, 0.004582877008273583, 0.020719584661378933, 0.015706414625259544, 0.01131835311447283, -0.002419812582462106, -0.03182346352485136
0.019729787536850715, 0.009693224919447546, 0.00707158500165622, -0.00390221188879828, -0.0040553284169183535, -0.009681470968042503, -0.013081700416064362, -0.011454936619214146, -0.009154725217631577, -0.010859592771191058, -0.01237694778312915, 0.0007047798333095304, 0.009694825620730674, 0.005591159385630123, 0.02208155178336466
-0.0060445221597275455, -0.004278022712648348, 0.014636796136259015, 0.014956397027251541, 0.011359735036923373, -0.005226065859463817, 0.005253085352292888, -0.0067316789115032015, -0.01917230441042868, -0.0199156510152231, -0.0037477816548913225, -0.008762417479411623, -0.00848365825577584, 0.011467773601898117, 0.024688315304448483
0.00879438080969508, -0.0066121497547005975, -0.012042382217833797, -0.016769529995932352, -0.01097495075264767, -0.0016957083793197464, 0.008298193930332985, 0.00962650681923886, 0.02273761826971242, 0.018952652983781793, 0.02440266886198289, 0.001837874295594828, -0.017446239190713406, -0.01637097868281758, -0.0127379569963739
-0.006082193051130516, -0.005093401329563673, 0.0004667941602399699, 0.004366284553617834, 0.0025563370580952197, 0.007927098072519805, 0.006681776877424381, 0.006333782948739972, 0.007177959662726583, -0.004944150474479006, -0.014835495742815143, -0.012983903712915927, -0.009295260878129007, 0.0015735213555734316, 0.01615085050009575
0.007875037623523781, 0.0013788532705668877, 1.314994811177053e-05, 0.0012255232825828428, -0.0030587960743750056, 0.008726283451158627, -0.0039680987805897254, -0.006838505810224981, -0.01596607065174909, -0.004835807051235612, 0.0018852603302797293, 0.0005157690079356021, -0.0015287922542078503, 0.0037962611973231066, 0.010779932510900002
-0.0520484137332666, -0.0038721278562398615, 0.014637086071052666, 0.01570127335477796, 0.015988891314418968, 0.013305745773584688, 0.00874161858495014, 0.0076164444385129855, 0.0056673896354951635, 0.0027113446620510508, 0.003356744059743637, -0.001618898434815128, -0.008791973078584838, -0.010779666114569075, -0.010615458677111849
-0.005751597141464022, 0.0031358986052063475, 0.0005756186603637412, 0.004656653233043083, 0.003240780217753294, 0.009942115235104937, 0.005240047040298162, -0.008888123162351692, -0.020534574489977864, -0.008176915419638182, 0.003355745290116367, 0.0015003153662121519, 0.008708895031323917, 0.008785021861881619, -0.005789880327872003
0.005013018431895432, 0.005000838807622538, -0.0016372567601943893, -0.018337328132785474, -0.01908282597801016, -0.0035426304849074325, -0.0017731132635074988, 0.0037489284445131766, -0.006931562812883898, 0.011340374809754743, 0.04021770131236933, 0.025947762728578818, 0.02506625462902876, -0.007140230686655992, -0.05788993104481715
-0.021996479007473233, -0.001467479308613905, 0.0038847232344923874, 0.0008785954381462548, -0.0065526392783349, -0.016382409820309425, -0.00760904790824977, 0.004472182782437641, 0.05070970906073819, 0.03298027754140484, 0.020916221489017898, 0.0034798368035481695, -0.01413305035209352, -0.02171604429582691, -0.027464396378883937
-0.01839883795082949, -0.016518219541186208, -0.013042452863581858, -0.00948706398411857, -0.0067522816098364545, -0.0038219407066579694, 0.008441463338381104, 0.029188791604817226, 0.061975841796329964, 0.041745727693415065, 0.026857641191086714, -0.012404387189605027, -0.026936468504472906, -0.033673397378804634, -0.027174415894937062
0.46188616405442784, -0.13417160395841188, -0.11610621226523363, -0.10254877834705839, -0.0855759739019421, -0.06868058992178236, -0.05513425252870926, -0.04131798198442708, -0.025759049696837552, -0.009344663896740176, 0.00488856755136988, 0.021175929338461852, 0.03567599789525052, 0.050164169787297486, 0.0648482778743349
0.00054288033212682, -0.0008917062537254249, 0.0013622555268558156, 0.00400740475571034, 0.003957574861063851, 0.0038186257591235847, -0.005475353878167218, -0.0058850107807245314, -0.0009059404964202093, 0.00565326886718077, -0.009348798758893736, -0.009700998505897514, -0.005685893060679736, 0.00965713937847279, 0.008894552253974185
-0.004332993065910769, -0.002879699837783165, -0.003756433631098875, 0.0013412246079972851, -0.0010738876227786873, 0.006641993903228192, 0.0056305213787410735, 0.0058205362063012776, 0.005130950352453097, 0.0017452853784350293, -0.007554326953185986, -0.004153269531265804, -0.0012187755084137261, -0.0008027212596808655, -0.0005384044170380508
-0.0012418855263349163, 0.002906496833443752, 0.0003639688202789113, 0.01176517870232006, -0.011943570840108808, -0.01574898125974236, 0.005565132601045093, 0.005220749866038267, 0.0030088768466037287, 0.00732951168822212, -0.009767816688914535, -0.00021877467094847368, 0.005222057450318448, 0.0005102331803269532, -0.002971177002548238
0.004393890037395751, 0.0032080447245687294, 0.0010452001204821356, -0.0014181106000907121, -0.0025494678952930096, -0.003942005296796879, -0.0031366448191041266, -0.0020279840246930766, -0.0012410565728286044, -0.00012193600318087323, 0.00024252189742907248, 0.0008857318737160435, 0.0016123463123689614, 0.001303590179337948, 0.001745880066688574
-0.000818497434849983, -7.683031025455872e-05, 0.0034577183193504834, 0.009711031221943668, 0.00759499748385409, 0.0035798493503731523, 0.0009492168884412612, -0.008975895251334928, -0.014230547417097289, -0.012862112689261004, -0.011255972110359213, -0.004934795176588889, 0.006289383904883959, 0.008156061617862314, 0.013416391603036922
-0.0020053778621315107, -0.00015740605497807514, 0.0006017115062672423, 0.0005116858583392241, 0.0010761210658675505, 0.002438417304765489, 0.0010910264747957545, -0.0012851694010989215, -0.0024839362859562604, -0.0011603306130332637, 0.0011318930581415184, 0.0007462701721792235, -0.0002644934388172424, -0.0006986312151861292, 0.00045821943084539544
-0.0179983158864849, -0.00867688634542082, -0.003002464123222686, 0.0005798488198612837, 0.009261298160924882, 0.01204482368845182, 0.010368623722465477, 0.00941491911418025, 0.006749818580590885, 0.0028854109994825208, 0.002076133199594688, -0.0006554054759710238, -0.004282940075954226, -0.00814104372235778, -0.01062382065614026
-0.013724965389201777, -0.002521348721057741, 0.0075145892914668866, 0.0033069845180710863, 0.012109382171828135, 0.00284602238795382, -0.009296522597050461, -0.014167367328472113, -0.0005712783462100861, 0.01016500695708822, 0.009934566539909599, 0.011094137057237986, 0.005442706172075569, -0.0060925778916503005, -0.016039334821988827
0.00030166791617935437, 0.002301005548638791, 0.00510381944229295, 0.00287582188714696, 0.0015875667001204999, 0.0032887891121351413, 0.0045471423819551885, -0.0005227400842088763, -0.017749462451759984, -0.020000114393590115, -0.001652239420402959, 0.0011019358572868427, 0.0016600242550321442, 0.0012714237766517172, 0.015885359472522623
0.008948239700957332, 0.004843477842807057, -0.006445123192627872, -0.016637577125751736, -0.009786136590400271, -0.0052314614976694766, -0.00817545882486905, 0.00823723905503515, 0.0015610024909916698, 0.006758717402184622, 0.0245990760080142, 0.01935275232159121, 0.01389319056422161, -0.0025987685605036136, -0.03931916959398087
0.01682314719490791, 0.005238093791822551, -0.0016193788183059212, -0.006334659962182558, -0.006122095737247746, -0.008198647027158284, -0.005629008335978796, -0.0023218214378590324, -0.0028421802904773927, -0.0004127881492202939, -0.002224685893391764, 0.0009970226309628809, 0.002106612368638312, 0.0025995961833881927, 0.007940793482101893
0.17384666060654258, -0.049741535576666766, -0.044161492608808244, -0.03721924501898588, -0.032440872834041345, -0.025987819109498454, -0.022403256285578783, -0.017569488515087626, -0.008107894478760772, -0.0027038194926871147, 0.0023917516107212294, 0.007641752049652922, 0.011729886456651866, 0.018862319566613692, 0.02586305362993299
-0.0033493450130019807, -0.002962233179436997, -0.0006608459004983977, 0.001429226203819652, 0.005849190856064387, 0.012464777463651619, 0.0021754352961260003, -0.004803426711083233, -0.007903168718854532, -0.0066785162064486, 0.0007346137757324823, 0.0009888538474050529, -0.0018827611964271971, 0.0018262220468172163, 0.0027719774361342773
-0.02228647636798623, -0.010203558257548642, 0.0018246097175897127, 0.005693693133399292, 0.008805897618228642, 0.010805450749041757, 0.007300433674471498, 0.009119534225787672, 0.007565386479403737, 0.002832058185782336, -0.0020910261258395004, 0.0025100706549546947, 0.0010710742462459039, -0.008278122237808397, -0.014669025695722393
-0.03985289312945213, -0.009676550932105885, -0.01379667994062759, 0.020580879906216612, 0.011078400318045042, 0.020009928648564382, 0.025838724791061158, 0.031107694421924913, 0.031359564160494756, 0.0028211853326542643, -0.04211337399010591, -0.013367427582214037, -0.04214370277103047, -0.0018510014277524453, 0.020005252194327243
-0.009876189094146788, -0.003965088573151907, -0.007765204606273514, -0.00440050944692224, 0.0023124305865853986, 0.017153295334893938, 0.008981913295083679, 0.0032333947847876326, -0.00358630698685234, 0.0037171489847531566, 0.014763052323959702, 0.0065299709110581685, -0.005661025489299189, -0.004980149826692034, -0.01645673219778363
-0.08560100823115381, -0.05346023702232336, 0.029891529329532672, 0.03551540532816589, 0.03808079343242971, 0.03540245487730975, 0.030134986210704238, 0.021853776814999063, 0.01454809525265342, 0.008473550189473291, 0.00010120339544078376, -0.009688340974866283, -0.014242153099961052, -0.02196877656910594, -0.029041278933299056
0.04576774338691069, -0.005832548376100662, -0.01704391932978273, -0.015568481607524236, -0.013741749069488525, -0.002572718299803182, -0.003478292038900225, -0.003061829858037195, -0.00011654428928682273, -0.001498283812397221, 0.0007018310072510421, 0.003991608518497578, 0.004236745270823902, 0.005621196494859808, 0.0025952420029782524
-0.026511656966514866, -0.01603038292465518, -0.0035738191611204683, 0.0026005672590678273, 0.004362454923865101, 0.0036641876206698165, 0.013760502576790637, 0.008894864496942937, 0.016544941906389804, 0.026582235543186106, 0.029151046146687308, 0.01113277881195589, -0.006615875457915922, -0.024064143543234856, -0.039897701232114224
-0.42812204012454785, 0.12343929704789197, 0.104922082761073, 0.09286964589866702, 0.08100476128335683, 0.0677265358281112, 0.05165956931549965, 0.03752856551732692, 0.02365149652503935, 0.010821405315061221, -0.0027433539389588916, -0.018413166223397556, -0.03422004190417523, -0.04855935382015658, -0.06156540348079103
0.040501731742021936, 0.01639767432739176, 0.002109822563127084, -0.009483135064589072, -0.017732676160784114, -0.02586955748652551, -0.012339130303961315, -0.006341490481530184, -0.004311526573573947, -0.017234055891514277, -0.01795787609683939, -0.003911075454958879, 0.013524428799507576, 0.020614171149758026, 0.02203269493246983
-0.04770561170594022, -0.019393175109941027, 0.0018455375254000997, 0.008807849681756883, 0.017575755072021287, 0.022596826094838627, 0.022155445808022967, 0.013076142316619625, 0.011477818663293976, 0.012133309839759127, 0.014098638353084437, 0.0034863525208628267, -0.01140887075872622, -0.02051783538204368, -0.028228182919008478
0.10233052983651104, -0.005607687706350261, -0.02712546554703735, -0.027709340839126084, -0.01729644502373579, -0.010755234149640965, -0.01784989652227775, -0.01433720353061394, -0.02619286248818025, -0.015325190219675178, -0.008278325000439023, 0.0027147052824759775, 0.009578728211905002, 0.023096866500854827, 0.03275682119532969
-0.00044867629827950836, 0.00013145064626687272, -0.0027987054193866767, 0.00457905678078704, -0.005437727746341193, -0.006720299811596407, 0.0036728780729527438, 0.005381791569452131, 0.005590713620342885, 0.006368205306237606, -0.0067309396671171775, -0.0004870482462000724, -0.00043150738374954064, -0.0005455296622580586, -0.002123661761110641
0.0007509103086829073, 0.00017315204183406972, -1.828991629022268e-05, -0.00016805260026936015, -0.0003724974891751329, -0.00014505126005434936, -0.0002882817740150848, -0.0004207134660329225, -0.00044908863604532177, -9.185305252684337e-05, 0.00021522728686879181, 0.00033394224548725834, 0.00032766781129199156, 0.0002217469920192743, -6.881849177499446e-05
-0.001429662153351927, -0.0005142613276226699, -0.00015127198301659024, 0.0008922157737149058, 0.0013375504973532945, 0.0010048590755617928, 0.0007078883785246607, 0.00046188539672147873, 0.000531483347002615, -0.0005024771284314138, -0.001719646474790638, -0.0015066470709734052, -0.0009575762180160884, 2.3181340776244402e-05, 0.0018224785465477148
0.0003178721416551418, 4.557855402943868e-05, 5.104670437443467e-05, 0.00014009227630679897, 0.00012875699498377462, 0.00029245271665103616, -0.00020338764670177267, -0.0003932798524794329, -0.0003159518128458289, -0.0003613069879861826, -0.0003621662158765993, -0.00034870284453608017, -0.0004449735961304127, 0.0003510754702307463, 0.0011028940983247853
-0.003498821708418095, -0.0022900513438429216, -0.0021817645085792283, 0.0015017211416249667, 0.0027269369826658585, 0.0041917877730374125, 0.002783527795426504, 0.004357816118043348, 0.002048401010749739, -0.0022454329136179793, -0.0051278070126190975, -0.0035794521974644618, -0.0005624004114336365, 0.001959161928505035, -8.362265407746297e-05
0.008633553787698662, 0.003236316458403896, 0.005410625487472865, 0.002726056109650767, -0.004116332442350587, -0.007175276648039056, -0.004998651028118679, -0.009713136607261766, -0.010456153252922852, 0.0004374367305963762, 0.0006934938979101923, 0.00019701396587262256, 0.0029641344239275703, 0.007122438216216987, 0.0050384809009431444
-0.0002373743002893336, -0.001282856311289226, -0.00031860139467128346, 0.0035816709617110254, 0.006139040953417305, 0.005971855164008735, -0.00272836821982448, -0.006712985524168973, -0.0017227966529231482, 0.0046016102005956745, -0.011736428631956465, -0.008271676062414518, -0.005978572884968966, 0.009152564225137466, 0.009542918477635873
-0.009806909164782409, -0.006473191245731684, -0.0027003420086702083, -0.0030232273764027894, 0.004156694507863359, 0.010033133889261666, 0.00650735585321141, 0.0063386770459321565, 0.004868614478241842, 0.004114351448659819, 0.00223069822828708, 0.003203039069140776, -0.002015338381765464, -0.005471593953055277, -0.011961962390190175
0.010146973052666732, 0.0023042741162120836, 0.005884126708335189, 0.002991892782017662, -0.006238172185285384, -0.005877015625402365, -0.003934613198524492, -0.01095676465327389, -0.012117594614851512, 0.0014167998241477742, 0.0007833940353621296, -0.0016893237129798275, 0.0035873846377989134, 0.008296787582543881, 0.00540185125123311
0.00198400036329522, 0.0005789133482782746, -0.0010844129522187551, -0.0015988957808886761, -0.0016346818818305103, -0.0041732707205051275, 0.002804675439171969, 0.0028569589906884685, 0.0004945705878494286, -0.0006128497607871264, 0.0017442617761145099, 0.0003330349022056048, 0.0002805568871989683, -0.001671371051322014, -0.0003014901472494294
0.0019637901317184825, 0.0007120494457224628, -4.752681099128616e-05, -0.0006072104962785866, -0.0017081223818565365, -0.003147907080833265, 0.00019556838219271668, 0.0006941986867896408, 0.000286196916413484, 0.0002492687253138764, 0.0010178395249896156, 0.0005313243134528734, 0.0005991767431838015, -0.0003388274182324286, -0.00039981868158514653
-0.0036872984052601747, -0.002438734698727866, -0.001607829579456401, 0.0004738771334041477, 0.0009426250588383576, 0.0016599554684564807, 0.002521679650625385, 0.0024579181375654667, 0.0030600939730808883, 0.0027217171236246914, 0.0013137759750751106, 0.0006381695249298008, -0.000264713441727067, -0.002947013777561886, -0.004844222142866933
0.5345594877367578, 0.47939065599915, -0.27161325715134044, -0.30411525658531874, -0.2614564655690427, -0.21863200211028977, -0.17450136113921477, -0.13028788010263417, -0.0855943781669789, -0.040214546899035676, 0.0038982814995161008, 0.04971007049038859, 0.09496910701828476, 0.138971728457475, 0.1849158165222828
-0.019328116175059952, -0.0074126475053112465, 0.0011800595818925088, 0.006890334530290005, 0.011158735363950536, -0.0007178903837460671, 0.011284695972684458, 0.017575156432878235, 0.016556298830462737, -0.0028652225783640907, -0.01204589143078236, -0.01682760894025604, -0.006612918216773629, -0.014545804906936565, 0.01571081942507189
0.006886608312479012, -0.0001846281112064703, -0.00693701738040838, -0.003516043358686138, 0.0005329071170738584, 0.0040694846152139336, 0.004802806129429581, -0.001997632631606159, -0.002897698191495629, -0.005151802345916768, -0.003930631321061516, 0.0030841396617431894, 0.0030548697250725072, 0.005020448986995035, -0.0028358112076264166
-0.014223919489982133, -0.006975137707314269, 0.001221154859148539, 0.005279926149609052, 0.008234704709598265, 0.0008669353461221024, 0.008860842265574577, 0.015488955068304847, 0.010842062889463197, -0.003648910039752838, -0.009617307892891488, -0.0141174021982138, -0.00524417103089915, -0.007878318624465662, 0.01091058569569911
-0.00044359756970428765, 0.0017576390815487346, -0.0006502917321650424, 0.005719079900229082, -0.001220920455562912, 0.0028244146385111254, -0.003802529422649485, -0.004993869006217236, -0.006090217705975849, 0.00043386297191901394, 0.003299571636743568, -0.00010774453649408646, 0.0005562689949784444, 0.0008058714817466648, 0.0019124617230926759
0.0028464628938019406, 0.0011700110792435127, 0.0007983444383814253, -0.00048488955690127207, 0.0002542134942926848, -0.001705360390462264, -0.003261665050285198, -0.003660716849874773, -0.005849178823598976, 0.0016308750189940437, 0.005132772564881481, 0.002438992448085404, 0.0019075559853235597, 0.0004949925167756456, -0.0017124097686573986
0.010151434034744635, 0.004452620332385978, 0.0012669130826403743, -0.0014277211817216922, -0.0023639494307416335, -0.0020453097846841926, -0.004358187170417383, -0.00688126594800889, -0.010261141893764099, -0.0030766272837895654, -0.0017027518665229347, 0.00033489825874794595, 0.001169686911613817, 0.005996403216941686, 0.00874499872257627
-0.014516180559715538, -0.0028748304605083876, 0.008119921547638114, 0.003819548036224015, 0.004769344809044765, 0.012730013875566637, -0.009818055679758467, -0.00024032567385984596, 0.0032598566919352966, 0.0026050105644434087, -0.00923568526850298, 0.0011167401200183479, 0.01197249366547113, -0.0038282705537700137, -0.007879581114226514
-0.012143237637921337, -0.010444035328510841, -0.007665664915911704, 0.001783503894332481, 0.007146784437153067, 0.0037110732465275654, 0.006297539077814871, 0.009503965883197999, 0.011795249955102751, 0.012985934405284201, 0.004014146934183769, 0.0018493833679194215, 0.00296754314715359, -0.006869350932199328, -0.024932835534126563
0.007067747196047903, 0.0030476013539980406, 0.003550436206987287, 0.0010318869351015076, -0.00202754012464207, -0.004124135642388482, -0.005284840339796505, -0.0022451848877531396, -0.0008701229040957421, -0.005685083802169233, -0.007157868464188454, -0.00712159292681106, 0.0002455872989890243, 0.006015604318582656, 0.013557505782138454
0.001669337347723194, 0.00016153727729993086, -0.0013019909417420292, -0.0016307059558847681, -0.0025280772250601525, -0.003188682761573217, -0.002025892250773769, 0.001498064380174695, 0.0033687711416188894, 0.0045874704660957685, 0.0072588360808409896, 0.0010799361425665552, -0.002669472895202964, -0.002295632348509671, -0.003983498457573534
0.0005020241932242127, -0.0002561409250398048, -0.0009205170861625587, -0.00038874553062252944, -0.0013418239635894311, -0.0021968581507548846, -0.003176830766133259, -0.0005670974729044302, 0.0027003368585918597, 0.0038025413764394013, 0.005523650901424688, 0.0037826303240886274, 0.00325989137594865, -0.0009788147403499308, -0.009744246394160924
-0.0014184007955361402, -0.0010367434600764033, -0.0001181016171153758, -0.001042378074607925, -0.0014302798002973898, 0.003812416474696565, 0.002689776652968357, 0.0026103900799423095, 0.003916037729651345, -0.0013239120658045252, -0.0034509405469915896, -0.0036292638984808763, -0.0027829295173550346, -0.0002004928388334164, 0.0034048216778401388
0.00273395548908261, 9.741336193502467e-05, 0.0011810585442721061, 0.001950177764116982, 0.0026588271649215134, 0.003824017017665663, 0.0015710331176887415, -0.00860483347160211, -0.010935151676078706, -0.00563751480098783, -0.0018348929606471658, -4.3375083215437156e-05, 0.004237380035329386, 0.004288157145621971, 0.004513748351897201
0.00198074092064092, -0.003166090991945388, -0.004944562143161421, -0.003908394639621993, -0.0003239604426287382, -0.008817964717310795, -0.005320258312770929, 0.00959312860443117, 0.017592198398127073, 0.010702686012624491, 0.0073163659797783175, -0.0013495936896959207, -0.0020561623065120443, -0.006403628775554103, -0.010894503896400298
-0.013829309045922777, -0.0068646112612374835, -0.005814953480603835, -0.003612079230670876, 0.002426659905530165, 0.007979261496212203, 0.010958119627883546, 0.010333524521262735, 0.011643331709339365, 0.011941887784550157, 0.004888052563499728, 0.001357420588743378, -0.0032141165251109442, -0.010482662998280996, -0.01771052565519433
0.024640414809922746, 0.0027309741606225046, -0.0024570569575188446, -0.00923290106469568, -0.010717201301278234, -0.008792252243385042, -0.011106218737670665, -0.006133870746057484, 0.004163961273877688, 0.003686739144890922, 0.002667709276374787, 0.0026209586532807746, 0.002493630407213586, 0.0017288148543951705, 0.003706298470027991
0.028867169857032353, 0.016223351374864227, 0.000531124101081382, -0.008898783389735855, -0.012629048915751472, -0.018050183470516633, -0.018798398997014264, -0.014482513579916327, -0.009914935744549018, -0.007360106500095842, 0.011142150758133709, 0.012839713954157998, 0.011707935703131833, 0.006762640296625804, 0.0020598845525524106
-0.005525693794926066, -0.0062795687549986635, -0.0019926232736388085, 0.0006579267097498317, 0.0030226466475716616, 0.009843013889953157, 0.009415818355637179, 0.010196909606179487, 0.005431866378825854, -0.004361459234596756, -0.015494519583079054, -0.010129797014438707, -0.005173402641906789, 0.002080259406190015, 0.008308623303477538
0.08568049776428227, -0.0022023065318419696, -0.022629239836747368, -0.022796281000308494, -0.021963484217144384, -0.022442697899915022, -0.015401221205950676, -0.010227908787702855, -0.010113434957170028, -0.003709683571978344, 0.00022684288728553324, 0.004815290350612006, 0.009759996524138247, 0.01219303164421472, 0.018810598838226014
-0.0385319731061977, -0.011605860913673181, -0.02963384305446548, -0.012294739491581046, 0.0234716165905242, 0.014536575976190024, 0.025517049456910832, 0.04293601071217633, 0.04230686964697555, 0.011947073651773353, 0.017379257035213126, -0.004973503035833951, -0.003937985596754064, -0.0493588878865388, -0.02775765998471913
-0.10019463593971775, 0.01580885344894601, 0.02775897990126156, 0.027792871860634172, 0.021819314216916706, 0.016121482749105315, 0.01337200885946554, 0.008844480724735308, 0.005535014336415155, 0.003429122051801961, 0.0012489985320389497, -0.0007978335522344391, -0.006207008308715947, -0.01433763695387135, -0.020194011926781115
0.04769380936621378, 0.010260554847569124, -0.011222230013552697, -0.015789641625992286, -0.014297456728678186, -0.014208525966715221, -0.01658064318548734, -0.012123780824112255, -0.00861238719470285, -0.0030728922510187967, 0.0011050762742189028, 0.008115886181820237, 0.01049421052013298, 0.012897585883766601, 0.005340434716537787
-0.008556973886403724, -0.006677355253922962, 0.004143293816634214, 0.00926570091157831, 0.013291242830219943, 0.00530794806700095, 0.006271746745467984, 0.0005669711064620266, -0.0004973419702191016, -0.011708766962675098, -0.02488466522071583, -0.01052885228253949, 0.0014061173115777086, 0.009975154011507916, 0.012625780776026971
-0.5298328248527313, 0.15150993761331746, 0.13094147747068152, 0.11549888480698756, 0.09691792579486153, 0.08352207705805884, 0.06197076501649794, 0.048281569757010055, 0.033743631421908886, 0.015922423964532195, -0.005119400432968893, -0.020959343924236574, -0.043269009941912615, -0.06055041842782945, -0.07857769532417672
-0.04619024308180215, 0.008499037583198976, 0.01713927334050643, 0.011806387647137758, 0.009812640195456527, 0.008924749732948338, 0.007157681298479987, 0.0035912806906159365, 0.0006785780726488791, -0.00223116953947413, -0.005646742976247848, -0.0065303689227954225, -0.004656784254913584, -0.0016391679695181044, -0.0007151518162415201
-0.0006117113397893433, 1.3981204668021514e-05, 0.0001937891993961768, 0.0002134573898113586, 0.00015812308617735014, 0.000148915004204582, 7.815410788070626e-05, 6.558450938822313e-05, 2.2853638698267685e-05, 1.0400367652304355e-05, -4.043645358389488e-05, -3.7555059121881736e-05, -7.942919767744393e-05, -5.2943196085188266e-05, -8.31832616191929e-05
-0.0020035086592374014, 0.00013707743658791438, 0.000569039411123284, 0.0007507351348241282, 0.00044320564063797367, 0.00022415781119590003, 0.00025026686843720346, 0.0002880880803895929, 0.00028016497308902094, 4.707863104355918e-05, -5.572689129384985e-05, -6.830326861392175e-05, -0.0002025761622958082, -0.00037108637837477456, -0.00028861262751281167
-0.004043683972218253, -4.0918681933372825e-05, -0.003941195088498734, -0.0007938333014868774, 0.0021420413677528424, 0.003242962134345253, 0.006993326835187006, -0.0012671741992879863, 9.986842883851846e-05, 0.005655188107804627, 0.0012198636556717015, -0.0043438701120987475, -0.0022479604593330376, -0.000740516798364943, -0.0019340979163780315
-0.00029604863643633124, -0.00021721379600576595, -7.469326090902015e-05, 8.36074006061388e-05, -0.00019902690574586762, -0.00021747066495188513, 0.00010040381644523079, 0.0003147697531191937, 0.00048074743501649484, 0.00048387114850589793, 0.0004879256811775362, 0.0003744815923255251, -5.5269980510024575e-05, -0.0003824636722412988, -0.0008836199103958123
0.0010420866933936596, 0.0009147486559097305, -0.000635102381261028, -0.00031295179225216037, -0.0024466692134006932, -0.0031250176555961628, -0.003255685287319741, 0.0009378611893642214, 0.0028038528446298135, 0.00395324964111715, 0.004636536878838538, 0.0013476798964912706, 0.00016577157508921466, -0.002855038565420147, -0.003171322479583416
0.0008186210986701488, 0.0007642948667107417, 0.0014442381949542485, 0.0019657698799788394, -3.2385643036589304e-05, -0.0020864271308384855, -0.0009353441190522921, -0.00042515409315097425, -0.004102249903848702, -0.0007804106142825247, -0.00024339837129796807, -0.00041657047753978447, -0.0007513181647824487, 0.0014511702864272507, 0.0033291641910883868
0.0003576100476143429, 0.0007377305192949722, 0.00018208752926475796, 0.0011872165143587655, 0.0005715807903099724, -0.0002904208766644106, 0.0006225987257473463, -0.0005209442203459119, -0.0036801920487194374, -0.0017760574065986284, -0.0016876728290197544, -0.00016822134859425692, 0.0008339334633443943, 0.0022712580572472256, 0.0013594930827607382
-0.0005118972497246334, 8.07667886043272e-05, 0.0004122896479680419, 0.000617293846459926, 1.0002780065648071e-05, -0.0007133208961688821, -9.492170255789911e-05, -3.119529350070423e-05, 1.0797431954443372e-05, -0.0001279479566717326, -4.0883530409570826e-05, 0.0004540936744539924, 0.0005316679883560579, -1.0641589359263771e-05, -0.0005861039394697465