
0.00467435035795811, 0.0005804873144959355, -0.0008461211796813548, -0.001262264183858493, -0.001265184923187041, -0.0014820606594781957, -0.0011704207493574866, -0.0008277697415688042, -0.00046877535175070083, -0.000319908555228847, -0.0009500383497367402, -0.0004968349877031387, 0.0004237603325933073, 0.0010546020152928804, 0.002356178661210571
-7.987361702946071e-19, 2.916175799861994e-18, 2.0849178220666143e-18, 2.7701674614252442e-18, 2.7549751415905053e-19, 2.6019436587648984e-19, -3.3244496992140557e-18, -9.753233014061261e-18, 1.3037482142668006e-17, 9.987026005202202e-18, 5.578776470711271e-18, 7.882297194417265e-18, -2.2571535483702977e-18, -5.414311060837034e-18, -5.812204569298331e-18
-0.0006328776052296457, -0.00022158016677311347, -0.002634882725330486, 0.004607106691963567, -0.00540579777559334, -0.006570537710584473, 0.003756800180331369, 0.005585896667673013, 0.0058293597064431315, 0.006549437977952956, -0.006744984674481068, -0.0007951069483710351, -0.00039827256463169527, -0.0008431566876591107, -0.0020814043657100805
0.03814350024813147, 0.01283648474197622, -0.00868694563477755, -0.014542036892682983, -0.017157268903711234, -0.013193036399923233, -0.010455379455808414, -0.007762793121352868, -0.0054439261837141905, -0.002842199358749985, -0.0009421396351129281, 0.004697267633512939, 0.009484542487815032, 0.009197277009989461, 0.006666653464408357
-0.02217788394280136, -0.006227706129801247, -0.007253679248121814, -0.009768715379397106, 0.011429123161787687, 0.013289952154193943, 0.025144339795709583, 0.004976502655834438, 0.00475754897390922, 0.009971330600147465, 0.006683989174434447, 0.005186684473587704, 0.00417297520700823, -0.012984370301387453, -0.02720009119510413
0.0016853972969126069, -0.0015012727496401315, 0.002025066046867957, -0.0057342358966398195, -0.006191945466837559, 0.00020865319637017272, 0.0015913115097981345, 0.003681564139277183, 0.0007785141558941668, 0.005521776634341213, 0.0011685342727943946, 0.003983660938612776, 0.005365070361574413, -0.003398308000349098, -0.009183786438976356
9.587234757949206e-05, 1.2298746551779538e-05, -7.845899915669351e-06, -1.6297970812262577e-05, -4.370507252238606e-05, -3.427153808050146e-05, -3.41285234309248e-05, -2.6038168816243503e-05, -1.0134906035569697e-05, -9.958486998303736e-06, 1.8425057288167148e-06, 6.6561040024141386e-06, 1.7817955428267886e-05, 1.9749469171632297e-05, 2.8143438149365695e-05
0.011658224035852862, -0.0018434266596856009, -0.003018995148030717, -0.003530120012590934, -0.0033973395734480404, -0.0022978860384685893, -0.0008575977207357462, -0.0006848973145804708, -0.0005639452335798553, -0.00025828706629126214, 0.0003831088795596065, 0.0006005360034794908, 0.0010587044391424268, 0.0013417593634596355, 0.0014101620459168274
0.005456801848091146, 0.0046721997094713395, 0.0038033052862913534, 0.0015959383085162786, -0.0015350344215417015, -0.00027155658848491114, -0.0023695847585140308, -0.01096035785697327, -0.011791162195569353, -0.0020938513365122862, -0.0019904382592154913, -0.0009099625182716176, -0.0007184530412069831, 0.006489506183196889, 0.010622649640722777
-0.0015080398449556257, -0.001862956658311254, 0.004127164194384072, 0.003632384890307532, 0.004991158808348958, -0.00511694709114555, 0.002106529951580154, 0.021198216808649847, 0.012494845450011123, -0.02226729370277763, -0.028598220897295818, -0.019862808026426173, -0.006225484100733316, 0.009549640408813774, 0.027341809809549956
0.02541524686125261, 0.0063952895574191475, -0.008183065680871224, -0.0012128248764494772, -0.012236744226452396, -0.006906450588823157, -0.007283071783615803, 0.00913969675850121, -0.010490769311506635, -0.013999347680267674, -0.009314927648004522, 0.0024882969346421797, -0.00188854843590997, 0.01791110696105467, 0.010166113159031206
-0.04202401034275981, -0.02336198111318428, 0.03105664355028529, 0.016398723587077318, 0.02306554486536318, 0.040471005042431944, 0.04874685274206357, 0.03242714426526353, -0.023296507806952707, -0.07515910246254537, -0.04788245225455179, -0.0651354689151735, 0.003114985463170711, 0.023397695371716314, 0.05818092800779558
-8.919117203713822e-07, -1.887283662182394e-07, 4.6792752504454106e-08, 2.2050138516616244e-07, 3.7099410579903416e-07, 2.8910295402008843e-07, 2.923457453522493e-07, 2.7410723842390743e-07, 3.186797614968011e-07, 1.1283278585104475e-07, -1.1995472909221647e-08, -1.458657201224294e-07, -2.214605176088958e-07, -1.6392210674298503e-07, -3.014728244991047e-07
0.0005546527376329455, 0.0005817268770809302, -0.0016334392549333995, 0.0034956373695291996, -0.0038772364114642347, -0.0054319101929795515, 0.0014960295597027217, 0.0019361141759483723, 0.0036978645777392335, 0.004326017984293575, -0.0045031652887588015, 0.0006529699836962101, 0.00012025376925075004, -4.384131479415737e-05, -0.0013716745719438237
0.00459457492485585, -8.859456237778544e-05, -0.00046984930165848107, -0.001333587036719895, -0.001444734717026709, -0.0014185143783612445, -0.0009897245861834026, -0.000700518641773357, -0.0005073120141127112, -0.0004351122666141245, -0.00015731638225823674, 0.000267689331280371, 0.0006033401052053592, 0.0010096838866765021, 0.001069975639067803
0.0013258328230822008, 0.00039870726488868536, -9.397837586582269e-05, -0.000538133266542147, -0.0005091330879385691, -0.0006318290658305078, -0.0003859648326146108, -0.00027853442398792207, -0.0002124502776882603, -0.00011949784141819137, -4.570685307913247e-05, 0.00010760137338724039, 0.0002478631233595081, 0.00035409249499878477, 0.00038113094524876894
0.00684248561241409, 0.0012463870463372453, 0.0045774421590090856, 0.0024037125652517865, 0.001642846968005419, -0.0025020816505760242, -0.0035579415615325533, -0.002403601596523544, -0.0076419157085760026, -0.013694751271084587, -0.010877741065017517, -0.0027790187155709205, 0.0073470201444346935, 0.00949026526578829, 0.009906891807640657
0.006015900802753183, 0.005004500319970348, 0.0024284311199766887, -0.0005401197932888493, 0.0015096399907362627, 0.0006123367423136486, -0.00616847458426091, -0.01312656091916916, -0.013880798454389743, 0.00012157504160828503, 0.000296797985043017, 0.004162913509074861, 0.006582413821751116, 0.003981476815782494, 0.0029999676020988327
0.009832847706978353, 0.004854158663059286, 0.0011524191316588744, -0.004116701645126657, -0.005271080146154197, -0.0041676991021689395, -0.004984247023610035, -0.0031904391231337907, -0.002318420949317374, -0.0019440344086276895, -0.0006130311577409223, 0.0008468933873994641, 0.0018248711782076342, 0.003010301282291288, 0.005084162206284743
0.0008899807194913804, 0.00031570217817304615, -0.0022970727865109404, -0.0005500982124302594, 0.00044286582780805753, 0.0001997266247284422, 0.0013086245087238772, 0.001172002821321939, 4.941902245059788e-07, 5.761970897349614e-05, -0.0008095999003292125, 0.0004539219981585031, -0.002607026800778376, -0.0010474948117619113, 0.0024703539342075228
0.015842431810598318, 0.00652412417041069, 0.0008664283207801165, -0.0006572579817243563, -0.001605416286300951, -0.010600582703721485, -0.00991411401087203, 0.0034394999754681155, -0.004747323266894936, -0.014789784908112603, -0.012361798408698893, -0.005874181163103792, 0.007607750654836502, 0.011207957797460585, 0.015062265999874803
0.008402692116291046, -0.00624470933728216, 0.003509914127999359, 0.009037430805666966, 0.004418956009328455, -0.008941629872309927, -0.015121120227523089, 0.0012067222005731114, -0.006941626185939507, 0.008915897498978892, -0.0008063781548565315, -0.009963942915302984, -0.0011748941084895584, 0.003357237734998789, 0.010345450307867123
0.00028192857651293524, -0.00036558684893768484, 0.0016373100027807217, 0.0018634568487860131, 0.004256337771701793, 0.00331426919616122, 0.004225897744210043, -0.00021226894580931365, -0.006072535721314614, -0.01376929872691905, -0.009177808845104083, -0.0015822952043807912, -0.00162677716758333, 0.005940167070720873, 0.011287204249175661
-0.10361953894365851, -0.04615546268158531, -0.028651873513895115, 0.003559652734142834, 0.037983283267021994, 0.08823391101611446, 0.15027989004828934, 0.22655459754543988, -0.021421469745444583, -0.16675714386633647, -0.12249408395417538, -0.05123331330621036, 7.943427226891764e-05, -0.0008665278615011672, 0.03450864498952956
-0.005640666942540627, -0.0006603314969560169, -0.003909095982878528, -0.001122454545405513, 0.002068057617887976, 0.0034870447718074486, 0.008804200661663904, -0.0007314312950782776, 0.0020141623051345182, 0.006902367357057716, 0.001459534170868243, -0.005550167768104705, -0.002668411993073042, -0.0010153869120189175, -0.0034374199483642315
-0.011800704371681087, 0.0017272901899350538, 0.0034902891639456415, 0.003275654652852836, 0.0027847893276266196, 0.0016885552171296164, 0.00157114097645017, 0.0010965241804547256, 0.0007019087505060579, 0.0005184399139851689, 4.369701396436318e-07, -0.0005791627436198491, -0.0008638273626554553, -0.001790526716916805, -0.0018208081481523321
-0.006146478647115564, -0.002796271192213691, -0.0011076081735171476, 0.000503249823986766, 0.0018641917261686361, 0.0036571310837398225, 0.005971677545002843, 0.003839659653099725, 0.0023889571755876565, -0.0008888029342973431, 9.060054668696789e-05, -0.0004985028255584157, -0.0013133554132047547, -0.0021792696360203928, -0.003385178732345068
-0.026603823274418303, -0.014566693011638815, 0.0033786358516984796, 0.008835187449168998, 0.010545630726587419, 0.018636821089559972, 0.014190531078726188, 0.004657816590270614, 0.00045718299217423555, 0.004103018632952268, 0.00043433449612960244, 0.0013059555595236146, -0.007222962715234507, -0.009694289352123903, -0.008457346113375766
-0.03029825208843533, -0.012652677772457818, -0.005623529091000165, 0.004228031866743108, 0.010544605044388183, 0.012448918912839255, 0.015205349623360292, 0.020432493790740365, 0.01465591048330997, 0.012972539445631195, 0.0024110687681697827, 7.616852996922656e-05, -0.00994421754994404, -0.015304741034340402, -0.019151668928973617
0.000765806006756877, -7.587657176156962e-06, -0.0001350410968358018, -0.0002024286074933889, -0.0002870065919252932, -0.0002077084203567146, -0.00012882952821456156, -9.386102600678447e-05, -0.00010933432333614422, -4.7683476574730204e-05, 1.6214446885303008e-05, 9.543820071723286e-05, 5.623658129688755e-05, 8.244617398141436e-05, 0.00020333931828180317
-0.014727759325670036, 0.0013913313440713014, 0.0030330378264673127, 0.004053958119256401, 0.004203338224119675, 0.0028502864000752915, 0.0026143645410678963, 0.002000869918966026, 0.001388532238289423, 0.00032736135770650084, 0.0002301793291310409, -0.0005974047858104733, -0.0011497149231940015, -0.002292709077127919, -0.003325671187348416
-0.006258667518001521, -0.0019137736591548413, 0.0012252447970058176, 0.0022374022322223307, 0.002370004778405408, 0.0016696162840002095, 0.001850900828179867, 0.0018096140328100825, 0.0012159791796174165, 0.0013410280289830156, -0.00025152984165684487, -0.0004860314463272771, -0.0013177194152776562, -0.001916421179101923, -0.0015756471017041073
-0.037739983285346466, -0.015295068422292293, 0.0005763373853155086, 0.011125894168337706, 0.019306662798684555, 0.0024390971760747614, 0.021080185709782883, 0.03590591806965419, 0.02368519005080587, 5.391550863802292e-05, -0.014438621457882638, -0.029250194616925573, -0.008569249341761856, -0.0168437932104049, 0.007963709467320291
0.01609080959908704, 0.003238103094748399, -0.0010325072771852357, -0.0009530399694824087, -0.005731680930808463, -0.003189569920120998, -0.0039658857933236955, -0.0028642934900184967, -0.006101145927317712, -0.01274044904625701, -0.0052676052316693225, -0.0011303181954337965, 0.004456860088111296, 0.009163707869420147, 0.010027015130250045
0.004739979172885459, 0.006769579757436186, 0.008259952772967117, 0.005032384802295613, 0.00021516779920831652, -0.0007880277526350365, -0.00034185066950908076, -0.0013114115078540222, -0.021224067464609402, -0.03156439698054801, -0.006602610198032695, -0.0014102274674466012, 0.00656025040264173, 0.010702358404344825, 0.02096291892885591
-0.04421389414088411, -0.010238963120370393, 0.04892940727106629, 0.02582467361089454, 0.02137992541846711, 0.013940491502825076, -0.010291956136331586, -0.01496772928914307, -0.016904876545174835, -0.025102579033439872, -0.01672285157873973, -0.006607221499364866, 0.01335699461154892, 0.015664053997318215, 0.005954524931328249
-0.0014133163370317879, -0.0010336306405836684, -0.0003349866693144873, -0.00038181279046934247, -0.00045347919239272, 0.0015230721144069172, 0.002518820677956211, 0.0021391175685113164, 0.0008264851228431464, -0.00042934329785568597, -0.00047951825095643766, -0.0005166505408550873, -0.00088004164219935, -0.0004379240729854505, -0.0006467920490735849
-0.004687795617425847, -0.012215157127828674, -0.01067261064794133, -0.011716810154285143, -0.002774724539243418, 0.0010923115453198133, 0.012194053228094656, 0.016119473698002682, 0.030216662326246733, 0.030369812825539126, 0.016386903972532358, -0.007305291432863382, -0.03361118780221942, -0.020648283520330026, -0.002747356753598206
-0.0243303803985487, -0.012555589790799397, -0.006274128915811351, 0.009427709355077606, 0.011342437166688273, 0.010655676662035669, 0.01905427981719443, 0.024822392952761237, 0.022733124781558256, -0.00774853085138861, -0.016468000083878113, -0.017183362660365197, -0.018208475109277165, -0.0039007697853748677, 0.00863361686012802
-0.010327534962225585, 0.00012194464010763992, 0.00597818071480092, 0.004110222596484642, 0.005284768271488837, 0.001013498286227441, -0.005880470806464378, -0.009678163659408098, 2.995486810150682e-06, 0.007083336690451549, 0.005602018951511024, 0.005619741151604796, 0.0034573061436213746, -0.0027452311337660077, -0.009642612371244206
-0.0656165278799776, 0.011212810940775182, 0.01689836635524527, 0.019565461321612788, 0.016458607809930904, 0.012217913638500295, 0.007001362749560567, 0.005691901046161411, 0.0011336314487677944, 0.0003937114773040777, 0.0005528765023412804, -0.002283626111893864, -0.005638180303308934, -0.00839174602269348, -0.00919656297232564
-0.025537153503343575, 0.0017858894874790575, -0.023025550362493694, -0.012697229891876435, 0.015073931948360162, 0.014509676409716966, 0.007634503146674835, 0.01778642436578335, 0.032135639977505764, 0.02642469644750062, -0.005410281438233346, 0.004878290013000362, -0.00562854669021417, -0.023301657042964476, -0.02462863286689522
0.040904483822901364, -0.004331142198324686, -0.012763085883373772, -0.015099369965442382, -0.022166232571888447, -0.008508728689938374, 0.00608263495740769, 0.011841093982265134, 0.017411959231891823, 0.006908810580984419, -0.021700484930823674, -0.019620559668064762, -0.02064425756545472, 0.01752064723328932, 0.024164231664570834
0.041395133904030955, 0.006710277602223005, -0.02043888755276828, -0.041579944690831566, -0.039726391207150845, -0.029400097065033222, 0.035437160825099484, 0.05906391524751705, 0.018692107697571403, -0.011997194516137615, -0.024369857791201613, -0.002663782060928935, 0.028479877401631475, -0.0028549999899853498, -0.016747317804036127
0.016718434511201728, 0.002833333632691837, 0.004431076482168154, -0.0007278188759674617, -0.003168862744703047, -0.005111867412375209, -0.00954852916410406, -0.003657078313102583, -0.010327739596705824, -0.004556474402638455, -0.012534270887748706, -0.0074883269097967145, 0.004437099346722718, 0.012101560311131172, 0.016599464023226488
-0.004375394276573941, 0.00025136022874189864, 0.0011681679519140629, 0.001414106743890277, 0.0012786868422735938, 0.0007335404364313789, 0.0005654092002171802, 0.0004735220097337368, 0.0002832976953475283, 6.48062790760213e-05, 0.00013947587367119275, -3.098676539963073e-05, -0.0003183220762274702, -0.0006641293413593103, -0.000983540801736496
-0.009728046277058925, 0.0010550693736548005, 0.008125487203966912, 0.0017965472434933174, 0.009767021872684644, 0.002250477568410339, -0.008786528992806554, -0.014636924172540863, -0.005083576632251792, 0.0053726318789416635, 0.006076672931077545, 0.009526491415601107, 0.006367564211367395, -0.001947929792063818, -0.010154957832475792
-0.013230596927435926, -0.006504578531042084, 0.00031402586941385835, 0.005214589128138554, 0.008091521302051272, 0.0019632344252383267, 0.007953286651803523, 0.012761567936541832, 0.009015718821408348, -0.0029931520259848634, -0.007940019136693222, -0.01127342568067741, -0.004414495366989596, -0.007601713048458355, 0.008644036582686043
-0.042908235721016666, -0.021816209753116756, 0.001737794759483348, 0.014700105233135906, 0.02359537003893842, -0.0038514708784251304, 0.02070623132666275, 0.0437690620753347, 0.032209379175123676, -0.0012923239265509067, -0.019983014279153475, -0.03179292191787727, 0.0020579756639530684, 0.012847800706605756, -0.029979542503097378
-0.010551155002913619, -0.006260373328096152, 0.0006842162681870316, 0.00332517314432926, 0.004483009215198415, 0.005761090686465297, 0.005705314237147065, 0.004504302989785505, 0.0029186479450409785, 0.0008925458705700567, -0.0009104763369096788, -0.0006755268635631581, -0.0018336270811562248, -0.002177896578127445, -0.005865245165957253
0.010305311849094239, 0.004791837721437427, 0.0030416510528336717, -0.0023129446649398176, -0.00338116844280891, -0.006808945155587602, -0.006995958918686038, -0.006206118501057969, -0.007106785456442886, -0.0037541615985499164, 0.00043062710661625136, 0.005631347726538682, 0.007999764055763622, 0.003672455113396186, 0.0006930881123927669
-0.008957236494508008, -0.005273927480823932, -0.0072656236458624665, -0.002610934093920995, 0.0039014053141876058, 0.002216766234272877, 0.0047880185677954155, 0.013128244934512777, 0.01379311169387679, 0.010157136302987136, 0.0031527874394601013, -0.0016194849473960377, -0.006303865051008996, -0.00798600186881108, -0.011120396904761107
0.012054258219773102, 0.0036813071755309973, -0.0008586720344088817, -0.005731485025571518, -0.008188502557781781, -0.005984066600932889, -0.0058283592363635485, -0.003220970052566722, -0.004482661480051827, 0.002255571604475771, 0.007176244930274184, 0.009590177324833216, 0.011322572950547626, -0.0028534661582042906, -0.008931949059553546
-0.013064668495206752, -0.004320245560582119, -0.0018029681966390257, 0.004733689328950058, 0.009914612752174241, 0.0030917551618534164, 0.005634103418988231, 0.009891507025880245, 0.01616425956657183, -0.007414585357224279, -0.010765285013921377, -0.00909083841823931, -0.010066677155955012, -0.0020973345408091745, 0.00919267548415872
0.014148625067216954, 0.0028873315554271612, -0.0015976621783392866, -0.004451488331743315, -0.007416355731366804, -0.008005424532478328, -0.0079467149378295, -0.006387796573942196, -0.0029099546880756036, 0.003055877459771978, 0.007481427900666356, 0.011424663928006448, 0.01365185177003913, -0.0023001358433090376, -0.011634244864044182
0.6139142922510549, -0.1743306927091268, -0.15574869442859202, -0.13498273586128695, -0.1149434438751638, -0.09664435162432858, -0.07392870908274272, -0.054115585482588, -0.033967772033996764, -0.011302891127087003, 0.008289633963579181, 0.027326012864245488, 0.046444905222576306, 0.0670604186790045, 0.08692961324445236
-0.7079223687582342, 0.19907605794872527, 0.17501627341370252, 0.1582834490769857, 0.13534166551620636, 0.11124446950124801, 0.08923586199033984, 0.059305897418721436, 0.036853564055639325, 0.016575703764904803, -0.00611596423304814, -0.03384073462146423, -0.052387160175467816, -0.07527339206732338, -0.10539332283093521
-0.1336371607065013, -0.0013215541773884888, 0.03721276151283545, 0.03479465684676359, 0.037870689905599164, 0.033060341791150166, 0.025966079153807615, 0.021785750267372162, 0.0105368509045904, 0.0037004135164294258, 0.004276465898470196, -0.008379261480978914, -0.014503289100216301, -0.022357443509964915, -0.02900530082196809
-0.676462448420195, 0.19233706975166562, 0.16971601823657728, 0.14909933628918137, 0.13008123724777435, 0.10427565007773085, 0.08082942896549808, 0.058061403007971274, 0.03555663308927755, 0.016440507678756214, -0.006384393720323093, -0.02935474724793367, -0.05334560434639161, -0.07420033447752294, -0.09664975613206665
-0.07589728214466923, -0.0416721736861302, -0.00594186612697789, 0.003744176150424075, 0.03171780804468033, 0.03974027117483551, 0.035087668292171366, 0.02809834488072731, 0.04264738580455395, 0.04876186833277435, 0.027605775361522096, -0.007417759416522719, -0.030878709054949192, -0.043919679286469906, -0.051675828325969744
-0.0003219856263708288, 3.5245945037909214e-06, 6.184099763019435e-05, 9.570746027225378e-05, 0.00010761800276790023, 8.656290076736485e-05, 4.7770669312593865e-05, 3.9166014902768714e-05, 5.294130674562171e-05, -7.329987545221749e-06, 2.0055046066933834e-06, 1.1273947526102486e-05, -4.264065054139657e-05, -8.202904999027358e-05, -5.4426084587583e-05
-0.011498099063611378, -0.02250125819723021, -0.001993230691407843, -0.0003749745233538708, 0.008312767985886278, 0.013704808801933168, 0.01574360093854672, 0.003338436690457726, 0.010457515063889922, 0.017478065001675668, 0.011501115079243836, -0.0006010536409060546, -0.023450386637614968, -0.021691533420244262, 0.001574226612735461
-0.0032153892416582285, -0.0010919242470178777, -0.000471608077220807, 0.001477717276274781, 0.0018520706643172932, 0.0013556948640371404, 0.001188509577097028, 0.002338813543436241, 0.0011228297273456925, -0.0009579921529380175, -0.001288097150917259, -0.0008006837164776923, -0.0005254053700326749, -0.0013286274644798773, 0.0003440917682341396
-0.01334747252209619, 0.0010277167404031146, 0.014270231330190099, 0.004250289352878838, 0.01356576799119694, -0.003364194109027701, -0.016216359904474932, -0.022511355041206195, -0.0016348305413685592, 0.011552788258206475, 0.007187979481327364, 0.015561133625435764, 0.009352692287328327, -0.004656890985413226, -0.015037495963380028
-0.01932167901077069, -0.007401955590092871, -0.00034063854943474237, 0.005464398977007193, 0.008091778313402754, 0.006728691070227578, 0.010205143479467426, 0.014534819047237503, 0.009816189654263693, -0.001379754330304692, -0.006128748687560951, -0.008659377532852532, -0.0035408939875896835, -0.008576132214416849, 0.0005081593614174361
-0.004706484203774833, 0.004437000098656253, 0.005881850347577185, 0.0031765577221787335, 0.0026577277597584457, -0.0008084317004903926, -0.004731823066460451, -0.0009037739071388192, -0.0037844550787056314, -0.010362599718570656, -0.0038206823598203855, 0.0009099189517069416, 0.004590978070394868, 0.005455793552366197, 0.0020084235323224813
-0.005788007939486069, 6.121219867386322e-05, 0.0016472753660075087, -0.000836850791032594, -0.0020019532198228287, -0.0026478802565210423, -0.008438980782468465, 0.001730035808607493, 0.0073582218642140465, 0.014939481195411965, 0.009655415378739408, 0.005162927369537121, 0.0024736844181399605, -0.008978092636469016, -0.014336487973531653
0.0007823506487093946, 0.0014149658386123634, -0.014619745139647467, -0.02052130925456251, -0.015461441663311468, -0.010703241025250426, 0.0016586547479741798, 0.008367549898478878, 0.02155861024697874, 0.043719992111332276, 0.03943598849704677, 0.026306849109466426, -0.0008962869815886988, -0.0318981723126584, -0.049144764721580525
0.020032798324785796, 0.005883764788132115, 0.009361223417280622, 0.003935011846715096, 0.0007071305398031504, -0.0031424812402572506, -0.004533284706838132, -0.030432106216306553, -0.02595356075413845, -0.01933128596611526, -0.006817850046329604, 0.0011530297519175975, 0.009804888696596452, 0.014514444710963578, 0.02481827685379107
-0.0010590540894128665, -0.0004893612827649845, -0.00019594707445224065, 0.000258281559768664, 0.0006109390101720733, 0.0006722113862165326, 0.0005698849824839321, 0.0004738593808391443, 0.00031246787171540437, 0.00015436258413049458, -9.625642132167648e-05, -0.00022134142684877993, -0.00028878877098231803, -0.0003566590828657156, -0.00034459862667766695
0.0022133445558873074, 0.0001899560413702063, -0.0007644415577765391, -0.000817213587025347, -0.0006968106632327348, -0.0005839998512799052, -0.00023650920503202265, -8.001743111076398e-05, -0.00025212605735741285, -5.770381054835476e-05, 0.00016990154013055188, 2.2179277912388783e-05, 8.600165042906279e-05, 0.00026582488400903205, 0.0005416142136245249
-0.009861517603490692, -0.0053008747361810325, 7.412629600533904e-05, 0.003018327730010955, 0.00648121460989592, 0.002413887837763584, 0.005900831664486902, 0.01160013811140036, 0.007624944905537558, -0.004342814899615479, -0.00793495087234821, -0.007085456988504316, -0.004596810083420225, -0.003909059610891733, 0.00591801363935114
0.0002769454677456229, -0.0012090978487371265, -0.000396606624585401, -0.001480484766269051, -0.0002819446630304614, 0.0003266841604664466, 0.002629927234743233, 0.0026254994283294755, 0.0007883668792215488, -5.402270505461803e-05, -0.0007367170311503482, -0.00042488818625835954, -0.003633509921267424, 0.0003754874948368492, 0.0011943610810094827
5.233223852668956e-05, 0.00019912811149844247, 0.0022742621597524907, 0.0021555295766579876, 0.0016165975768649152, 0.001802457856993607, 0.001949604544725178, 0.0009796253033874935, -0.006948467686476195, -0.0122181449661034, -0.003083301828506935, -0.0005503620652792376, 0.0035501346851643735, 0.0004999570766841481, 0.007720647416110438
0.009918671949008678, 0.004868675112078012, 0.0033294452010762237, 0.0030432111892864377, -0.003372340060768549, -0.012061232363349062, -0.01276049155039682, -0.008022378391227039, -0.0028053385426639117, 0.004004621983003369, 0.0006644905906294241, 0.0008860243148303748, 0.00665449584661286, 0.0031161181221236105, 0.0025360265997566617
-0.00239736153483823, 0.00017195408473829848, 0.0011119632109630963, 0.0015774298451819969, 0.0012024727847956662, -0.00014811269698311277, -0.0006210320637318739, -0.001119969606367971, -0.0005066429558356572, 0.001114100434691389, 0.0004438038834380714, -6.002731415563582e-05, -0.000486798636466066, -0.00040347901989589693, 0.00012169958446592169
0.0008499007348203302, -0.00047793626941534294, 0.0011053358375952376, 0.0034678111886847773, 0.004396323143523733, 0.00351040558090839, -0.0064413707046873415, -0.007275664293665803, -0.00028900381005872076, 0.006317997397898419, -0.008311453682653664, -0.007879580164810407, -0.0059450107417621705, 0.008726954697417843, 0.008245291086204936
-0.0027211496348520706, -0.0009491908730758024, -0.00024511390654574465, 0.0006880855842224994, 0.0007404982188226823, -0.0003443671770517765, -0.0020626044236545173, 0.0034641851784493636, 0.0026662338794044885, 0.002219278219630632, 0.002469300059900916, 0.0008599464231061615, -0.0016920112968973843, -0.0024129480543619813, -0.0026801421970974876
-0.0016374457111255664, 0.002539171624553724, 0.00423845903976968, 0.004063696431066551, 0.002708540090151959, -0.00013448865132806228, -0.0041140130705177485, -0.00544270337323482, -0.004257963213342031, -0.0051740458836988055, -0.003348593975879016, -0.0011977185905585257, 0.0014859693440788678, 0.004922466440389446, 0.0053486694996742416
0.010983245062450166, -0.004075799801304579, -0.00045154538150111724, 0.0020161903960100183, 0.0010669838147057428, -0.0061785188309404545, -0.007008817001812833, 0.0017718846738887073, -0.00308745840470195, 0.0044624211676125534, -0.0032145081591102983, -0.007283044842370642, -0.0003717877367164872, 0.0027279786203882697, 0.008642776423403558
-0.009267667659271612, -0.0026752319232846303, -0.0031440028950663807, -0.0005859298089238656, 0.0005841515897600056, 0.005688128691092807, 0.010675247818227422, 0.0011818635879350934, 0.004659273763228874, 0.009430513638814243, 0.0017842784999238107, -0.004491412361420455, -0.003402484077395615, -0.0039771964414269684, -0.006459532422192929
-0.011894821648279246, 0.00010363755864604325, 0.0026393172049271993, 0.0007521251739896431, 0.001790042549093257, -0.0020439801765068867, -0.003312782326841521, 0.006581816145841994, 0.011381621342133585, 0.006974924369973309, 0.003563967416064987, 0.0005213548619292786, -0.0032275254610393766, -0.006369260098670172, -0.007460436911261983
-0.007195086455126701, -0.005222342492188802, -0.0033277936456307168, 0.0005707400705194062, -0.0003077504596111079, 0.0020012014390380682, 0.00619548427214245, 0.012164518112530106, 0.009559911213033697, 0.005993503918795458, -0.0005504223015308775, -0.0036750403222958303, -0.0077145657180210025, -0.006042808841125336, -0.0024495487905288726
0.013248555823683505, 0.0035946743100184605, 0.006609107298347272, 0.0057041335029135555, -0.0041483605682358145, -0.007100810007612215, -0.007737781764493804, -0.022563786407792275, -0.0144560266674964, 0.002320069477538382, 0.002126792825219672, 0.0009419639150343866, 0.003662016956237518, 0.007453066706168019, 0.010346384600469643
-0.002352685210653048, 1.6786015652846496e-05, -0.008821970181798785, -0.009043118037185239, -0.009875095460919643, -0.005879544152450681, 0.020174860135039253, 0.014213710081596583, 0.010092353080070194, 0.011021598190045907, 0.004949342483348327, 0.0035545756250455734, -0.004232801115308825, -0.008828288342521895, -0.014989723109960568
0.04280462732260366, 0.022648489233764384, 0.0030851673191728897, -0.011683992883346666, -0.02432120933223465, -0.02310455267307485, -0.01996282198851717, -0.013780197165339212, -0.013203416059635781, -0.010787218259859961, -0.005257263995834006, 0.005057999498245573, 0.016345954891011726, 0.011443530140570068, 0.020714903952473624
-0.005159670995024273, -0.010290298858776753, -0.00738281791435412, -0.010450983412131317, 0.004191922438079293, 0.030800166781653815, 0.030208024600431798, 0.005282951887155492, -0.007562507659244472, -0.016754695055646737, -0.007926466638559131, -0.005413388254304693, -0.001060473731807741, -0.008986173814622253, 0.010504410627151036
0.0640850395010489, 0.028048624894099143, 0.012050236806957068, -0.005798214805987108, -0.017199184159169264, -0.024091224539729717, -0.047689714399412504, -0.04265583362716299, -0.034055528643557174, -0.02657615388454969, -0.007587464047091053, 0.005384263274441745, 0.022128215045684692, 0.03343083513686495, 0.04052610344756343
0.026749411372816053, 0.015393122694327573, 0.012566820239035326, 0.008139648987483003, 0.008945559655824397, -0.01298575453203065, -0.041815656520808285, -0.020786359097460533, -0.01548254563745043, -0.03512334734650201, -0.018097094186824543, 0.001728777238459985, -0.0002828060727561255, 0.028785291836941753, 0.04226493136894402
-0.027598127009706423, -0.030496156421307864, -0.012099702846699853, 0.018772919544828886, 0.02516263630773299, 0.030662778194339633, 0.03233641885889118, 0.04207164364113731, -0.011641078034601912, -0.035343883983011186, -0.02605063063307299, -0.0031833986529517036, -0.007233783831994819, 0.015520081872500055, -0.010879717006083253
-0.002178533549831359, 0.00125976174743013, 0.00292630290453202, 0.0018546936446433386, -8.277845103947083e-05, 0.00019923853514146526, -0.002055649748529164, -0.0006177304208504654, -0.0012041144434379147, -0.0033500650370435086, 0.00016092637729771554, 0.00010491578379843755, -0.00019186036372728556, 0.001809530376608205, 0.0013653626450078863
-0.00813158286030187, -0.004894392081966495, 0.0012444250952218356, 0.004428870899241207, 0.006560109781718106, -5.67651551895832e-05, 0.005665722058487484, 0.015890769968860994, 0.012279427012807114, -0.011939729345060298, -0.01751497274838586, -0.011791511240426263, -0.008689430580944001, 0.0010025689302399418, 0.01594649026569731
-0.015123614941028679, -0.006251515579333929, -0.009683981498595296, -0.008328436817437484, 0.003872206771347259, 0.01766337223767534, 0.012301825988971464, 0.006081962602860412, 0.02109851373911109, 0.019890721510357152, -0.0031824874653278118, -0.008503223413406286, -0.003885838681091394, -0.017893261826385114, -0.008056242627716578
-0.012783476979962587, -0.010048715913860083, -0.0024066077545184467, 0.0032050513787436684, 0.007859739298041056, 0.004992130023631878, 0.013606214938930671, 0.01854144929673927, 0.010435470864259338, -0.005278065524152438, -0.007928688858441045, -0.011643810253010022, -0.009545584798026942, -0.009425857069964851, 0.010420751351590528
-0.004423363553195311, -0.0012109532245337586, 0.001116269189964527, 0.0009530667413940577, 0.0019543954035882, 0.000797542461083196, 0.0013793165281777192, -0.0015349786383197243, 0.0022459335447175617, 0.00272910307188944, 0.0008669699427884916, -0.00023951664695135634, -0.00027018176256176946, -0.0025510836469789556, -0.0018125194110622962
0.017428973084680617, 0.004668763617400825, 0.0010859505527034327, -0.01063720232389168, -0.008977350179666213, -0.010378920673093721, -0.01275433524286881, -0.0013385331117323762, 0.004848987165791511, 0.015321169579443251, 0.00507564116311198, -0.008861734121180473, -0.005692762157950976, 0.005834861433244203, 0.004376491214008936
0.002829979967119092, -0.001909090152890815, -0.0013680963829683025, -0.0008682157106063915, -0.0016030534511543941, -0.0009909064970770856, 3.6442189547726596e-05, 0.0020619212234904657, 0.001864118694485427, 0.0030721198471787823, 0.00047855407616169583, -0.0013514092493545316, -0.001099693916126697, -0.0008162233625081402, -0.00033644727529651787
-0.03980290824393266, -0.018382899982591506, 0.011130917436964356, 0.011615085357362229, 0.020958115724591272, 0.0006279233606793837, 0.025312904063278723, 0.04848158609249796, 0.03191017972478365, -0.0156925485664335, -0.036318850830700695, -0.045266523005896, -0.017944732867134713, -0.01825923307332687, 0.04163098480985831
0.004293950864816637, 0.000379963753896255, 0.0012467335429583498, -0.0006474200805314087, -0.002983494521337895, -0.0035705589413590516, -0.00424520518778725, -0.003078123941271424, -0.0001421197803957372, 0.005125450455458226, 0.0026680955934124347, 0.0008551617815328842, 0.002586246983497318, 0.001399566958908406, -0.0038882474817979254
-0.0185917511349206, -0.009005541335998834, -0.004783040506188794, 0.0015741183620169694, 0.0067356478639584395, 0.009069822523397787, 0.010838621617188302, 0.008863555521622515, 0.012245735910813777, 0.012682048300698575, 0.004672670619763388, -0.002906523998519877, -0.007712156406445494, -0.011732460229052003, -0.011950747108333737
0.006161376035892657, 0.006272864526345015, 0.0020209335536240866, 0.0006482154752988153, 0.0010967718047537069, 0.0006469790023456554, -0.0035565604819189295, -0.010995396611472865, -0.012460967518825014, -0.01088716464503133, -0.00805417121765853, 0.008961819604714871, 0.009312253678295261, 0.005350001888261975, 0.005483044905374798
0.003483123914655148, 0.003987704724386565, 0.003540119451634316, 0.0017865110546744713, -0.001171846426545945, -0.0036907168365478767, -0.005570615043764806, -0.008869043716747163, -0.0023399018123524207, -9.638713393015626e-05, -0.0005079083056819828, 0.0017834010754319975, -0.0013915883798232436, 0.0028321442183536286, 0.006225003216257395
-0.012816962461260739, -0.0062773636773064394, 0.00048281804723743216, 0.00442582394789198, 0.006354592426765298, 0.0077965534986280515, 0.009619005036756412, 0.0042663491786460095, -0.00043937806348551587, -0.0029216976068454476, -0.003418071625304612, 6.984886331022126e-05, 0.00017089086864323293, -0.0036003534417624085, -0.003712054991913243
0.0052784805179931305, 0.0019659809004143208, 0.00045210239733437337, -0.004399217185340231, -0.0032788684460266495, -0.0009582835937034943, -0.004252742310208876, -0.004245111438091501, -0.0019832341213570337, 0.002456852206559656, 0.007716237762616319, 0.0012980487794658556, 0.006255895351215305, 0.0010048922693976536, -0.007311033090269162
-0.006878119288034783, 0.003936836067138748, 0.009561148523882143, 0.004164754744715146, 0.006425578690261363, -0.001537435502744607, -0.012301831546625409, -0.017086585606793485, -0.005205458051894534, 0.0071268726554183925, 0.005004089084767494, 0.004827090043933317, 0.006479969815333595, 0.0003114198566162752, -0.004828329485973414
0.005000158438870395, 0.00018447242137159883, -0.0013659673063656905, -0.003338355381075557, -0.004278878022301007, -0.0003512744852107403, 0.004333951791860727, 0.0018483042467564055, 0.0010610956372928808, -0.002779966343226549, -0.0039364150640001025, -0.0006481875313140983, 0.001546357821981268, 0.0011844288722832276, 0.0015402749030770072
-0.013957959524683044, -0.005667420326108403, 0.0012545632076416263, 0.0030678056809399223, 0.0038864397871119483, 0.0005905275497341793, 0.005591779877237913, 0.012799624381438135, 0.013162196179570193, 0.0011346062953996277, -0.0019386724495506213, -0.006852716002726776, -0.005960285325660411, -0.0026362790004787265, -0.0044742103298654095
-0.002777521366176056, 0.0037400090814210013, 0.001925655035221533, 0.0025713633781794263, -0.0045844748883941315, -0.003518996726963495, -0.009821711544839906, -0.004661602753812838, 0.0026376870350242458, 0.008745535803539943, 0.009965673813523705, 0.0022826994566827147, 0.010605698206463244, 0.00011696328246384665, -0.01722697781233367
0.011847942218697161, 0.0036538112708931736, 0.004051185118467629, 0.0006333439084959258, 0.0010203631382156239, -0.0008993990179101209, -0.014371610281407463, -0.01121462465172554, -0.008860185633065827, -0.005995592464339611, -0.002252394287447775, 0.0006033921212249509, 0.002996420261315463, 0.006760108977512477, 0.012027239321073786
-0.013650635250261795, -0.002340617513931271, 0.004973901880877007, 0.00752562022887558, 0.006569139927896176, 0.005409987320658886, 0.0001912002563720263, -0.006512378483748942, -0.0021116951851094137, 0.00287756616367739, 0.001604490741793017, -0.000193294134285441, 0.0011789049624036391, -0.0011695119298635545, -0.004352678985353439
-0.0022616354934067726, -0.007184628523901272, -0.007718394950136857, -0.004418911152572854, 0.0003778328809608896, 0.0027426135772948934, 0.010808598068158492, 0.010063081858750085, 0.008051702026955963, 0.014198253485044372, 0.008347088586836306, -0.0065766090800195715, -0.019522875795859172, -0.012994633865954916, 0.0060885183778500674
0.012101319343397449, 0.006367691889256378, -0.00010115905447743196, -0.0015271354169649456, -0.0030354141629023467, -0.008693764529747487, -0.016628807619783338, -0.005738239503243711, -0.0006263272088091009, 0.0055514225472336615, 0.0021076938365391837, 0.0023070242132589014, 0.002946444447995416, 0.0023662063849288614, 0.002603044833318074
0.0031748959086303256, 0.00025584100461882077, 0.005966240451880657, -0.0001379808239650845, 0.009240960484390343, -0.00013762773454277584, -0.002470255276398816, -0.010576528139856439, -0.009778376094661461, -0.013465800029665414, -0.0004442248659228927, 0.0020312215296236255, -0.002209526188797078, 0.010876755786056761, 0.007674403988609445
-0.010706995824167722, -0.0004157792268143533, 0.0007340430373726283, 0.00847270378945104, 0.010695659588970107, 0.0010244782311422478, 0.0025138431777075097, 0.007532798892286303, 0.007008355817391065, -0.014332506173397885, -0.013260469373514105, -0.01315106271034738, -0.0076873206807556325, 0.0017596786661097509, 0.0198125727885665
0.025608382951538798, 0.00552765359980209, -0.0023403208244016016, -0.010083027656854145, -0.010915697750214849, -0.011465530188639815, -0.004667748448586017, 0.008396097148709576, -0.0032244703734606067, -0.01375474249857658, -0.008568489056811747, -0.0019520097182234059, 0.007524315910177861, 0.012738241042079221, 0.007177345863461122
0.006461304475131832, -0.006416423174433135, -0.014537631009681525, -0.005047846577251297, -0.0004014505971918769, -0.0037978297026328195, -4.174320618174909e-05, 0.016496001791332485, 0.023599289684151335, 0.013533249851451453, 0.0014645229568318477, -0.004205119771562599, -0.023972303201610062, -0.008570083984119927, 0.005436062465765572
-0.033174771023153575, -0.023277098721067088, -0.014666268278671223, 0.01481331613313948, 0.004351214494760643, 0.024151196702984965, 0.037949534112534496, 0.04510814399880293, 0.03364182965878161, 0.0020766445859231697, -0.03231928560969804, -0.02253443386648742, -0.05829875134312966, 0.001115369253383906, 0.021063359901895846
-0.04194702512151518, -0.004259375948075367, -0.019045431396493385, 0.0016659400002385322, 0.017758564542836842, 0.02044217608932521, -0.004072018201926166, 0.017194007155228362, 0.04039407033323123, 0.042618053473850885, 0.00209341463017684, -0.000982513808328012, -0.016345011019027217, -0.024687843348305535, -0.03082700738121699
0.011748303094969473, 0.01580749740470364, 0.016487727775610892, 0.017107372312528863, 0.01289164507255485, 0.00934092432705814, -0.010359795930079935, -0.039323393542331324, -0.054401140504645694, -0.05910104916812399, -0.022382394791679142, 0.003370646975544168, 0.02555634582071124, 0.039366849699174464, 0.03389046145400433
0.03421926885285765, 0.027038235993042146, 0.01968959705754269, 0.003580158422662786, -0.01373672533849532, -0.013374471694696034, -0.028196887555137242, -0.05433132019949337, -0.038456180334068786, -0.018014687101938036, 0.0010663707636294167, 0.006836880381029122, 0.014467020539082161, 0.02450845352374353, 0.03470428669023914
-0.42821034115846496, 0.10604122286660314, 0.10805997749430077, 0.10442509087429604, 0.08298493685689953, 0.06903255765968061, 0.04749205547720109, 0.040071964234784166, 0.028052248343655797, 0.010093919492681942, 0.001427926162581242, -0.016444858088325947, -0.03149363624161727, -0.052742376990873925, -0.06879068698340245
-0.026737267704364, -0.014962339177915665, -0.012664952690763216, -0.0010965423817997251, 0.007285906236586989, 0.020041743133154672, 0.02144933793872017, 0.01694095297971915, 0.024882599363961914, 0.02133889983016177, 0.007818732704829438, -0.0012135034012313872, -0.03913527423559065, -0.015896536748123104, -0.008051755847346128
0.5616126966617472, -0.15926433266579304, -0.14284736824856212, -0.12400985175546911, -0.10471861501760767, -0.08591559567088805, -0.06859313888095177, -0.048358780942194535, -0.03077899677394572, -0.013040942932058788, 0.004869540652276638, 0.023751683760433035, 0.045692557947477265, 0.06157881405940927, 0.08002232980612764
0.033579036880389324, -0.021034723455227725, -0.026147330390756708, -0.03095723845413068, -0.015736379995421042, 0.0015087529190777962, 0.024085405786622778, 0.03791989709512474, 0.027457100990959077, 0.018035360679399842, -0.0033514048579366923, -0.01387357088836563, -0.027706739860792227, -0.0011746235236414215, -0.002603542925301191
-0.000635198394521268, 0.00011215207099552117, 0.00016154847244507044, 0.00019034470336366853, 0.00011984689062186377, 9.891806756458925e-05, 8.487187086505125e-05, 8.344548784457496e-05, 4.738687201330662e-05, 2.9702469447579173e-05, -2.2733166468531052e-05, -4.672711169562708e-05, -3.701916932649208e-05, -7.707894182096643e-05, -0.00010946012132828673
-1.598458997526291e-05, 3.50194584270943e-05, 3.901789667948394e-05, 8.658950966707674e-05, 1.7868618974411127e-05, -2.8201817649222622e-06, -2.654717975757358e-05, -0.00013823804077418785, -0.0001153899365797752, -6.0488404732555495e-05, 2.9675708316661725e-05, 5.314535541022063e-05, 3.6465390481774916e-05, 1.8283065910466864e-05, 4.340332971708714e-05
-0.000147326526496247, 6.305055315973125e-05, 8.599290131566875e-05, 9.708156153920252e-05, 8.821351458995252e-05, -2.6081539755664575e-05, -0.0001524449181523843, -0.0002166188567768386, 5.913514802440821e-06, 0.00013716017878190057, 0.0001297946676936121, 1.1110373490741757e-05, -5.94416224375638e-06, -3.0311207774938715e-05, -3.959005417365473e-05
0.0008804398151617223, -0.0040588898001730255, 0.0004964468591254809, 0.0037214019667896722, 0.0002172715955449314, 0.007246250617118887, 0.00719353966595814, 0.0003600870116710214, -0.011732513913550895, -0.007620099300245527, -0.0024235275638067387, -0.003025694678214478, -0.0048646955553307385, 0.0030848935099755223, 0.010525089769975925
0.007530448925287468, -0.00048498387305453115, 0.00020316591211884326, -0.0004507083791518875, -0.0003818726000509712, -0.0033162153629732053, -0.004997078263375416, 0.0018174155566619938, -0.0010831672034583503, -0.00015771213215942285, -0.004993046367430073, -0.003909020402057287, -0.00013984187934202712, 0.0035841824146858573, 0.006778433654298352
-0.031957012870044314, -0.009345037103671848, -0.013941137851522888, 0.005522306300751723, 0.033354641215327184, 0.03214255630150094, 0.003417208643308043, 0.013819530518642415, 0.0070137646439522435, -0.00418414561872151, -0.010666245516835888, -0.00960267003974222, -0.009973228769920215, -0.0012142642490768742, -0.004386265603946829
-0.0007348165403877135, -1.892948695859804e-05, 9.7494135888643e-05, 0.0003636258403815562, 0.0008084173272544878, 0.0007199326184675383, -0.00011050582604629438, -0.000773233606753863, -0.00044650848829290326, -0.0002669901839897885, 9.775477529174344e-05, 2.8923073699812956e-05, 0.00022295450434030276, 0.00018712055668290882, -0.00017523869957784144
0.0025752326355431266, -0.00030699275800543784, 0.0014358988398866085, -0.00162474404111546, -0.0016623096255007396, 0.0014039867740661212, 0.002360281220576965, -0.002907479830090167, -0.0005065092484615965, -0.001491676058386165, -0.003115065626549054, -0.002004777695010135, 0.0013718092737515274, 0.0002647844909491924, 0.004207561648345176
0.0035333176743221457, -0.001753718590517137, 0.0009352174410715264, 0.003432302361965928, 0.0010469950599404007, -0.003124338716034204, -0.006151340528567532, 0.0003150280869156166, -0.0014439268348356816, 0.003842828659042374, -0.0014429339021445882, -0.005300251431962105, -0.000440698016552732, 0.0010118880781348804, 0.005539630659220903
-0.029775440392427136, -0.014557887222968545, -0.004798752826386487, 0.014294669540252667, 0.014876342394406451, 0.012835522098791314, 0.01730638216377202, 0.012158937547890457, 0.009755445918697285, 0.0019900777441436927, -0.0024287959681427323, -0.0047655014999053455, -0.006584035678691907, -0.012697679115401199, -0.007609284704031055
-0.008768289545098297, -0.003566640901050966, -0.0063113367789979355, -0.00684587265795324, 0.001393907016207772, 0.011424806582663772, 0.008325809309636582, 0.004910023246376145, 0.014202933860654491, 0.012734036798735079, -0.0029056543876963123, -0.006259965283668323, -0.0024645372189653902, -0.011132139995160729, -0.004737080045682898
-8.749409560469276e-06, 0.00043635474153192925, 0.0006498360314784317, 0.000641603974513585, -0.00130268874334177, -0.0005517168228395726, 0.0034866427087401988, -0.002156121350067077, -0.0012265145264873994, -0.0012850348968587151, -0.0003780642071844872, -3.05281414079452e-05, 0.0002739613665823221, -0.0003735692209221198, 0.0018245884958230994
-0.010132772223890111, -0.004822275329214252, 0.003766475936494537, 0.005659780867222111, 0.006039790115736068, 0.0013138761381776142, 0.006357996829189786, 0.01570077878053997, 0.010621773765314979, -0.01384126324044566, -0.01839495109564298, -0.012434892558055287, -0.00893808937119214, -0.0016627884519310352, 0.020766559837695913
-0.000383742274223679, 0.0019447117605685478, -0.002054521655920987, 0.0033979968938943356, -0.008164745019357033, -0.008356436103260829, 0.005169419876035725, 0.00438420344709082, 0.003725651815269835, 0.007462008125873472, -0.0038851922587387596, 0.002535472743612328, 0.0014893040085657736, -0.0025301837590488018, -0.004733947600360718
0.0018601239538828126, 0.0008374757846518519, 0.00037553481329596596, -0.0002768267649767144, 0.0004315615075344747, -0.0005155814665998118, 0.00018414351184977226, -0.0022217773784820455, -0.002188225864500732, -0.002037837726624559, -0.0011096736018727238, 0.0002110455886539697, 0.0010771498991300316, 0.000983469442382864, 0.002389418301674592
0.003376267462508519, 0.0013769802293186616, 0.007183622142779508, -0.001209277144530929, -0.002326539710640429, 0.000722280420733412, 0.003586821895013991, -0.008291831600631665, -0.009246620652390567, -0.007914940912890038, -0.004429997889743588, 0.0039121552796957, 0.0030611851392722245, 0.0029587987044735874, 0.007241096637031559
-0.028223221022314, -0.011122085304370526, 0.0005118821245059396, 0.007353105701769022, 0.012127450154448315, 0.004319993914430169, 0.01621403498128947, 0.026487117752571183, 0.015436880270186453, 0.0007083997816500545, -0.007928148989472299, -0.018983919408684415, -0.007194023670705835, -0.015701974841002796, 0.005994508555699028
0.0018342962616350717, -0.001212819183802017, -0.0014438188136954464, -0.0003904265994607781, 5.511994865149561e-05, 0.0010198454476740457, 0.0025203372280680073, 0.0015697100597181503, -0.0006701958184346505, -0.0037779865343457084, 8.035170823765483e-05, -0.002130247163950661, -0.0002655906644387544, 0.00033816689691293605, 0.0024732572272307954
-0.005481035160350227, -0.006017983294009945, -0.002333142211607746, 0.0025576362891898043, 0.0042057015831826455, 0.010729233528445502, 0.01855489313598228, 0.006025856828107421, -0.0011906443403514066, -0.00997971709535123, -0.020481539760275034, -0.0015737644447402434, -0.017324566036202246, 0.003930757919382197, 0.018378313058598328
0.008216981941039776, 0.009758805455490297, 0.008933391034010696, 0.0033489620964179314, 0.001290755593415439, -0.0030506807402023374, -0.005218772611972613, -0.02548276538307635, -0.023452432660932495, -0.003160996910591074, -0.003632546714852781, 0.003447804022558787, -0.0018148419531723943, 0.013072654956952666, 0.01774368187491404
-0.00443878451553801, -0.0018579586003788203, -6.411100793172296e-05, 0.0009621575500104487, 0.003988403551212912, 0.003017643535381664, 0.0031167419643273134, 0.0004701657080113945, -0.0009909311292550184, -0.0015067845871611699, -0.0010547181582349968, 6.713801827793042e-05, -0.000498267609623128, -0.0002923754250511891, -0.0009183192940475806
0.0067511329211205, 0.0035920670137849194, 0.00022736193935241, -0.0008380136284299184, -0.0013988602734776152, -0.003096062709318089, -0.003609257858751103, -0.004079913803971464, -0.0033988975735522254, -0.0040957280826069194, -0.0011014082932055069, 0.0005086422779278326, 0.002162504669016528, 0.00399042403741099, 0.004386009364699702
-0.0017514828646871738, -0.0005999666999686122, -0.0037396534419342183, 1.052691480655411e-05, -0.0050846822386493165, -0.0019274262601680025, 0.008084549419188986, 0.006104801881333546, 0.004944032793362802, 0.004604017430720049, -0.0026172660509449957, -0.00014701895723822413, -0.0004998343383384937, -0.002910471510896309, -0.0044701260765866455
-0.008590426291818677, -0.0014092132158524638, 0.0015457394124907134, 0.0009658680763835582, 0.0037509105328075508, 0.0026845926655373886, 0.0024257152082967125, 0.001269648400382352, 0.0026850152213565796, 0.00523623348451745, 0.00030248506452445047, -0.0023521727270285307, -0.007319002616886217, -0.0023580572794915248, 0.0011626640647808388
-0.03398304636496378, -0.022164513385869236, -0.00552433844657553, 0.009629864229145853, 0.019724737432930444, 0.022846678305997833, 0.02104090965607902, 0.015122886023305923, 0.009231965990557346, 0.00454275330385122, 0.0017707015186282028, -0.00017519010366318143, -0.011292860196835695, -0.014867158363416576, -0.015903389599171973
0.005093642718446375, 0.002562625929197213, 0.0011763419979327072, 0.0006247297680650829, -0.0027257941623821244, -0.00440730573438869, -0.006292006791958101, -0.0029497756865999665, 0.0010897960448783839, 0.002482499006513844, -0.0006536792407915213, -0.0016006204446873684, -0.0005602831351377238, 0.0018807840791274415, 0.004279045651784568