
0.003415047200534307, -6.0941211552172215e-05, -0.0009328039928506876, -0.0009671458124402384, -0.0005355575555148003, -0.0008242414024260523, -0.0004759750241381145, -0.0002047117749961621, 8.144877557149861e-05, -0.00023300904930908734, -0.0011336840099129767, -0.0008272115093162528, 2.426234708128258e-05, 0.00047255605536387744, 0.002201966963905579
-1.2350759184638522e-20, 2.9521270578927877e-21, -2.490182147266197e-22, 5.073957614726692e-21, 1.2633206142005015e-20, -4.742606440525173e-21, -2.2971932505067707e-21, -3.075428025239512e-21, 6.824098837736368e-22, 6.541450515889196e-21, -2.4429713857169097e-21, -9.753173052484015e-22, 7.741755880993155e-23, -2.3386668824082067e-22, -4.691130911005228e-21
-0.01482578607334193, 0.000880262307188075, 0.00209723636844218, 0.00334076691652926, 0.0052087885607619054, 0.004941153829617159, 0.0024961755642888372, 0.001789922587185051, 0.0015669562338946697, 0.001231845524181911, -0.0003740953239921528, -0.0007084628892609686, -0.0017467024289697997, -0.003300600371151996, -0.002597460805372204
0.009374845885597503, 0.003699975369539885, -0.00025129192854496314, -0.0020128643867384152, -0.0024941901480274404, -0.0031387605967297984, -0.005011436953643018, -0.0030328559688301035, -0.0029498761409318987, -0.001970391188325174, -0.0016571110115750714, -0.004235697443250514, 0.000744817459745884, 0.005718837699852481, 0.007215999351860528
0.021409756439027216, 0.014572582035184634, 0.007869808530713354, -0.0026757646108871245, -0.0005353623961911784, -0.013530894160003136, -0.0141660030772352, -0.014603203398993795, -0.007271643195953933, -0.019798316765273105, -0.024310564500370085, -0.006433348431789261, 0.01665652137884707, 0.014348375101437605, 0.028468057051486893
0.35081718027837344, 0.15576570875775086, -0.09361580019928244, -0.16450004037369417, -0.1246064898453776, -0.12382862857720166, -0.10430426151218551, -0.08492211263273182, -0.058595389278541556, -0.028454835120067332, 0.0008712493858744516, 0.027691643727326992, 0.05589470312534831, 0.0814039212246419, 0.11038315103976588
-0.017531392295825152, -0.006421835596548748, -0.0021346598032202825, 0.002928782133249149, 0.00766903037102203, 0.009698266418660973, 0.00938562189265146, 0.006638528161896067, 0.006290175848220071, 0.003675196911252563, 0.0003782383748798084, -0.002042803493010455, -0.004132416734634431, -0.00644345387986809, -0.007957278308725144
-0.00916799439816369, -0.004453241924097219, -0.00048014021276184714, 0.006014197129673087, 0.007497249338268043, 0.007705092057941946, 0.0036246801497477046, 0.00494334419114257, 0.003117193650457554, -0.0066277432163607194, -0.01365242228402684, -0.005252637898176077, -0.0006037062938386589, 0.003940977871527786, 0.003395151838666415
0.031036927293113054, 0.01809885740317185, 0.012885885779359516, -0.004179273926817752, -0.014523297489500946, -0.021010057733503285, -0.023437547764597146, -0.019975876216873294, -0.015140306111448947, -0.010773010823886868, -0.005922522534756964, 0.004169578387503486, 0.011373176146105734, 0.016336159101728857, 0.021061308490402917
-0.001767126713028464, -0.0007716272127744179, -0.0004753924569153286, 0.001029893409090218, 0.0010173620564617328, 0.0009056419302128241, 0.0005755708559458155, 0.0012376819380747436, 0.0009990880915545417, -9.626170413035464e-05, -0.0014118360698863784, -0.0004759401073438372, -0.00030224306844220183, -0.00027949790937901916, -0.00018531303943987047
-0.0023326043429065055, -0.0010293363804259295, -0.00047334181779215936, 0.00023125743235421687, 0.0003950417977643441, 0.0018019125035134578, 0.0024027289681616258, 0.0005236659623162581, 0.0004985061253253737, 0.0005597627393786115, 0.0004279595927157182, 0.00016198083488341754, -0.00043020794708535436, -0.00100823561711986, -0.0017290898510829952
-0.011430388303393277, -0.00470597660806173, -0.00820478197550021, -0.007367135910144557, 0.002916810096032334, 0.013944545323987168, 0.010293899756822296, 0.006482714573809849, 0.015883328269292393, 0.014409819476682895, -0.0024125867854254235, -0.006566732713562642, -0.003172854202887012, -0.01335301138856016, -0.0067176496090920555
0.08473879224775333, -0.02135089958838301, -0.023866452100599265, -0.021425657418988907, -0.01265575033272973, -0.013440919579426513, -0.008845281255822924, -0.006792762797149239, -0.006458056396568945, -0.005633729905252484, 0.0023461921826335667, 0.004600891853651384, 0.0072456833749429276, 0.008373806029564222, 0.013164143686375107
0.013633171301396818, 0.011648886632356845, 0.0030784658091641223, -0.005560900778414499, 0.003433002695700319, -0.00823700789179451, -0.009569631399525763, -0.012078312376650373, -0.0018825101607621274, -0.013833714198619658, -0.01387383556659532, -0.005319209623248162, 0.013278697009756694, 0.00819588538858373, 0.017087013158651687
-0.12314835787921556, 0.03022208721887755, 0.030764736856067423, 0.02855561425500742, 0.025218424625099795, 0.020455368842204783, 0.014990377324724474, 0.012274063550196708, 0.007336023146006468, 0.00441391371845305, -0.0014910747618493523, -0.007991233584175821, -0.00832115227721677, -0.013728155008240456, -0.019550636025939705
0.0006100170603738048, 0.0002796301385544108, 4.6011926666006296e-05, -9.621034528140323e-05, -0.0003425233107870491, -0.00031380410740901603, -0.0003351521801612075, -0.0004396447066404835, -0.0002811949150472957, -5.5233894261539275e-05, 0.00028001753174263666, 0.00026584322059684904, 0.00011714281004303459, 0.00015039404673215649, 0.0001147067248791558
0.36529501034306344, -0.10772058594242609, -0.09234048843229037, -0.08093159698359197, -0.06705369270045146, -0.05416110748926326, -0.04122614769578901, -0.030845070763589465, -0.01920439071899202, -0.00888923838769848, 0.0022724034521342637, 0.014024677978107174, 0.028972808669192728, 0.03884574294616852, 0.052961675725425844
-0.6781886220388363, 0.19494292867113544, 0.1713235650698942, 0.1480692718914785, 0.1267787773708883, 0.10347822507970782, 0.08262659569972562, 0.05974172281011485, 0.03608508731392292, 0.015268090279434399, -0.0068088647117938664, -0.029540533601234865, -0.052536657366546315, -0.07447936141764462, -0.09676022505024606
-0.00990947780036605, -0.005227774264235638, -0.002561206841190519, -0.002622913849012214, 0.003148669225207468, 0.004862909285661204, 0.0058150056030056635, 0.017416923617806526, 0.009385406385287577, 0.0010242406213703, -0.005236635802870232, -0.0025855466143531697, -0.003305541994906844, -0.0035304712723318674, -0.00667358629907236
0.2343660172611156, 0.0874933762172282, -0.04620533576449872, -0.0919537352449478, -0.09927013604199844, -0.08809516647765442, -0.0722519947453541, -0.0539418153491598, -0.023169367205092505, -0.02615018702193411, -0.0062488760806706485, 0.01271385520716633, 0.04563596143713291, 0.05393266268179406, 0.0731447411268734
0.0006430895978354466, -0.0007690024508871584, 0.0008504174358744716, 0.00354567249554202, 0.0035592038631369668, 0.0032492833757679215, -0.004682790311573122, -0.005234134085175683, -0.0014704859341444895, 0.004370215928038384, -0.00732744541761053, -0.007352277824570869, -0.0042313438186274656, 0.00785318163199816, 0.006996415514395752
4.092068035515159e-07, 1.4868603362452771e-07, -6.230658776486612e-08, -1.2431905290881748e-07, -2.264538771067095e-07, -1.7563567764901246e-07, -2.1284262866405662e-07, -9.939140314507528e-08, -1.4302698877976292e-07, 6.831749174723992e-08, 1.504380465457632e-07, 1.2482877826083464e-07, 8.949895689485144e-08, 5.8453710406525e-08, -5.453604776172367e-09
0.0903340931462316, 0.040554373464958764, 0.01850181202771264, -0.019137462296127075, -0.034114487098252655, -0.04485997857421365, -0.049494545921295, -0.04694325884656005, -0.03689667047496776, -0.028004521809768135, -0.01640911983763958, 0.0005523748978363156, 0.023728558275495963, 0.04397490928457292, 0.05821392376201564
0.016686303221210296, 0.009609405388548597, 0.003409252888213318, -0.003671019374385151, -0.0032856180113371948, -0.010107161382932939, -0.007370616677575587, -0.006569818093036644, -0.009599830008962532, -0.01302068633816394, -0.010225878695516165, 0.004407786256324894, 0.005107947097819354, 0.009880629505280385, 0.014749304224513843
-0.023789037391992198, -0.005582933247329652, -0.0036539098250904624, 0.01325428549797244, 0.009172624205394081, 0.0031783744879050556, 0.016158379872756017, 0.022687734836077788, 0.019780655120530777, -0.01092458449874133, -0.01979743459144722, -0.019407899285318154, -0.01690249462085818, 0.00241905508086821, 0.013407184359272867
-0.004001972100681337, -0.00012094307797879422, -0.0025650909715369172, 0.011061084625062698, -0.009233072072063867, -0.011164288952306312, 0.012252946614119343, 0.009049366688123766, 0.0030921281206195764, 0.006268049238185101, -0.015411660902263683, 0.00070679968240863, 0.004169574833609644, -0.0005567082524450901, -0.003546213472853106
-0.010523640958333112, -0.01091266420100305, -0.007708212190269912, -0.0009675146116076106, 0.004594983495334638, 0.003648463138222158, 0.007518916760376637, 0.012154602668464893, 0.011372046299930282, 0.01343481603027728, 0.008660798153560054, 0.0038768165976435015, -0.0018589367597455944, -0.00964486775763545, -0.023645606665214806
0.014751049365723395, 0.007335764616589896, 0.009750873033549925, 0.00796054241597414, -0.00033294767456357454, -0.011821608406168426, -0.030647989753169437, -0.01813546022778826, -0.009335257276303157, 0.0012458498584288686, 0.005134922699681119, -0.002113228077401491, -9.054033733397748e-05, 0.011163386380734464, 0.015134643382046222
-0.036155812344816254, -0.01095889010598777, -0.004023356223619587, 0.015557408120656879, 0.01902725532905652, 0.019139942349551953, 0.013200718703464832, 0.01258395777283195, 0.007262895191153265, -0.00022155349536891726, -0.009976787823299572, -0.005850587999934492, -0.005063705780230806, -0.0053130357292085675, -0.009208447964249416
0.03289565736244975, -1.3900533383859327e-05, 0.004934942058822523, 0.012676895871544169, -0.015533313703141738, -0.006561991119893246, 0.0018659782464861218, -0.009098162234439027, -0.02169981896958021, -0.03346212044536255, -0.03715135684699374, -0.0033981853779834923, 0.01945118583832074, 0.021533839236057045, 0.03356035061709764
-0.04799948562293538, -0.019089749744309194, 0.0028883361962013148, 0.015890695337594053, 0.020284407458339166, 0.021088086656777312, 0.01708648225985234, 0.015961104685322032, 0.01019468075042035, 0.005721425636452777, 0.004972426820596864, -0.0015498343989600767, -0.01007910556878167, -0.015211788674026394, -0.020157681792543576
0.38106653506996385, -0.10664569174880109, -0.09725995824038026, -0.085945205377481, -0.07292853602830845, -0.059982707606388894, -0.046819370568589924, -0.03196628084266191, -0.01955468619393038, -0.0060110595894926405, 0.0063337769760644, 0.018134200837824813, 0.028385417053432643, 0.04230278956615934, 0.0508907766925894
0.5076680769223658, -0.14271082856730238, -0.12925298138502314, -0.11307175871640351, -0.09639101128564039, -0.07810998784226661, -0.06078666803832504, -0.04403389385973457, -0.0278360224737313, -0.010770053045601283, 0.006421236362636309, 0.022248380114506548, 0.038931586216314804, 0.054716563567770896, 0.07297736203043378
-0.31883388333257595, 0.09085727787612942, 0.08073743539809455, 0.07003046368215704, 0.05901070953918828, 0.04868500972458552, 0.03803392775657234, 0.028988303025953305, 0.020001859778578386, 0.00874173901258626, -0.005449283643713612, -0.01573403883108056, -0.026166676114336533, -0.03450354759951922, -0.04439929627261942
0.0020252419090663765, 0.0014219764282472533, 0.0013709566564744354, 0.0011873095069020252, 0.0002530198206815835, 0.002370962285373848, 6.456114573147064e-05, -0.006048645142788579, -0.006788754908981072, -0.0027426551160197703, -0.0015046457465583323, -0.00013444293033359158, -0.0005611160554043738, 0.003594152232756056, 0.00549207991485255
0.0022561722742013846, 0.0007286224905484006, -0.00013263019676439656, -0.0010430038784460449, -0.0010015738891342586, -0.0010352673540939869, -0.0008883638522920126, -0.0005230489776395251, -0.00012009301646541737, -0.00013614460521897668, 0.00029116984271348166, 0.0003579538535876331, 0.00045869417171008983, 0.00035285139798220557, 0.00043466173931140965
-0.01607409449716521, -0.004837580653024905, -0.0035389282058417475, -0.002748221889086538, 0.006219528677170458, 0.012895679461359938, 0.007214496813049011, 0.0032405998919306962, 0.013067960900361903, 0.013977716031405124, -0.0028954760183784833, -0.00479224493952132, -0.003140441213732786, -0.014089949211815079, -0.004499045146711078
0.0027086454907499064, -0.00197354512211836, 0.00018179905437728925, 0.002743457133612062, 0.0014123087011928461, -0.0018199251030598092, -0.0032845836126053542, 0.0012506272361131566, -0.001778295452795532, 0.0009586190496541139, -0.001457863885063199, -0.004503307279633428, -0.0007341747033222306, 0.0018403540127371418, 0.004455884480160906
-0.016209068382897956, -0.009247646630046359, 0.0029729042413132443, 0.006004005953201701, 0.010173526012203034, 0.0037221441945722972, 0.010432028936599728, 0.010706093750233738, 0.011387859486134045, -0.0010339585640519418, -0.010241528496940398, -0.01653119831887591, -0.005819300193207551, -0.009165053213157602, 0.012849191224920056
-0.03664906658570701, -0.016814267033820843, 0.00519280492360035, 0.018999607007495593, 0.025694460046546182, -0.0013884231412022185, 0.00856899941459079, 0.02304605925767504, 0.019668523894617297, -0.001836849931060391, -0.014451129893703148, -0.02130337650391769, -0.0036429609386733515, 0.00621354241033118, -0.01129792292677169
-0.004960106358786482, -0.002306677037138358, -0.0014728227666406318, -0.00041666340031868375, 0.0020630298540562546, 0.003098481436986647, 0.003558533979234165, 0.004743815243246491, 0.0024273527420111893, 0.0010745600052371965, -0.00029695005843383766, -0.0009038708820949955, -0.001122975378815741, -0.002297701741640288, -0.003188005636902984
0.009647191591332246, -0.007748071079459874, -0.0020913068169422775, 0.003571885868090859, 0.0028004185024746967, -0.004335944869695162, -0.007524913730905218, 0.004868757685743355, -0.0019055387690331753, 0.007824952484645077, 0.002189585720086081, -0.013296654979672256, -0.004725089145588595, 0.0014967743990055935, 0.009227953139918626
0.006637691700723515, 0.0007003391542233418, -0.005219294953209304, -0.0018542356381253326, -0.0013691568677037787, -0.0026375688034052528, -0.0003149935930560256, -0.00125506721096235, 0.001097694617643784, 0.004113336482262383, 0.007457630087133274, -0.005082597142001583, -0.0061312122022573684, 0.00025799113653890573, 0.0035994432321957864
0.0022142130412905127, -0.001692192255116113, -0.0033700691037410455, -0.0023188755312774562, -0.0011299037473183982, -0.00012845448476587736, 0.00023651366861385907, 0.009561856875157329, 0.0017884316728554947, 0.0007756701471136482, -0.00042400801844443296, -0.0025917689980270685, -0.001405886862144844, -0.001747830792102471, 0.00023230438790665568
-0.028037970203361382, -0.0033070808155473454, 0.02610501816727047, 0.025298906684974518, 0.024659806796944503, 0.014949284702173656, -0.021844037609931734, -0.03706413478157293, -0.02786801920987069, 0.005665384457524601, 0.02185910008636582, -0.0087476511140536, -0.014481439293717629, 0.0036856805244007674, 0.01912715160840111
0.00015199561436973842, -0.0002382894690200573, -0.0028819161536874946, 0.003372373030793935, -0.00397919750652486, -0.005062807798771062, 0.002457446799690788, 0.0043958631284910085, 0.005336224020140162, 0.005253453735914445, -0.005628320062455821, -0.0004013433626750426, -0.00047079653935413963, -0.00024236542503051095, -0.002062320011881075
0.002063845609653844, -0.00041662713646516445, 0.0017110858686415703, -0.001445712492483659, -0.0014713669965123728, 0.0010527352758442385, 0.0020081214821695234, -0.0024223444913390258, -0.00042268590667599796, -0.0012787136900712771, -0.00258714956557515, -0.0017131881621128013, 0.0011343814069317267, 0.00017169712224544985, 0.003615921675749147
-0.002816257487417913, -0.004844625115089864, -0.0009590398800424778, -0.0012505437564986849, 0.002635661557508945, 0.004242839937154197, 0.0010398718513210913, 0.008031394421451217, 0.007164629193008821, -0.0024131365792208234, -0.0022302481064936062, -0.0036545026097271416, -0.008454285822085933, 0.004462260069191144, -0.0009540176730586145
-0.024609907476965516, -0.011229649570943717, 0.0056364822393669255, 0.008427448535979716, 0.008744004385134695, 0.021019891597657856, -0.009920018051080396, 0.006206332788698312, 0.016536805223576107, 0.0074850834308973924, -0.021178300934052288, 0.0008815093343264426, 0.02114332432437339, -0.007383046422366634, -0.02175995940460215
0.7490643603318194, -0.21358662088226932, -0.18892285706293904, -0.16467463549797395, -0.1401167059182294, -0.11574350300060601, -0.09076759528901203, -0.06611542845140862, -0.041394840535796736, -0.016421164451879338, 0.008432586834605965, 0.03303029823918993, 0.057683150184115704, 0.08231497276666794, 0.10721798273371547
-0.020515843334421604, -0.009978495293331316, -0.0001134007732682068, 0.005111301298115138, 0.010897774455409471, 0.002899511865187887, 0.012999177291179047, 0.02204600869267716, 0.01538601849319746, -0.00010319724897424177, -0.009272980595342947, -0.020204126153082196, -0.005999303837040165, -0.013407306223412086, 0.010254861363106505
-0.00778416409354697, -0.003948859103598979, -7.82960016182146e-05, 0.003070554516364156, 0.004168866928617331, 0.002600497874863204, 0.004402000126211207, 0.009350476248872952, 0.005318729123273119, -0.003154550156760577, -0.007282806564159813, -0.0072260080436718065, -0.0013367551371364357, -0.0009424302097932806, 0.0028427444920841407
0.002975134407580626, 0.004848706531873742, 0.0028828092947803183, 0.001350719407027082, -0.0018069546739156227, 0.0017188193394705566, 0.003334529465845272, -0.010732123293827077, -0.014747272589974584, -0.006839528919055748, 0.00027689167566910224, 0.00553474281093724, -0.0003070157067360015, 0.0024956247919106214, 0.00901491745841463
-0.008755270093715906, -0.002850875755010737, -0.00015089194518175388, 0.0018602602587527305, 0.004519713146520322, 0.004965854639898713, 0.004379203160456754, 0.0029697564431570337, 0.0026221671353486593, 0.0005713538789183098, -0.002747752638268202, -0.0023313826768269932, -0.0014155743722374385, -0.0025022018656361855, -0.0011343593161752738
-0.02936664707571463, -0.01251385129370133, 0.002690551325115158, 0.0091717684940187, 0.015450072833906378, 0.0029031853428822993, 0.017568570471505823, 0.030817560188252165, 0.018849606912701784, -0.00596239576660527, -0.017460721421070826, -0.024990277502762132, -0.009968160538546093, -0.01479944834580299, 0.017610186375821107
0.009060581940527782, 0.005769178155593721, 0.0005826880758256279, -0.005478353964572862, -0.006815075374865726, -0.009192685844183562, -0.006758546114334343, 0.0006500717900541839, 0.0010469124489473555, 0.002935304189592858, 0.0029345601515860676, 0.0048802855044038865, 0.002427071333716561, -0.0003662691877485884, -0.0016757231045433085
0.021083348893925997, 0.008692269924917562, 0.014022113956209966, 0.008276443478026049, -0.008928598917063177, -0.016832603749449802, -0.01619982945194923, -0.030962195643184087, -0.021040974738850724, 0.001645647455024367, 0.0022846373854182927, -0.0011986576425486852, 0.00973385690337251, 0.0126481094990713, 0.016776432647079214
0.008211855718451979, -0.008997376131306125, 0.004408415886894344, 0.011297889739938807, 0.007250563201328957, -0.008452118197841255, -0.014594905367118608, 0.0009556187586282627, -0.009628856144400951, 0.009057696985402172, -0.002397506356992793, -0.013889106226938876, -0.001453383288196099, 0.005104237884999934, 0.01312697353715018
0.0012835351356078786, -0.0006760097143705365, 0.0018626515591742925, 0.0037007271444869034, 0.001364417111785858, 0.0009572829571194202, -0.0015559794714367305, 0.0004985895253015034, -3.7599749925590224e-05, -0.004283372934357172, -0.01049370254168372, -0.007656621370773985, -0.0018525595357822189, 0.0047490649732670935, 0.01213957691158664
0.018060593384858478, 0.004541469946042382, 0.0005991714639142297, -0.0015023404184267687, -0.00282676556906051, -0.015616051111707139, -0.009373328528904013, -0.009787525307208812, -0.00517279015031984, -0.0014099694953023717, 0.006693592794757879, 0.003964665979217049, 0.0027604078345681276, 0.0036570950194300417, 0.005411774158141376
0.0010470847999832754, -0.0008270022074196284, 3.065018340571642e-05, 0.0010307875564809677, 0.006771449827587924, 0.003634172929633405, 7.587290950213967e-05, 0.0001729653951128622, -0.004070593831546616, -0.009190704433202442, -0.014614147365590314, -0.00019650713382779326, 0.003267370079678417, 0.005034036349922356, 0.007834564940279688
0.01723766860408822, 0.0013559494967459328, -0.014353025948488704, -0.018424986934583505, -0.029966707490120384, -0.00258938174331109, 0.017437278741562316, 0.02175191656871482, -0.0004800512376180285, 0.01868991810880096, 0.002941939418528434, 0.01745142590907793, 0.0021527270021005243, -0.011830444098994974, -0.021374226396502716
0.17004763461561292, -0.04467634465788467, -0.042776902457027956, -0.037874478865505684, -0.03341466673322217, -0.027314653534833238, -0.021462472794833997, -0.015893651966679863, -0.01065455559357353, -0.004110151745655476, 0.0017674884521045797, 0.008094490623908952, 0.013174159630560005, 0.019777935558425917, 0.025316169468604603
0.02633473852057111, 0.011879990363862286, 0.007664900548026561, 0.002900863413721822, -0.01303210789713067, -0.017173380105008042, -0.02016456452225774, -0.01566363940734636, -0.014448225940158614, -0.008470205630150591, -0.00315572626225071, 0.004781860585776708, 0.010554607398341425, 0.01503746608709571, 0.012953422846907087
-0.12137245894128472, -0.07343047937943803, -0.06346759217744842, 0.046793229903165104, 0.09538166088676509, 0.07711963762692642, 0.08192338686122408, 0.061954452743099374, 0.043936667027261386, 0.018511528238234577, -0.0043002968374675175, -0.020124303808500825, -0.03522286812604564, -0.04442318562350652, -0.06327937839298405
-0.010767398258582443, 0.006786298838789241, 0.0127199685693632, 0.018834796575710466, 0.008868728551612928, -0.0011102741263951399, -0.03115418272762361, -0.023126189167691102, -0.014400203885340277, 0.005632036147280082, 0.01687098293881655, 0.0012121190834966284, 0.008313257150125227, 0.005615512436608695, -0.004295452126170498
1.4790406161245713e-05, 0.00016589400412625262, 0.00013431542360505894, 0.0001030787715355029, 8.154377258323598e-05, 2.069036563102516e-05, -0.0001003764171852816, -0.00023914534950458, -0.0001931367179761239, -0.0003299499690610968, -0.0003642393580322736, 1.2817459955948863e-05, 0.00018294525890977348, 0.00022722314505576073, 0.00028354920419541895
-0.008003352772851548, -0.0024842938770476618, -0.0035122482583191746, -0.00012178218617790471, 0.004613416828520538, 0.004259554424099772, 0.004086142239736731, 0.004103350555263668, -0.00012976251515325662, 0.003358691167392674, 0.004262864600160441, 0.004492046400854168, -0.00018763435831282318, -0.004220617170137053, -0.010516375078028582
0.003957263223616068, -0.004021351878745181, -0.00022549855723571553, 0.003417371389112245, 0.0029837542028501047, -0.0018892952520187523, -0.004234697495498384, 0.0018716157429337077, -0.0038392659268064225, 0.003235163294407781, -0.0013290347747760768, -0.006221904051552024, -0.0007871640751935576, 0.002349130195718102, 0.004733913963187551
-0.0018295600037281743, -0.0010615485323217278, -0.0007506197683287462, -0.00015811035999594767, 0.0011096642790811941, 0.0014394586879248217, 0.001602091781867482, 0.0013451028428763689, 0.0010229334373848247, 0.0007476665430508079, -1.2447764599268744e-05, -0.0009598134587534265, -0.0011328747870735893, -0.0008045553156914032, -0.0005573875816932799
-0.0023066518877560118, -0.0007528257758445267, -0.0006359384594762027, -0.0006824353036754944, -0.00031628798690738454, 0.0022961668674788024, 0.0030618282949654817, 0.002521177374911438, 0.0009271279998571809, -0.00036507970195006863, -0.001354041145043588, 0.0005205633647527271, -0.0006721226907953856, -0.0009662281755173555, -0.0012752527749996315
0.003424393426591771, -0.003252403640163287, 0.0001999065587692773, 0.0030263884022659437, 0.002345221081928355, -0.0015043457742407646, -0.0039734827997566485, 0.0010175567946243609, -0.0034630585889248756, 0.002650850385093802, -0.0010681218913763553, -0.005459594227960339, -0.000322182462893192, 0.0022221889875032597, 0.0041566837485391365
0.0023398281496888286, 0.0020771406246627637, 0.0005978596165404437, 0.001154498873028227, -0.0018738157254878872, -0.00458466991407838, -0.007206899383628273, -0.0006291051725613404, 0.002829476054144069, 0.0035113767751341583, 0.001703642647357959, -0.0001955816054056017, 0.0009841496618731647, -0.0003049727570116402, -0.0004029278442564281
0.006769268008286543, 0.005485613877269106, 0.018177998074839496, 0.017629941772382467, -0.012587741384361603, 0.007275893747079167, -0.0047327664170080455, 0.0014903372023855773, -0.014484779337229456, -0.0295178501321154, -0.05061497213830854, -0.021838886760164662, -0.007174731363257482, 0.026500010368674408, 0.05762266448152841
-0.0035970363014219704, -0.001186077202113869, -0.0004073098465755584, -0.0031266263017089724, -0.0018041079153912221, 0.0013698786066229712, 0.004501256175216649, 0.0032806139862461337, 0.002281063286851846, 0.004202377995967672, 0.0013426563213445582, 0.0066376193815896115, -0.0009917659171518175, -0.006202277582851484, -0.0063002646866247335
-0.008878787778633254, -0.0026431337707985493, -0.009695750056797528, -0.0042124664326816256, -0.0028893132800348748, 0.006077676588010198, 0.0028007832041711646, 0.015114426343181145, 0.016915933485723712, 0.012968624525038297, 0.008041451403359145, -0.0034020721716054776, -0.008517338124857722, -0.003926943553503226, -0.01775309038057131
-0.008866553967799244, -0.006622510691082564, -0.0001357840764635118, 8.243193431148332e-05, -0.0030661366634828356, -0.003419890070957745, 0.003982105338861082, 0.018320045645476127, 0.009086213552727582, 0.006326354661285057, 0.012875717832314424, -0.0014103634805787645, -0.0066141627593809945, -0.007902242773924747, -0.0126352244813053
-0.011237060377765305, -0.0026804901432719713, -0.0019567702803201157, 0.002160894238903253, 0.00638585839660802, 0.003125201283587438, 0.0031633387193436, 0.0040418746026800465, 0.0022685575960185935, 0.0024060172872924193, 0.004554857748336471, 0.0034480881589033646, -0.0020331308283010026, -0.0038474694307491526, -0.009799766971265774
0.004851795413933272, -0.003053767609252973, 0.009660724494412753, 0.010428461159213854, 0.00031967280974817336, -0.005889227620345465, -0.0057110872671578584, -0.015053705697038892, -0.007566560856176966, 0.0024482839350637832, 0.003047775075662552, -0.00925260750482165, -0.005451819695240266, 0.0016313420071159873, 0.019590721354883395
0.03012795126866515, -0.010651528167083231, -0.00959682027853039, -0.006610902555801091, -0.002835828502074896, -0.00204884170758692, -0.0034960124258931248, -0.0028028879725428522, -0.002665653039521816, -0.0004437430551440623, 0.0008399039755547233, 0.0014024606321112333, 0.002977861093441636, 0.0036364089983385523, 0.0021676317360671514
0.00962155654193321, 0.002436229987827589, 0.00021617861221386037, 0.00023123940103534211, -0.004486610492628719, -0.00248628423330588, -0.005315838892778861, -0.0032551388176174506, -0.0032055505757114877, -0.0026199462518010255, -0.001704794283579768, -0.001190200276997778, 0.0003610547259798636, 0.0030454909314421843, 0.008352613623989065
-0.012566807526391662, 0.0013819561847959888, 0.004066946617210939, 0.006139451697803244, 0.005016439675522782, 0.002289897038101904, -0.0018052218815973607, -0.003798231002380119, -0.0029985110673123937, 0.0008822373445956604, 0.004972363841331318, 0.002736623248823835, 0.0005919203466404005, -0.0038148172681181564, -0.0030942472490263664
-0.10047694814606896, 0.02784434104239779, 0.025840621288355937, 0.023597063542331764, 0.020102212336023488, 0.01690883697452997, 0.010994157266645434, 0.006284013933603236, 0.005722047238342952, 0.0032360061145553054, -0.0043573904482288196, -0.005822167833576091, -0.007798142619698545, -0.010117289201310047, -0.01195736148790331
-0.014773717097633376, 0.0047383034835893215, -0.0202548133035451, -0.01944353368987939, 0.008116904113396018, 0.012702234615087097, 0.00665243114744093, 0.014262696668419577, 0.02697014213264064, 0.019615310491292913, -0.00565640698184182, 0.01223053768703805, 0.00035882502644556195, -0.021057794655732466, -0.02446111963671769
-0.005044674613894072, 0.007997744424941614, 0.0007975085793694758, 0.0017955937788272092, 0.0009963074128822621, -0.005788788177853668, 0.009832359667630982, 0.01584932201389136, 0.021121569067859062, -0.0030423882742256934, -0.047774521324180086, -0.04048454989395451, -0.009157467326297302, 0.009214217179470383, 0.04368776748553321
0.019770105716461605, -0.0003746552938212042, -0.0033865153622251276, -0.00741575106263073, -0.007148003435643556, -0.0023465568218398996, 0.00045950907537883727, 0.006389406327389231, -0.003601340915765815, -0.008785345588100143, -0.007342010826681988, -0.0063625457284064366, 0.00029857338584834644, 0.00789092083844041, 0.011954209691596765
-0.03887138842554698, -0.03030110612561968, 0.03261849670800151, 0.01887780600776757, 0.019228441656419685, 0.04000508363471421, 0.049394879766940625, 0.035954578735639287, -0.018455965877395324, -0.07556163594617388, -0.04895982622266148, -0.06766023897944369, 0.0024206009421583103, 0.0223875273875298, 0.058922746737670034
0.12343738978816698, 0.004059985008281824, -0.04003860758052589, -0.03683182376780258, -0.03480239061968207, -0.026589520152418188, -0.023051099420027893, -0.016458424231579543, -0.009866327765279695, -0.004890247970725044, 0.0008944574730578896, 0.007680089213012253, 0.015080822454485502, 0.018526906825063014, 0.022848790745973027
-0.034315272966906334, -0.0008935046766754983, -0.018294965984216656, -0.011068484575437793, 0.014078491676040875, 0.013346734161960184, 0.010657554090733424, 0.03343787118183859, 0.036302846219967676, 0.025621128040303576, -0.01524148495077109, 0.0024864694444026135, -0.009003111047393327, -0.021318714699562306, -0.025795555914283827
-0.023830476668129118, -0.00864937825793381, -0.014366469068529744, -0.008235639626283372, 0.007615578194436033, 0.010224312014091963, 0.012994499845825246, 0.029835759537562397, 0.02565442751074031, 0.014483690885029625, 0.009324106159520992, 0.005944138547186049, -0.015552035987031169, -0.022292437977475234, -0.02315007510901017
-0.07885213291470498, -0.029500166353033794, -0.004946592812490842, 0.019305742701395876, 0.031589000687594904, 0.009750121808141464, 0.04866696003178154, 0.07137642881198769, 0.045310997856631195, 0.006555169828272432, -0.017742734061774654, -0.042723504234416454, -0.019664469699230063, -0.024355265589885794, -0.014769556060268673
-0.01126009926983335, -0.004053479578900428, -0.009373772546133773, -0.004123397284428028, 0.0018138472460785848, 0.010773434836314773, 0.024023738963519097, 0.020036104217771772, 0.00394985511921523, -0.006744640834839316, -0.01510992452333736, 0.0024086797639488906, -0.004244776010333742, -0.00763547795341365, -0.0004600921456288621
0.02400164448888324, 0.020355997496830983, 0.012827928960646582, 0.01603477173342755, -0.010195670755202843, -0.023241225253877153, -0.037414678345166485, -0.0317299869446085, -0.01898912679483348, -0.007286093530129781, -0.0019618352139293897, 0.0034141725306312868, 0.013766169972874885, 0.022024155049607388, 0.018393776604845685
-0.019192192959536853, -0.023278632749555522, -0.013868584415163676, 0.016886431287460132, 0.010465150279853437, 0.014529518975405446, 0.04013808685644519, 0.050215533598891075, 0.02742010085395631, -0.02319218593021321, -0.058259969232354755, -0.03555413628127528, -0.03961405067088588, 0.014325304019003034, 0.03897962636797053
0.4094258777979167, -0.10508607193492908, -0.10861018147114002, -0.09460099729605698, -0.07869218350232332, -0.06429940779077671, -0.04989896208565198, -0.037895459953857076, -0.019511537705757007, -0.010772003230301806, 0.0044709773557339814, 0.0174037648259335, 0.03184631064223127, 0.04530763259684473, 0.060912241752134125
0.05339829769197163, 0.03022208647608608, 0.008760614312453629, -0.009811302090786773, -0.026331713272555096, -0.03947566528962429, -0.04339542056586687, -0.028349715042337388, -0.02410126767718001, -0.00575040267084157, 0.01063435018958037, 0.03332016860433999, 0.026246111179721164, 0.004912640014458483, 0.009721218140580483
0.08479345880021505, 0.0349905517789441, 0.007965164631090845, -0.015477534847718763, -0.036294721419302914, -0.06027117269197227, -0.04832829452807349, -0.04349310519363165, -0.024093317772910402, -0.017702491297545805, 0.029804498189741596, 0.03215952847875675, 0.012906821847422919, 0.020713313658428628, 0.02232730036655519
0.026716730811549048, -0.01319282894130263, -0.020112300965674137, -0.01995582776515653, -0.020075917813384525, 0.008558903082073107, 0.03963123496967264, 0.047728040883959634, 0.027627955817419246, -0.013272930486649707, -0.050311107655019054, -0.059081085485115016, -0.005174629499350488, 0.020351009933002696, 0.03056275311397567
-0.017607130616933985, -0.006032052310417158, 0.004227042529107996, 0.006286613360788753, 0.00010870445093634018, 0.025965860463020747, 0.025582565064383514, -0.004841165225581701, -0.006158631978672412, -0.015682958100939882, -0.019247733379661028, -0.007765283100066164, -0.0010640565895621958, 0.017268577116682095, -0.0010403516830848093
0.000267285823292584, 0.00046284946207646757, -0.002460488839700782, 0.004065914079691629, -0.005530461985570528, -0.006621387006077084, 0.003705240461161518, 0.00430566770177426, 0.004325244226007418, 0.005178204406658824, -0.005585111358791198, 5.100489000358114e-05, 0.00043838041854690193, -0.00037454548587996647, -0.0022277967931936173
-0.0036497195635259044, -0.00555885015586377, -0.007743870535114408, -0.009817277789668209, -0.00046935124307514423, 0.013179561539400041, 0.012423247870382507, 0.008113086716507147, 0.013419242880025356, 0.009763195788008744, -0.008116247200766867, -0.009214951714733344, -0.0028852040891391324, -0.009273687473794725, -0.0001691750286423833
0.001017534505735642, 0.00035194547310366827, -5.2013443679583366e-05, 0.00074860294359911, -0.0012232807187983151, -0.00078447064246107, 0.00050233893532583, 0.0003680019499663859, -0.0017504403411515682, 0.00022308542973820887, -5.06713100932889e-05, -0.001294225706682586, -0.000753126513564922, 0.0012459028374486492, 0.0014508166015138402
0.012259515342701397, 0.0030016844326272024, 0.007640585800279109, 0.0037291253238001462, -0.007063238244588075, -0.008389484809459308, -0.005108982744247644, -0.014130855806178483, -0.01434457801110834, 0.0019712992445992845, 0.0011900770400145554, -0.001091301271335398, 0.0040663066759262165, 0.009155031886870602, 0.007114815140098808
0.00277019414664361, -0.0004058561667409778, -0.0006836534371254076, -0.0007226565162645264, -0.0007069129745729968, -0.0005371397129249851, -0.0003783677629830537, -0.00020041265788511544, -0.00024309133684108104, -0.00010013845226484413, -2.1578120019079943e-05, 7.697220000602565e-05, 0.0002172571017075207, 0.00035981486916559884, 0.000575568820099283
-0.0016695769340225042, -0.001053946757024399, 0.0017156007778951167, 0.001509509838564539, -0.0007700154467099431, 0.001116286386328927, -0.0019005901952832407, -0.0008322289698326487, 0.0015649154654371349, 0.002488410788434106, -0.0010690901662901982, 0.0009015232322334371, -0.00019400870535793088, -0.0013042696557036982, -0.0005025196586688675
0.0001935374614007953, 0.00039871214805691727, -0.0021596483986868298, 0.004038040880188394, -0.004365005871928372, -0.005627309441399603, 0.0032777522009459934, 0.0019790656356414877, 0.004295287362106508, 0.004965643107035584, -0.005311303896569097, 0.00015273265586099294, -0.0007360473146317118, -0.0005159121072198678, -0.0005855444208012124
-0.02332922838402014, -0.010052350349783964, 0.0031306214439689208, 0.007570238831005077, 0.012827718414918952, 0.0017013319555181788, 0.01327393921926346, 0.023554256207010023, 0.01504952978218349, -0.004546714060180458, -0.014763074287433238, -0.019863825012346202, -0.007428071665293044, -0.012274504372083578, 0.015150132277272167
-0.01022422210062858, -0.005285276449113043, 0.0006855168009190555, 0.004562759996930152, 0.006260527251150349, 0.0008962303202347472, 0.005913691855657528, 0.010969327188592776, 0.00676531053397424, -0.0030364990695449408, -0.006647882228571466, -0.009354229513234755, -0.003560372658551851, -0.004969433974041779, 0.00702455204622777
0.0012330170156640576, 0.00028295037339862866, 0.0006240987465885768, 0.0002746513124650004, 0.0006061672128996069, 6.138488329837899e-05, -0.0033272318891091326, -0.004648779528025251, 1.9434894476454687e-05, 0.0019033389757947086, 0.0012912941685538507, 0.0016068431130747888, 0.0010409378329167486, -0.0006066526643940156, -0.0003614544476023893
0.00030047434020684686, 9.632459395737217e-05, 0.00032687922524875983, 0.0003618089132127238, 0.000727319264152386, 0.0009031057540290421, 0.0009664567773726845, -2.5918044474464386e-05, -0.0010007902676897268, -0.0022699299934983382, -0.0036638601214125195, -0.002310241912587763, 7.942976170327836e-05, 0.002469016705525166, 0.0030399250042546315
-0.0009697104547274488, -0.0022007239924877985, -0.0025874155601061486, -0.002962487371628593, -0.004406464803435198, -0.003230071572792662, 0.005092226798990502, 0.004717230860978148, 0.0063770068163079485, 0.00845723281573769, 0.009705039267445427, 0.001537151449704516, -0.007499231976865967, -0.0037827845932704857, -0.008246997683849918
-0.00774830329460101, -0.003100118357478577, -0.00011941148374735797, 0.0012463567725064652, 0.0038049981763642812, 0.003157536055242283, 0.0036507667879660506, 0.007494301925332376, 0.004743837235169464, -0.0009378362871074274, -0.0036904183778632277, -0.005268595375066612, -0.0014121533556832018, -0.002015331590307619, 0.00019437116927389854
0.00833351857187968, 0.004604772696920147, -0.007198703021479402, -0.017362199062540717, -0.010442084263612643, -0.004766886473306899, -0.005235114345173264, 0.010785691056285775, 0.0012970180002777401, 0.005503138218197749, 0.024695373029125084, 0.01882180375321757, 0.013333097906493285, -0.0026696791390979427, -0.03969974692718623
0.006584939599932782, -0.009498573533250971, -0.001441499541280455, 0.013244136197767306, 0.0119487717109481, 0.0013372094262042002, -0.011409351348804614, -0.003965911572573994, -0.004797957392242522, -0.012732452627512325, -0.0009242682444548676, -0.008495073638395006, 0.0008776322016062696, 0.010295424687073671, 0.008976974074982434
-0.0344570049408066, 0.008472845364450669, -0.03238296580579328, -0.02026320196802394, 0.020318425710293016, 0.021952959379880767, 0.002828835935194788, 0.017785047704291998, 0.044639913927433564, 0.03898017535650625, -0.00653380772592683, 0.01349976294234963, -0.0028616969531381677, -0.03552604654643958, -0.036453242380272144
0.0024651424463135543, -0.003530663912448129, -0.0058661029676282915, -0.004986708015608901, 0.0025183078853966735, -0.008123422413349839, -0.005813209269229158, 0.012294046109340918, 0.015327144510405, 0.009312098783970294, 0.006929015760025986, -0.004266416255168518, -0.001304008707510035, -0.005823423190554147, -0.009131800763954872
-0.01164882650029468, -0.006604670607012562, -0.003097023277159757, 0.0001141321162987576, 0.0014995892909442272, 0.005386963333010963, 0.006356080742323043, 0.007243758564902173, 0.007457466614632783, 0.007075604273524479, 0.009798722652775253, 0.004324751327317379, -0.0017319430580721128, -0.009008483389849121, -0.01716612208334085
-0.002969018573932797, 0.002325391812205154, 0.0063726984995804165, 0.007325635555893221, 0.0022606139678553487, 0.0010953115992672876, -0.009870743037286148, -0.00864966204350287, 0.00013634779346430965, 0.0005593092738979859, -0.005883455447281171, -0.006346064696381227, -0.001128907686278464, 0.0025466260180001163, 0.012225916964498647
-0.0020445748172439895, -5.250842926985094e-06, -0.007781352863908495, -0.006206604176534814, -0.005193033880736692, -0.005403238518718684, 0.016636196376244847, 0.011275980457105237, 0.00521178897712391, 0.008357473697398636, 0.0016072320285460589, 0.0032648251126637506, -0.002735569695575998, -0.0049311264363693895, -0.012052745417067478
-0.04785903268871212, -0.025104036642080534, -0.02660108078557643, -0.007985997627378609, 0.01967969695104744, 0.0385782522366788, 0.045634410618118834, 0.03436075275124756, 0.04218623459027226, 0.029038171138998838, -0.007143077556580267, -0.013479399086890281, -0.020415426807421234, -0.03463081866196277, -0.026258648429761597
-0.018487377230508403, -0.0022248690398706103, 0.0041514674464862835, 0.008957871888698832, 0.010914418871271042, 0.008863919901967866, 0.003969226704736288, -0.005307165878900781, 0.0013953750803168416, -0.0004550708056345141, -0.0052428688201045575, -0.006128735447893885, -0.004026628443246695, -0.0028166996472295215, 0.006437135419911624
0.007994389426154977, -0.0033508566554539456, -0.0029530994537429207, -0.003376479252416683, -0.003319275034820336, 0.0004693075539316735, 0.00666353581892379, -0.003809966740020619, -0.0028338071684972013, 0.0025026106271780132, 0.004329204706074419, -0.002022391078728593, 0.00015190118060868021, -0.0005150453064315663, 6.997137724059667e-05
-0.044668068056064, 0.0013718486162813044, -0.01953894257934822, 0.0022714343193856188, 0.02235535570264785, 0.020133721972729904, -0.0020017527362189086, 0.019107935542892175, 0.03641984446818228, 0.03611193903480088, -0.009816495850594442, -0.006433313856874088, -0.01306897072463736, -0.019873023040188023, -0.022371512812994834
0.02607703400056781, 0.015444177817106337, 0.0008326903263400475, -0.004735800700463052, -0.00839446696961334, -0.010143086668159081, -0.013474767597426942, -0.014557956826264899, -0.012849779918173045, -0.01292965412662373, -0.006777949697892683, -0.0015390680437934214, 0.009484014403462367, 0.01569294868970379, 0.017871665311230456
-0.04399164735031942, -0.010485816524189707, 0.002398159895765528, 0.0077639153249880345, 0.01565060924320939, 0.0005541604039973388, 0.026535304387495417, 0.04154885849289889, 0.006887814864865723, -1.9974405819297297e-05, -0.011626386024277461, 0.004531054317025685, -0.007132349609244526, -0.020650227019018974, -0.011963475997376762
-0.055217509898381235, -0.011179831129338163, 0.005109623855616946, 0.016821065014015188, 0.02081047434355361, 0.01949027316130516, 0.014938039769246108, 0.012178447497230313, 0.006088116603207934, 0.007645835888192545, 0.010205801800699351, -0.0006973532736220794, -0.0075575470700112255, -0.014608842986819396, -0.02402659357489504
-0.01817717593872134, 0.002187849944444473, 0.010349850479002217, 0.006662652896364647, -0.005425556731767069, -0.003396074813209085, -0.015978431652089467, 0.004431402279370246, 0.008064229877226643, 0.011656294034379035, 0.018337349484291807, 0.012593893169555732, 0.0009276566339338132, -0.009474335994997717, -0.022759603667783963
0.04502436682213684, 0.018640478423268405, 0.002662769970261856, -0.0006536158651760555, -0.017319729437426545, -0.02812635257226714, -0.029662179351483724, -0.028128776536301945, -0.019928653499195773, -0.013263851290614581, 0.0016373101970681113, 0.028358133452196163, 0.021126405810921064, 0.01511724263358433, 0.004516451243028623
-2.2636875543761218e-05, -1.7483159658283949e-06, -8.269186414188781e-06, 1.522201039255632e-06, 1.1919446772084459e-05, 2.037661235727117e-05, 1.904838574865508e-05, 1.1167726879239668e-05, 4.584922470032366e-06, 9.239179799273494e-07, -1.5285527660003832e-05, -2.5291696620803017e-05, -6.060034558443383e-06, 5.993382526371218e-06, 3.7550409902253246e-06
-0.013782628031952633, 0.004336753272570034, 0.0053364539179806955, -0.0009236359032655517, -0.003298543632256395, 0.016427358942979427, -0.0073931776516591285, 0.009106414575120562, 0.0041896560440118965, -0.004216349225700974, -0.008469695110599695, -0.009253028754675001, 0.010399197023455228, 2.455537120403898e-05, -0.0024833308372125312
0.00010476383492197422, 1.6628392784918107e-05, -1.0097518942021625e-05, -2.20507500840998e-05, -3.882784703700882e-05, -3.463369593117452e-05, -2.9056411669444963e-05, -2.658069959330751e-05, -2.4829178994709034e-05, -2.5835963058237293e-05, -1.4180086265431046e-06, -2.1384344735298158e-07, 2.7122949701611832e-05, 2.9586162081912014e-05, 3.5442577893528255e-05
-0.0011338218604008945, 0.0002727212928348306, 0.0003001609040134317, 0.00023264391439043947, 0.000214084379200379, 0.00014592366461393334, 0.00015301225228063993, 0.00013142034325294659, 0.0001078803311157091, 8.79184254625385e-05, 1.3194910316843631e-05, -5.624433925565407e-05, -0.0001098963189407931, -0.00018220996186694185, -0.0001767879370174007
-0.011450646108918982, -0.004568720302506917, 0.005778764077222474, 0.012879911860706505, 0.009049449537832243, 0.005781759399702439, -0.0003097514111768, 0.000572409408679513, -0.009995198027980434, -0.005993244083334724, -0.009037623854429643, -0.0029382292288640003, -0.0017861182901344273, 0.0030938537851630194, 0.00892338323803967
-0.012145231904526316, -0.006791773856051666, -0.0035546938258941615, 0.0007017259696951761, -0.0006837297544217732, 0.00894161306695081, 0.009738123776440484, 0.008761100649974247, 0.007627078719524571, 0.005352595266341517, 0.003578633540620498, 0.00245661834244393, -0.002533481184640667, -0.008749143252946583, -0.01269943555350992
0.007309301404554531, 0.004615426724158612, 0.002203452829601257, -0.0005205948951941715, -0.003931610600618042, -0.005857301385969626, -0.0062046617208987515, -0.006396102560866659, -0.00310030112551915, -0.000529389005814112, 0.0027193991864587347, 0.0033429547763338275, 0.0010656886420780491, 0.0016070864104499106, 0.0036766513212452686
-0.018545101440421947, -0.008124427893587187, -0.011373728074809582, -0.008275048171399731, 0.00554438709378387, 0.02093350763055883, 0.015212070084139747, 0.0063143753567917625, 0.023971181179625253, 0.02284653869859858, -0.0038813417199204743, -0.010313777922830537, -0.003664155091499055, -0.021248147957448536, -0.009396331771580982
-0.0030359688326223448, -0.000764195522221138, 0.0007472116034272885, 0.0009124890863833749, 0.0014969433305435965, 0.0011862014072298221, 0.0009407271728808861, 0.00026994543712016787, -0.000433209827635096, 0.0003576866896311347, 0.00021246124035967465, 9.307854788180494e-06, -0.0004981632389257349, -0.0006971116894469053, -0.0007043247115129716
0.002461990383001374, -0.0019455824156177303, 0.0009533235793936168, 0.0033258917572206743, 0.00176381638244969, -0.00268098297315497, -0.00431046791446171, 6.241020546811082e-05, -0.0026847532139984143, 0.0025967109027529895, -0.0007106428704485375, -0.0038968303801756605, -0.00034675427050159986, 0.0016891045037312165, 0.0037227663243418383
-0.001912230047811762, -0.0004539017397980326, 0.0004984445418063538, 0.00083558815724632, 0.0010154874674759415, 0.0009274933032654652, 0.0007584637408887873, 3.711654535511866e-05, -0.0001241411511587125, -0.0005461534845391468, -0.0008021780688890634, -9.210472652125013e-05, -0.0001276700528396407, -0.00011472020294433279, 0.0001005057184639235
0.004682742581999535, 0.004091967103197199, 0.00389501016924003, 0.0021912006168156584, -0.0019489767087452203, 0.0003528239094746255, -0.0020448786819818967, -0.01053380060741947, -0.0100884602362948, 1.6547902206152468e-05, -0.003360933658842134, -0.0034864921579222828, -0.0024987225937438146, 0.006161366507922374, 0.012570605854093904
0.0058241775234766065, 0.0025860483088610054, 0.0022076891849965963, 0.0038497057360961976, -0.0014486807996076081, -0.004522857868090739, -0.004427458752987468, -0.011440306697014303, -0.008665947124711528, -0.002503574744679182, 0.0028692310891545825, 0.01088191812769701, 0.0036143692692273033, -0.00013966175549102826, 0.0013153485030722918
0.0005093297328862487, 0.00023017396880869746, -0.0024750006598926503, 0.004321835082958127, -0.004967100755471825, -0.006319658933232696, 0.0027989883149010545, 0.004120103834906451, 0.005229720722209607, 0.0052132530629525236, -0.006959213040037474, -0.0004898933054994177, -0.0007532498963725542, 0.0007206909628832812, -0.0011799790919994559
-0.0013127128887575363, -0.0011258819904057802, -0.004677379351860517, 0.005291572531189391, -0.004714786157961963, -0.003814175212832076, 0.006454152910133198, 0.004842291357311442, 0.005251565699663006, 0.0071631815682195055, -0.008052233124334032, -0.0010975277523564244, -0.0020203185793993953, -0.0009012727158852323, -0.0012864762927236048
-0.016110940387048744, -0.01280205951647116, -0.000913773976432634, 0.0069970836259371175, 0.011730889792795114, 0.0002672752380425673, 0.013801788363943465, 0.017246620408434356, 0.019048590666705337, -0.002081419126738641, -0.00919698453843684, -0.02160902123102044, -0.006160232325399447, -0.014826699745161591, 0.014608882750851688
0.5342175690472978, 0.5156131491452522, -0.32949017026440325, -0.2928815146501778, -0.25361150432401125, -0.21536478094982076, -0.17335546883835057, -0.1304685923877313, -0.0872700264561944, -0.0397671864825477, 0.003920701332507028, 0.04882999635001821, 0.09413482433387778, 0.1400974160858337, 0.1853955880584501
-0.01405116761718633, -0.005576214066147511, -0.00855914525323253, -0.006234252909770418, 0.004184293450942678, 0.015006500566326205, 0.010908629038048826, 0.005408050285253777, 0.01791038300515321, 0.016839539097557144, -0.0028037975895497057, -0.006449600184754778, -0.0031829064923270607, -0.016263358982326725, -0.007136952347986847
-0.0016493694115443309, -3.6738300954051705e-05, 0.0010211198026044378, 0.0006327450622732945, -0.0011604932978538866, -0.0009426249021133737, -0.00218856653434745, 0.0009115124879749941, 0.0014593873328138968, 0.002013690165090175, 0.0029727211075242623, 0.0019990646405793917, 0.0008213630656613422, -0.002783940991214317, -0.003069870226494367
0.0027351164847081518, 0.003175266028787016, 0.0016157808159483645, 0.00033855777210843504, -0.002174193660090429, -0.006172030092876002, -0.008537235427925354, 0.002336939671689146, 0.005736961448336945, 0.0028140541742623926, -0.0017529175841164795, -0.004855313216187011, 0.0006761157853337215, -0.0017207424333276304, 0.005783640233348421
-0.021815427902157278, -0.009980162854010828, 0.004241832183679221, -0.00705001133363055, 0.010584993208016535, 0.02189659024810764, 0.013664417772453745, -0.004528893530025341, 0.019649174378451303, 0.013802117174610181, -0.007390800367570585, -0.0040451231958401005, -0.02656070640650768, -0.010811733857400033, 0.008343734481823647
-0.0029873644597314, -0.004508315069874669, -0.008549334793068141, -0.010185157225809585, -0.0001844262661543139, 0.014784657319433406, 0.010128896901314148, 0.006185448346014633, 0.013197462527334697, 0.008671246973300007, -0.007939592426690836, -0.007383977744711557, -0.0008651922290122303, -0.007387344132224179, -0.0029770077201198065