
0.004005107208896181, 0.0004270130926557139, -0.0007125772285488687, -0.0009694258062160949, -0.0009194948368655047, -0.0012754394679715766, -0.00102880222093594, -0.000745999859032954, -0.0003178597861175957, -0.00044760921540193833, -0.0010090538740231097, -0.0005897275973978319, 0.0003647667098850441, 0.0009393295052412191, 0.0022797733758332613
-6.218134024869498e-17, 9.878613157049716e-18, -1.2176861974087155e-17, -9.158595245711538e-18, -2.0984024324544335e-18, 4.973475561478157e-18, -8.208071064280176e-19, -4.613848525696287e-18, -4.052540868458498e-18, -3.059495684316313e-17, -1.1193854809693669e-17, -1.135053289258188e-17, -9.247634405621496e-18, -3.3530034623145836e-17, -1.2651406659701528e-17
0.03188722023959491, -0.00666901316411477, -0.007696389411737614, -0.006444576304413374, -0.008367895060613006, -0.006003722775381884, -0.004295725687837451, -0.0025342498605390243, -0.0027918648638492988, -0.0007613987490216036, 0.0007692830383062432, 0.0006390854839001986, 0.0020907429475640034, 0.0047234186077514265, 0.0054550855603911945
-0.0033470745542472664, -0.001233404184451663, 0.0004915539349033484, 0.0011426462459821472, 0.0015431251786858587, 0.0014135826427659531, 0.000990765419742437, 0.0007809544405066856, 0.0010294543708139242, 0.0002777113077047961, -0.0002737814801158391, -0.0006779515845160874, -0.0003613050714852233, -0.0008344497269743177, -0.0009418269393147473
0.09737524950736687, -0.026985693442515633, -0.0253922170683138, -0.021975009261822002, -0.019285600065795258, -0.015428260347429305, -0.011753615159530353, -0.007121957103907882, -0.005043082628152347, -0.0005160730611283086, 0.0016013366359812113, 0.0042516540996634135, 0.0066352918232185495, 0.00999316172299417, 0.013644814349370904
0.00651922339307034, 0.004543824582909217, 0.0016466112273200544, 0.0001305047137293644, -0.003285470671104372, -0.005307616499931937, -0.008095529431878879, -0.01198179961242053, -0.0073677215713137375, 0.004342291312308423, 0.011912296593258287, 0.008247846242659293, 0.003874851513291241, 7.87990314833267e-05, -0.005258110823380242
0.14358951526628802, 0.09472587011530963, 0.05687428496865139, -0.03239716884173471, -0.08884840439927062, -0.12150040612849314, -0.10114710919412256, -0.07701860507948415, -0.049415525495967866, -0.027216436479776365, -0.004434836038633475, 0.024095097243569216, 0.0378895149778844, 0.0647330785094733, 0.08007113057630773
-0.0002698444807681417, -0.0004581058955553373, 0.00034863673357518767, -0.0005702881629434805, -0.00102184541193759, -0.0011459354149942833, 0.00029320105293300074, 0.0013134388193695018, 0.0018696794528988393, 0.0008682551744400478, 0.0017119688085095886, 0.0004407913982204994, -0.0009701170929371885, -0.0009744467746944463, -0.0014353882061160594
0.0036419890511002447, 0.0013858803478449635, -0.0001561734843363371, -0.0012081006876258765, -0.0006359758384545825, -0.0022784694457795326, -0.003706443501163064, -0.004037643527280759, -0.002524815399832618, 0.0021600290446201855, 0.005957501378941889, 0.0032530843184312794, 0.0008814186831672412, -6.341442613803068e-05, -0.002668866513495165
0.005958155222433074, 0.0031188846357241445, 0.0018524420464382948, -0.0032301042436211308, -0.006588279686113423, -0.0061189077032443905, -0.006005638239096922, -0.005214664700911716, 0.0036352043231038336, 0.007026608847190878, 0.009079760735961248, 0.003932594424393512, -0.0045047508831563545, -0.001208700871704251, -0.0017326039073969597
0.005424036396671782, 0.005250456769105854, -0.0029853439016964425, -0.018469364160909687, -0.01879911288171753, -0.004842101799563226, -0.0037168722107214567, 0.0029744842968747096, -0.003960481478717177, 0.015663668487312418, 0.040609689042937484, 0.02745215719942764, 0.024796683892705246, -0.013665731460223162, -0.055732168191485944
0.07349730033017379, 0.041959786631592395, 0.02883995524580697, -0.024967900327954755, -0.04953792419045625, -0.05519128186542723, -0.04191735774940105, -0.03679655937860767, -0.021007481888717698, -0.011419679144768248, -0.001220299321710337, 0.015328430459145373, 0.025582754473545972, 0.030017250182015266, 0.026833006544763543
-0.0049888904726742575, -0.004038115255676623, -0.0025507795396070925, 0.0031573199322187627, 0.00365459042087145, 0.004998006223550367, 0.004739745165542071, 0.006985494733202745, 0.005146777434532404, -0.00214898222186964, -0.010530893745060005, -0.006415798463591074, -0.004373537116989188, -0.00014329340816301403, 0.006508356313713206
-0.0013465768361921111, 0.0016035812470124606, -0.004153434348785702, -0.00586449254610414, -0.007993327610783387, -0.008538115038536272, 0.013051353538235486, 0.01165751041544783, 0.005101610621384967, 0.008820167964982814, 0.001535537696003058, 0.0029260517377745683, -0.0009464701180438778, -0.004618809385728741, -0.011234587336666945
-0.018926645910968227, 0.0038865257290239263, 0.0167506709048215, 0.003899824369796495, 0.0159879534706122, 0.0018429646786036244, -0.015283318198514917, -0.026103570870992205, -0.011145058442848766, 0.010565977901147971, 0.01199484163130584, 0.014914786450138379, 0.011832541353547664, -0.00328093320924558, -0.016936559856427818
-0.03178697389217712, -0.013821077919864167, -0.00849774144768419, -0.0007299884437704824, 0.013164624624081332, 0.011795313168693141, 0.013446833735258418, 0.023511007460402265, 0.02001657398901976, 0.017721698231608442, 0.013885666595287357, 0.0019945257352658023, -0.011917592184083552, -0.021660363472474277, -0.027122506179562543
-0.04593308768371174, -0.013313182625027642, 0.04906458177496737, 0.02696914354417045, 0.022247889891618376, 0.015535847811909437, -0.007001825929467365, -0.014280971015367617, -0.01684686470587911, -0.024148069691967027, -0.018989900624264523, -0.005414104836259507, 0.011989508296124014, 0.014423353840482264, 0.005697681952672613
0.017530366882316174, 0.0011087499270547307, 0.006478626171769142, 0.004488248959895813, -0.0017725567183555252, -0.004084951284248891, -0.01034141324136515, -0.00464455288865747, -0.013661221591084951, -0.00992279539722154, -0.020042645200150585, -0.010211832946906184, 0.004275109551383306, 0.0166173339402659, 0.024183533835304784
0.012545388612234514, 0.0005788931885554943, -0.0073449298556769295, -0.014574405855172109, -0.014969908797731938, -0.008342598551681983, -0.011471986616518019, 0.00044594896107334677, 0.006066867607781935, 0.021689689932576684, 0.0372939191327324, 0.02965336514634742, 0.006881674049582912, -0.018015479579113626, -0.04043643737499018
-0.041769150546058606, 0.003879946787607966, 0.012664572458933382, 0.012571795416801168, 0.010352394329349614, 0.006978500650897618, 0.005335612033047507, 0.002772986275241067, 0.0027995747578621753, 0.00121299749374943, 0.0009444564827719536, 0.00022333593411348607, -0.0035212997620544806, -0.004629739253979692, -0.009815983058282803
-0.01663700698101477, -0.001684822948292007, 0.005062083363670171, 0.016558808441629533, 0.009918230341792313, 0.014866825544443308, -0.011124206955988945, -0.016413863874161466, -0.019272080986125845, 0.0025887667021865066, 0.01258989081509374, 0.005886808126056042, 0.008891872810249257, -0.00027920856405356566, -0.010952095835484186
-0.0015525523732252211, -0.0007236891468698925, 0.0001381027128239195, 0.000251594130434889, 0.0009736317775046835, 0.0014991242236585911, 0.0007621338805001682, 6.0435652481826374e-05, 1.0887404836987844e-05, -0.00013537351462809537, -0.0002559870586554355, -0.0002329249168618004, -0.00013909832271490448, -0.00041716947880186394, -0.00023911497048384833
0.013352076531955982, 0.007830586440028452, 0.0020350992028912254, 0.0015277386535626893, -0.004876264263463314, -0.018396989620260547, -0.011220595627286797, -0.0072849573762025326, -0.002276473279369339, 0.00010678633739561368, 0.0043866106921219205, 0.0033119646472735487, 0.003400349601446604, 0.003983877153090212, 0.00412019090681651
0.13386251625929138, -0.03932588191558036, -0.03460816747925786, -0.0276112181684477, -0.02309730873327912, -0.02022719218490253, -0.016253297811690177, -0.012874339567908623, -0.01020791496426756, -0.0028607198469804596, 0.002326377650468706, 0.00685779175770759, 0.009412571736356682, 0.016194283015076073, 0.018412500253413865
0.012256475283775206, 0.006419914749608118, 0.0024940331452854314, 0.00035858620453898166, 0.005682392765608482, 0.004478563293290936, -0.007858845951733195, -0.015148180296787316, -0.011584399354004123, -0.017358719865572927, -0.021943457079067506, -0.003269821496753445, 0.009937535491366948, 0.016862857960247557, 0.01867306515019694
-0.0007658786450628215, 2.7098895667242993e-05, 0.0003751254105914162, 0.00014726085418657973, 0.00045423357891657496, 0.0004381218177476926, 0.0002852053613176028, 3.0846584897154814e-05, -0.00011080797792447386, -0.00036151372473067905, -0.0010844049263869487, -0.0003660452909006486, 0.00048211425401190646, 0.0002095834917661876, 0.00023906031590320483
0.004998624007210772, 0.0038469533623267495, 0.0005235721827628228, 0.0023628451125825927, -0.004093459279177092, -0.0033535686878784434, -0.006341167110926295, -0.001823983914582034, 0.0021069533190692415, 0.0016830612704749092, -0.007661605785713543, -0.004526984269689828, 0.0028474782813227312, -0.00017596384810838212, 0.009607245360326203
-0.0027765707446761653, -0.0013446128935685096, -0.0009596430675924965, -0.00013874797691939934, 0.0005876644330411388, 0.002087913620765229, 0.0022080989897428653, 0.002832799270387299, 0.0017910146566032209, 0.00047978743186694956, 3.722101223375278e-05, -0.000709132358965674, -0.001313653650928448, -0.0013075558980066696, -0.0014745828239829996
-0.004518322860003793, -0.0022564645095189614, 0.00036894177869896167, 0.0013558145496445201, 0.0011531474929377882, 0.0014153129006593, 0.002233975589817501, 0.0024027418946665478, 0.00224026807447357, 0.0013469798462096307, -0.00024516003224890186, -0.000742986464746809, -0.0003101842189918405, -0.002057531459864432, -0.0023865325817330097
-0.009304639889875968, -0.00377639243114276, 0.0023845511810776797, 0.0036329059956337556, 0.004473539147740594, 0.0031820441460965955, 0.0032979565200230063, 0.0017802498004865646, 0.0012036213350465228, -5.915710828006347e-05, -0.0005860213329998523, -0.0005650171766169641, -0.0011643669369872673, -0.0019957813507032645, -0.00250349189949857
0.004781973302917983, -0.004227839742176477, -0.002462199987581599, -0.00019405317747772655, 0.0021638427620762892, -0.0002803079445816409, -0.0015267635940906432, 0.0032372877403524466, -0.001839605169598261, 0.002803205754980217, 0.00013225188246094652, -0.003548479859003397, -0.0013708249321318913, 1.2397815520883442e-05, 0.0023191151483322493
-0.023339720725893607, -0.009129666847510206, 0.0033222286382249937, 0.01047533554555784, 0.008794832202925337, 0.009984091791392494, 0.007192687392961581, 0.0036134498065279676, 0.003223099462391496, 0.003174438036292085, 0.0021934196657220095, -0.00016653766138716, -0.003011456506070721, -0.00775641104326142, -0.008569789757872662
0.0038582278855474523, 0.003882188827095548, -0.001220155944246496, 0.000808209532473878, -0.004985799177001078, -0.011275337945803985, -0.0015764636862445785, 0.002637366857184888, 0.0018256204789207729, 0.004080491917888059, -0.00010036387201398957, 0.002107299705184625, 0.004788303143437358, -9.913628159275899e-05, -0.004730451440830117
-0.037175522430897744, -0.0023275513924710944, -0.019754078670329835, -0.006159691973384146, 0.017445497652424705, 0.02187457445176694, 0.007782826146067123, 0.020178392496583906, 0.032561578737145054, 0.02606949339225095, -0.007282533621387461, 0.007612654826496273, -0.005771085353993486, -0.027199064018973224, -0.027855490241297784
-0.018601841027694858, -0.0013648394550647865, -0.0035102097682195954, 0.012010020618386718, 0.002518700777162744, 0.005919032376345116, 0.015014167990936715, 0.018968130518443482, 0.015264955373089476, -0.008478935588574054, -0.028816682480049656, -0.013032628835130603, -0.023675857731535653, 0.00935369859761379, 0.018432288634290944
0.032161186101996454, 0.01394126762894817, 0.0014922880622778546, -0.001177835024462497, -0.007420048498000611, -0.0038147752907228437, -0.016735382003645632, -0.028832786831646202, -0.021816937794495003, -0.016395394445165946, -0.0073057535775814175, 0.002254378312437838, 0.01182108098262854, 0.0194979867652291, 0.022330725612201816
0.08126202272507856, 0.032158256167202026, 0.004258322563162455, -0.02106216807036471, -0.030089884140110254, -0.041896848383953, -0.04472546426027113, -0.042175500399433935, -0.030071642151822446, -0.003890210032599172, 0.00928846530379486, 0.017747362456582694, 0.021391462708188237, 0.022563052498851127, 0.025242773015695035
0.0007293485595439506, 1.7932924377646473e-05, -0.0001803754840474353, -0.00028042163410047036, -0.00023147208389511615, -0.00018319674142444874, -9.564882231780854e-05, -4.978471420339128e-05, -4.1765661444838006e-05, -3.267079583741014e-05, -8.700476177402237e-06, 2.626905222416615e-05, 7.367536680976906e-05, 0.0001049029851602621, 0.00015190752533246097
0.03159339225877522, 0.006999695880435676, -0.00795668877045158, -0.014409516252271356, -0.01608476315072364, -0.013921090137261621, -0.013288063858401583, -0.006418186546338377, 0.005844609805374431, 0.0041793643201235835, 0.01704861521191451, 0.009461879947108775, 0.005167077870935051, -0.004828071477656545, -0.0033882551015620996
-0.0010618640069257144, -0.00046596599576862726, -0.00014865825548156263, 0.00013037903686865593, 0.0008471829911369882, 0.0008219745846523108, 0.000806801204701246, 0.000645887614119196, 0.0002204052459149578, -0.0002845946906939919, -0.0007489483625965955, -0.0006056262392064829, -0.00024025475098666022, -0.000178116759549968, 0.00026139838381624325
-0.01762136151828701, -0.007453488627298707, -0.01302845362331076, -0.012557421519727304, 0.0069226920752511415, 0.019037509390076264, 0.018678517111967708, 0.012807902065205795, 0.022834578013586085, 0.015720960122065385, -0.003952125392991586, -0.004283880308433668, -0.0060607871680149195, -0.016411014866297174, -0.014633625753791495
-0.0007536113650046979, -0.001184975626546863, -0.0033466545450606053, 0.00444978593097615, -0.00413051102409384, -0.005370957022682455, 0.0038339008370219586, 0.005933370265358, 0.006329819119553166, 0.006331746885582785, -0.007063642867366029, -0.0013365471232105247, -0.0010675811321590614, -0.0006318975952558175, -0.001992244737112194
-0.012641077915696634, -0.006839684603399603, -0.010858657489477976, -0.010903668932967112, 0.003494373264139216, 0.020835571321002166, 0.013115892735086645, 0.007267015181602034, 0.02033410030590011, 0.017345962093499336, -0.006404940276371791, -0.007459031203860093, -0.0019034111301349521, -0.019055619207562033, -0.006326824141759998
-0.026817567231341828, -0.01007185535175812, 0.00375180176071541, 0.0038318185188383307, 0.010674512066477156, 0.018621955867620495, 0.010533304668137046, -0.00012493366779252335, 0.004235777659195715, 0.009282724961710107, 0.002596273281698631, 0.0025832050820039417, -0.008549254698569268, -0.011390678907462225, -0.009157084009472783
-0.012041239270887311, 0.0021895979805647316, 0.0033173511521046094, 0.002891101911129661, 0.0026289852950096343, 0.0020984032011670626, 0.0017015359853868376, 0.0011467041643421563, 0.0005847089643344291, 0.00047082009497590837, -7.339121036094428e-05, -0.00027900769989977806, -0.0006364286660245717, -0.0017713665843844173, -0.002227775317458032
-0.0001870792870313201, 0.0008058867893881575, 0.0003899645913898559, 0.0014053752069578453, -0.0006840753217336241, -0.002243599669604885, 0.0002539363868763911, 0.0012579459593211814, 0.00032966810457086437, -0.0003299536228585297, -0.0027438961964794412, -0.0007495341523559335, 0.0001791154254957312, 0.0007376326955606383, 0.0015786130905031254
0.007383339545070758, 0.004607065355957516, -0.004377499441395379, -0.00968462614280858, -0.0024261585449003344, 0.002664093389745937, 0.005239046949009296, -0.0011368386544669254, -0.001910599938864473, -0.0005752448703867019, -0.0031622238775273464, -0.004017832116742651, -0.002493655364898286, 0.006162044114936295, 0.0037290895972705157
0.0019796377792741073, -0.00010689843258168035, 0.0008504370906638988, -0.0038224823087953386, -0.004258182283701855, -0.0024870966903735186, 0.001155060254174971, 0.0028276195834666664, 0.004288093191198236, 0.002263238179901803, -0.0014717716300386282, -0.0006471910489340297, 0.005648636459247432, 0.0009353216569831944, -0.007154421800485292
-0.010198113579117785, -0.0023470568491598424, -0.001145482561397622, 0.002816682801454584, 0.006223672038286812, 0.004507377956697126, 0.004313980322367676, 0.004706810978779135, -0.0006322714207405798, 0.001227823670971817, -0.002910674095925626, -0.001991329921117231, 0.0022854850155842625, -0.0035148060705703045, -0.0033420982861125373
-0.0006047705981892687, -2.43440197202282e-05, -0.000940872747875808, -0.002563964797329471, -0.003969575480821699, -0.0030723821636893453, 0.0015635498542818443, 0.004279912104836142, 0.0033410197174000484, 0.004867146582976944, 0.007350261134933384, 0.0030315042745013517, -0.0022925144214206014, -0.0051356226502203, -0.005829346789662843
0.001055932636303678, -0.004016570811455612, -0.003626258844920233, -0.0014534587271309162, -0.0007062829739479326, 0.004087206419927762, 0.006611625801727699, 0.0055899589880928175, 0.003204803499840536, -0.0007786665365859882, -0.005978740254579281, -0.003246931923015126, -0.003077875169438197, -0.00033321278206080353, 0.0026684706772417636
-0.006708406780183896, 0.0009731134056292994, 0.005087579843177817, 0.0026075045571578416, 0.0046082281043457966, 0.0010493752131434638, -0.0031710321302316777, -0.00892448598196656, -0.0027200032669590477, 0.0020238903975341345, 0.0029460629577734094, 0.0032734467174488054, 0.004374932610595152, -0.00030717623415233786, -0.00511302941331211
-0.0029621513789473653, -0.0007539110916454555, 0.007235952099638724, 0.011887044907851724, 0.008955908833847552, -0.01671938279390569, 0.013104080393439011, 0.03362660610835751, 0.01552183501855424, -0.032455027924861525, -0.07255593561563405, -0.041378340752403056, -0.0023894638860200972, 0.0426603372200479, 0.03622244886168039
0.00048089765911117546, -0.008903188298384372, -0.008362696960994873, -0.006707709602904117, 0.002246924371267389, 0.006336142875214672, 0.008169554018265168, 0.007414286664867985, 0.0029814035288288354, 0.009793335271688627, 0.013820247703087266, 0.0028983145576734364, -0.014785967675135486, -0.014864015240997324, -0.0005175288715888937
0.056821695407362496, 0.012470022829079714, -0.010205001446804625, -0.020556199916366053, -0.028338281727052925, -0.041316556557645004, -0.013259604194610006, -0.003911588494575178, 0.0006647700733240173, 0.019526180653598783, 0.0207773310291873, 0.006105495555031442, -0.010523012543482261, -0.0023453461340034766, 0.014090095466956103
1.0826769852118628e-05, 2.614599070630245e-05, 1.6800835159810603e-05, -1.5729462258691632e-06, -4.219010264700629e-06, -1.3413517972338964e-05, -3.114287317417356e-06, -1.8791658986847025e-05, -1.760312423657038e-05, -2.811988177156477e-05, -5.522494261167572e-05, -5.308800891114972e-06, 4.882933725351193e-05, 2.8973058190845377e-05, 1.579217911551137e-05
-0.02933827121836547, -0.01267541401790224, 0.003364807071372935, 0.016218489463502943, 0.012237423512510663, -0.001111155768153003, 0.014234528034063247, 0.015511531358975776, 0.01478443465986798, 0.004107166199563069, -0.009579811773540099, -0.009636997410561364, -0.012903879021578751, 0.005699891749751667, -0.010912742839507253
-0.03309146222053381, 0.0075651765408459954, 0.005961263250649659, 0.009426022228710824, 0.006978447762270512, 0.006528667922721546, 0.006508373641653081, 0.003578154962629383, 0.0005276633325262031, -0.0004930895628503615, -0.00044389580996900406, -0.0022588419578076528, -0.0027828308225734404, -0.00252755168842844, -0.005476097579844487
-0.001183431910114199, 0.00011150726016195206, 0.0006855528200722354, 0.0008476499665472938, 0.0009421810197583034, 0.0007355425999528157, -1.143620721674249e-05, -0.0006800950920988288, -0.000610683994628751, -0.0008085591815000651, -0.001268913946059362, -0.0008976485446292296, 0.00036707092246322597, 0.0011194900403451475, 0.0006517742469461918
-0.014790450345450559, 0.0021959456340656922, 0.003923281907576916, 0.0036691625461889093, 0.003118625720973068, 0.002829029604151211, 0.0017233100818912482, 0.0017648694737635237, 0.0011373648181599466, 0.0009881289001448098, 3.61379744531716e-05, -0.00021204369900363975, -0.0006641254081183797, -0.0016542533183622787, -0.0040649838904336585
-0.00034978274230254466, 0.0004424451754836733, 0.0005243421743707169, 0.0009800132304646108, 2.0491787433214842e-05, -0.0010857447971940883, 0.00038263302577595793, -0.0010519284729070093, -0.00013520576326685966, -0.00011208530130957471, -0.0004500184021298061, 0.001737717029598667, -0.003075324507047673, 5.137250791246179e-05, 0.0021210750551182937
-0.0014867185050444107, -0.0012348781411936464, -0.0006778596790432031, 4.558201959608832e-05, 0.0002982989981450373, 0.003157296771958824, 0.001878607169936286, 0.0021796900026212684, -0.00023374699237408854, -0.001937625031498121, -0.0021083824210557773, -0.000272766836236926, 0.0016130500706699284, -6.862230448918954e-05, -0.0011519251219920693
0.009328476855519538, 0.005630185026924312, -0.0005727237612918476, -0.0029076181762216027, -0.004996360319534515, -0.012312019774784204, -0.007656428369027542, 0.0016876792333130558, 0.0009857994005956498, 0.001459005160106847, 0.0009173691522618335, 0.005647005100290316, 0.004906667610443019, 0.001641207899171356, -0.003758245037765988
0.0001587003723155725, 0.0005621016944998215, -0.0017381096915299345, -0.002443811205113919, -0.004043349538409591, -0.0034778254903600108, 0.003732860281980252, 0.005141170464708365, 0.0031326511539665034, 0.0039802983231648085, 0.0010762987138403933, 0.0012480476717323943, -0.000344122113918772, -0.0019655305801119646, -0.005019380056763889
0.03035028787796575, 0.016764149423258545, 0.022411759704656333, -0.004141362591192236, -0.016358476408709487, -0.029035023291081555, -0.005078108649097042, -0.005256583546369501, -0.009928073941071617, -0.00987103512635518, -0.026827138260865874, -0.03960019653975785, -0.03404064850308494, 0.03921088592466023, 0.07139956392704432
-0.0035693220487797465, -0.0010708752714550548, -0.001053114005519, 0.0022047601293194536, 0.005822098179401154, 0.006631440710492902, 0.0026275443975336365, -0.0021272809548219342, -0.000602023373602148, 0.004906175046362902, -0.012159984160532529, -0.008736330377957676, -0.01004854322533754, 0.002270836407058102, 0.014904618547837284
-0.012772017977139097, -0.005641216836315701, -0.002825912406945109, 0.005773425344001091, 0.0054457939160117924, 0.007961764054407329, 0.008564710974867258, 0.00492255970330183, 0.0029007939958084583, 0.0007476133232283688, -0.00189706279946878, -0.0034601861648201455, -0.0029790813212530695, -0.0037579389766037303, -0.0029832448290803473
-0.01641367626939259, -0.014037381777138268, -0.004674662117386343, 0.006294273975998415, 0.008212073229005015, 0.007530499607924975, 0.01677815157585052, 0.014075674152275225, 0.002642708970797907, -0.0013919437390846451, 0.0033316253335068874, -0.0005256773345528755, 0.002940758450242008, -0.010041319247375178, -0.014721104810671005
-0.015381838586353338, -0.0018291403024708192, -0.00023165775158751946, 0.0019415030896005436, 0.00789809626728532, 0.008455585412658312, 0.006076276613068384, 0.007851923403698665, 0.000700846196813328, -0.003954186665562254, -0.006181708986954405, -0.0014814348188686016, 0.005128099616427078, -0.0036261876242025324, -0.005366175863552017
-0.0062434153891361465, -0.0003466452279527099, 0.003188293076153865, 0.00556291684730902, 0.0061782332081428875, 0.0025396770102799468, -0.002645301533993594, -0.009792943532958698, -0.0046928402271854625, 0.0010224109730773117, 0.005384264999462056, 0.000388635729921299, -0.0009541853543161377, -0.00021341697549717917, 0.0006243163966934616
-0.014068410218548244, -0.005697791397700061, -0.0033648045143204294, -0.00161485009496966, 0.0012462670249842205, -0.00014675310395196618, 0.01040693739247741, 0.015369391010654602, 0.015299574596484471, 0.008686313378563352, 0.004072893004877193, -0.0007552614994204389, -0.0056594902931823565, -0.010748913488994689, -0.013025101796953398
0.02712706990880096, 0.010966851559373063, -0.004439813221586706, -0.011757007716242045, -0.012974301168561547, -0.010373234002638, -0.010068972742497465, -0.006536962157209854, -0.0033103433885182504, -0.0008139019860768426, 0.0016981601809114893, 0.003784774559570056, 0.0054705294239267305, 0.004512976303730934, 0.006714174447017626
-0.015848385822210695, -0.008057016041214936, 0.0021108797408201743, 0.005837142632108734, 0.010211281933922312, 0.004364848327080223, 0.008637675749571099, 0.018590504287944308, 0.015001540868785284, -0.008732914399237148, -0.019050813421126418, -0.015808248965027246, -0.010784338149884089, -0.004699902428588119, 0.01822774568705659
0.008266380578768957, 0.002609386281868115, -0.000950595351493592, -0.0011594264199242385, 0.002922044053495552, 0.005259190730977851, -0.001634717929492574, -0.0037702973651431233, -0.011907772307940214, -0.009873690307716045, -0.013280833525168291, -0.003914022589943286, 0.006009343312760785, 0.011087953579426284, 0.010337057259523596
-0.017280287776682116, -0.00942163825073974, -0.008029092927376595, 0.0001200289941371828, 0.005087037680695467, 0.006430971062797011, 0.013701002390404393, 0.016928895971053116, 0.015407817625435048, 0.008911338373914373, 0.004304316375457559, -0.0023350417899625805, -0.006345801897578929, -0.011949418925524823, -0.015530126906029337
0.0043644964247345295, 0.001259434452637844, 0.0045238877183845306, -0.0007217013854720738, -0.0043343860346700515, -0.0004549142154426242, 0.00367376654113017, -0.00017577494857543008, -0.0024126689661992566, -0.002601030260617628, -0.014303560672357258, -0.005240313111789667, -0.005652657151096284, 0.0071765068129507215, 0.014898914796382837
0.26589445272435863, -0.07397104648670684, -0.07016537226477428, -0.059687496220276685, -0.05088351357814354, -0.03836801010428978, -0.029184243342160954, -0.022106098580274288, -0.01724208593974514, -0.007126027140782916, 0.0035935469270006294, 0.011531808175448166, 0.02060487409115525, 0.02891534623147871, 0.038193865507712574
0.00678314394850531, -0.006741827926144347, -0.012758308649954087, -0.0035214544845429113, 0.00409570319528485, 0.013139267087632345, 0.007888076680247795, 0.00997901602511259, 0.008254159625491139, -0.007359903305528948, -0.016485010488366373, -0.013031339932444411, -0.01222884769047459, 0.009113605437355735, 0.012873720477825477
-0.05996795359835701, -0.014647095687840207, 0.004237783457167874, 0.020236135075724842, 0.026500574864998887, 0.019444390333249347, 0.019911367629784477, 0.021640839707451776, 0.008428864026818146, 0.008489747947501928, -0.006698066555246082, -0.007218112916068799, -0.011801941326543127, -0.015240809915878359, -0.013315723042763506
-0.0005884038676371245, 0.002680536666234725, -0.005605577295506567, -0.010915470187129553, -0.011705028850470357, -0.015439919468264675, -0.0037601114782221915, 0.0036916279658003623, 0.012613817640104956, 0.029033209923801487, 0.040047669289586835, 0.02134891791507048, 0.0009917588638552678, -0.026093067216276196, -0.03629995990094783
0.01836355793117844, 0.005870894552196804, 0.003177622948247002, 0.0019965652471098244, 0.0033756107574466807, -0.012209936823561411, -0.02025027471156567, -0.03623370998060101, -0.012820387666570439, 0.0063792298916273875, 0.020837745639635485, 0.007333462617956679, 0.01877024243084257, 0.00040067934927928337, -0.0049913021832214376
0.025549621582935788, 0.004997743446771596, -0.0033088844263535516, -0.010117333563965459, -0.010989978342698938, -0.013525668202181504, -0.012525667641807039, -0.012431065975001468, -0.0038586380161940103, 0.01698755927419308, 0.02582699099476051, 0.003658493462624061, -0.012748955530683807, -0.0033859860225306884, 0.005871768960131
-0.04005594610146198, -0.034802871252560826, -0.01925595292747768, -0.03439809220328158, -0.010442976515663071, 0.015939700376320663, 0.061739591320795456, 0.1050177650666301, 0.06311227675516567, 0.038407046128017396, -0.030592941628774958, 0.0188535080375544, -0.05373823444730595, -0.042818783067475184, -0.0369640895404826
0.01670694149775348, -0.014061730922050087, -0.015606184924247814, -0.01545677187067429, 0.0045463772946019885, -0.0008565179044284388, 0.02982166668826298, 0.06596269875125203, 0.02696518974600764, -0.03599036485243132, -0.07409109318523276, -0.03889027303535552, -0.011919302034815104, 0.023171175818204232, 0.03969818893315368
-0.007553626184439131, -0.016553242950244677, -0.016968402053975106, 0.001951469674997613, 0.017166607423624435, 0.05781123215321575, 0.04042008241760875, 0.012571777304201167, -0.007405669159275993, -0.046137821269489857, -0.0667374375970731, -0.03152115831575192, 0.008100402449231657, 0.020202860812781855, 0.03465292529458854
0.002065146041380358, -0.0011797401006174767, 0.00102389331499508, 0.002547114612750578, 0.0009455790577842149, -0.002852388151856826, -0.003564760100661596, 0.00041985155922709725, -0.0015732087959735139, 0.0019775620412800063, -0.0006180373066417453, -0.003344938857461376, -0.00078811568039008, 0.0015490586172496076, 0.003392983748935676
-0.04281094990387451, -0.019101274777337203, 0.010793132105415099, 0.009318891196185378, 0.020567356193209627, 0.0022979718475501986, 0.02798888863397706, 0.05335127374263685, 0.03538624368971646, -0.01563247321174858, -0.037898210799697005, -0.044387069728119295, -0.01985946248036341, -0.017762970229398187, 0.037748653721847596
0.0025989082618002868, 0.002339534321394423, -0.004168095784859842, -0.005232869867286498, 0.0006712835684040844, 0.001877665685957351, 0.0011632812745777873, 0.0018653196916317383, 0.0017984821109152335, -0.0012333581789345219, -0.0005793834515684719, -0.0008139158572665339, -0.0027706229396332544, 0.0004811667059583643, 0.002002604458909937
-0.0024393084951922425, -0.0006259826970364885, 0.00046447343545320607, 0.0010770131249756923, 0.0010974938163979752, 0.00041204470686174256, 0.0005058862507641135, 0.00030215983918010874, 0.0002803869062058258, 0.000656940249510648, 0.0005619333722017951, -0.00047948633444914795, -0.00040146289229724163, -0.0009516523977680219, -0.00046043888480798645
-0.003719428596816096, -0.001036165394613121, -0.0003205497614715544, 0.0020604949799006953, 0.0013974036048162162, 0.0015372949699012037, 0.0012510433013319846, 0.002562584095308438, 0.001590829802552739, -0.0004570884893608435, -0.002612858780527545, -0.0015611608504316453, -0.0002656199361647984, -0.0006262018337182272, 0.00019942288929259764
-0.032418694342196346, -0.010380596322758203, -0.019179178087806198, -0.003450626027304201, 0.02843081480262601, 0.03603888343181955, 0.010580284694777706, 0.01365584334954248, 0.020385617993276282, 0.009733384996045749, -0.009284511567837729, -0.011041382752358627, -0.010088582637027206, -0.012516056714434124, -0.010465200816365134
0.0005031895753255364, -0.0007494532727237713, 0.001181246197866934, 0.0036322145279212253, 0.003349419694100123, 0.003495334789906177, -0.004500372517981767, -0.0053828447633051625, -0.0015278287558335038, 0.004407152245084601, -0.008029941604020633, -0.007886239447761402, -0.00410364302684757, 0.008416589868787972, 0.007195176489481211
-0.008831621474856928, 0.001525397993396585, 0.0024277920613099365, 0.002600148981160258, 0.001623543061536809, 0.0011219356057504768, 0.001295701203823622, 0.0009747975222155009, 0.0006596503643508522, 0.0003093224716771102, -0.00034575708928666013, 0.00012644079268100204, -0.00014298754630286, -0.0016594936206425534, -0.0016848703268132561
-0.006962582455632265, -0.0032282418682165613, 0.0008149590935747544, 0.0022988241535858264, 0.0037492034349009004, 0.0029650182212725773, 0.0022242138578280127, 0.0017528295841563453, 0.0015851742931473794, 0.0012547472857632263, 0.0006710328634483766, -0.0007955601110572772, -0.001671089067520228, -0.002604047612136458, -0.0020544816731146074
8.4944565136422e-05, 0.00048233818908273153, 0.001144877316528813, 0.000825624218910436, 0.0004283507838260053, 0.00011086549130045948, -0.00021289894685148182, -0.001359243864544628, -0.001262582420664664, -0.0023264495765757853, -0.002410241658029024, -3.7833102716627875e-08, 0.0016080469140058605, 0.001289315500593463, 0.0015970913203840983
0.0004812822329597277, 0.0005661111053770899, -0.0035022743257136476, 0.00651230627508872, -0.007278638147933174, -0.00997252660479898, 0.004100497327792651, 0.005879411461157053, 0.006670236195315785, 0.007904585259849555, -0.008968131191420758, 0.0002843882095442763, 0.00017679645193259294, -4.7869146261037e-06, -0.002849257334524808
-0.0183540997479307, -0.006059725256199193, -0.008983870274407463, -0.0047120251485408765, 0.0050253503600075, 0.015998539307802175, 0.011568101366397868, 0.0043160137547730865, 0.021278900442304655, 0.020585331703162593, -0.00110861379649026, -0.007046804767713028, -0.0029811813793144126, -0.02068754877834243, -0.008838367785509496
-0.007067467561649874, -0.0033959252600418073, -0.0005362587708078971, 0.0023604798236492655, 0.0038178099079073055, 0.003769183636394791, 0.004096019508034035, 0.0017782952925821244, 0.0016236959657888645, 0.0019869069070364907, -0.0002075860748131268, -0.002266789664770146, -0.002021568615320194, -0.0017584332914909833, -0.002178361802498841
0.010579169387294243, 0.0042641313083976095, 0.00611641267112234, 0.0018500512184510761, -0.005744395135166479, -0.007235676516998238, -0.006013709648232781, -0.013033907377245335, -0.010609146678393074, 0.001710258227723959, 0.0017195456329811881, -0.0012331794644703559, 0.0042334326884613865, 0.00808055435981466, 0.005316459326260118
-0.03383481165196593, -0.023159013802245085, -0.004412832350589272, 0.010597041992102282, 0.020033417821562594, 0.02282306811303966, 0.018762385709689817, 0.013339758780555822, 0.011960629113374187, 0.006162525320389398, 0.00036604837561249125, -0.001247165396754806, -0.011044546643846909, -0.016288124830423096, -0.014058380550501499
0.013707972005056942, 0.006438426433069938, 0.003526459719813451, -0.004327231750809005, -0.005009925762045645, -0.008289638295366504, -0.008118151528568401, -0.007733413278997322, -0.006374763688485552, -0.00416251189521384, -0.0001237644142631262, 0.00387571769345278, 0.0073641717049921515, 0.006656691154407019, 0.002569961902957131
0.001298520994407181, 0.0005589236645039011, 0.0015401090367765005, 0.0006311440211936119, 0.0006012431504114005, 4.976949384646448e-05, 0.00033130242776172866, -0.0007482556176759808, -0.0026243301478503195, -0.004323368652848273, -0.005217670698932061, -0.001549035628113709, 0.002509406031268926, 0.003119620487080879, 0.003822621438169631
-0.037598946519487746, -0.026387986751295327, 0.0002376832063144273, 0.015186057026003702, 0.023057344821434605, -0.0074480645597696325, 0.02210061800034771, 0.04690728073735717, 0.033326383899580876, -0.0031510278939967107, -0.0131619513037451, -0.029202883072504952, -0.010060597658579981, 0.00700796275930549, -0.020811872690964652
-0.0020492311990373256, 0.00266995954302478, -0.0018451290650389226, 0.009042806879283816, -0.00857125955921627, -0.01183416278129761, 0.00615986661387692, 0.005818255770581674, 0.0018980244353467891, 0.006330561041918785, -0.008949471387368695, 0.0018059290531367012, 0.0032668358193052786, -0.000330751915920481, -0.003412233248595395
0.006588240415803826, 0.004685737642724822, 0.006260657321213066, -0.0011030618372003767, -0.0007641676890291034, -0.0019839817609498592, -0.004147447177167607, -0.010869360719471042, -0.008142992249006107, -0.005009246967191361, -0.0035538188070817337, -0.001174494074229444, 0.0009358036495544479, 0.008389790852347364, 0.009888341399682877
-0.012284673950519598, -0.0020604398670954864, 0.0007124694079448059, 0.003267211250696521, 0.0038559248726907766, 0.0018387964046371126, 0.004708223906350395, 0.005615694770542909, 0.00550841993689558, 0.002703501584516009, -0.0029454043064451175, -0.0019692936535482203, -0.0015436166632423344, -0.0035931701177726394, -0.0038136435756506892
0.0056819035060166724, 0.004009025537338439, 0.002892497105977079, -0.0008546257344913137, -0.002794167783532281, -0.00718770479728742, -0.0074276833665143805, -0.004155234236574356, -0.0013857242952084062, 0.0009860952557076003, 0.0034103459681116594, 0.002741808099994945, 0.002415745419533161, 0.0008516348183040827, 0.0008160845026242257
0.006444304415652758, 0.0010163591633008573, -0.000674998401109477, -0.0030067306627398096, -0.0043645033164331016, -0.007187382747496693, -0.004257382038029437, 0.0029824354771640946, 0.0009298003369935828, 0.00452553210016768, 0.004193360214898633, 0.003591932303695444, 0.003376056752871439, -0.003253240781934444, -0.004315542817001636
0.009101351524715157, 0.0027572616829579333, 0.0019357919614472771, -0.00040512874991421866, -0.0004534607154488973, -0.005128157529149707, -0.00459684590924749, 0.0005055595847980192, -0.0012435307318518427, -0.006025792744452268, -0.008658980167366258, -0.009167857128270156, -0.005208047271971596, 0.01203319929604549, 0.014554636897708651
-0.017286557337272378, -0.0077063666345963625, -0.00202182407589379, 0.0025886367693400093, 0.010770309174959044, 0.01699443627745669, 0.010599022413863011, -0.0016923502454306845, 0.006298990176201712, 0.0036926477734414843, -0.007443934031174178, -0.00374542310616116, -0.001538053184490369, -0.0077863605322965445, -0.0017231734379466804
-0.032057607669533625, -0.013641460596533164, -0.0015042683118097666, 0.007908662456700691, 0.012943043492546175, 0.01570478202972112, 0.01698988628152503, 0.0118580787830487, 0.00738361398575866, 0.007726509793618255, 0.002226532128681389, -0.0016122232138770821, -0.004017755506275336, -0.011465867823268524, -0.018441925830302578
0.05706489321383801, 0.02892957025632995, -0.0078594291391161, -0.02142823289417739, -0.023757980430547432, -0.02983328953867227, -0.023395249298041536, -0.018708848057290627, -0.009119705367439545, -0.008677569814749427, 0.0029858308903610528, 0.011913457163742227, 0.0084378012612593, 0.012780917821407082, 0.020667833933096385
0.05658995807419308, 0.012186968423595904, -0.01634085202603088, -0.020776644551445185, -0.021814416725004195, -0.015411408525066558, -0.013691325948028434, -0.007857004348258008, -0.006915941708455176, -0.0025111897599575154, 0.002833469739422338, 0.00408623478563003, 0.008102968930626795, 0.009572871705180378, 0.011946311933597784
0.01254400881933586, -0.006808945283353536, -0.020067994243734316, -0.004871391872529597, -0.005261318173853066, 0.003456568625747215, 0.015761848859460026, 0.02509309735301277, 0.004971906001392343, -0.006574820122522446, -0.003459713134547842, -0.011794354510850726, -0.011980815851436484, 0.0032852108734407865, 0.005706712660438873
0.03978451146894287, 0.019648655230171525, 0.008196980883266059, -0.007545937638286022, -0.02160277188345921, -0.028289329221833415, -0.02207261452969086, -0.015036889029261152, -0.009587476225323565, -0.008299332177635274, -0.002927590692422139, 0.0004025242517017798, 0.010367481784167533, 0.013486030824335657, 0.023475756955326024
-0.032438302749520455, -0.01857599601530785, -0.024293457119248244, -0.006470166509893043, 0.010495625517503512, 0.04705746332827661, 0.030130865761370442, 0.02361162751967958, 0.021949491583868917, 0.016878294094341436, -0.004636816004179881, -0.010963402870063695, -0.010612827593996415, -0.019909532286171566, -0.02222286665665932
0.28446426559236965, -0.07343938750679897, -0.0726235871083583, -0.06353072394993606, -0.05397876279456064, -0.04432630038338183, -0.036680592359991826, -0.029675247310863878, -0.018100028967761517, -0.006406163994272758, 0.00047709558050954796, 0.012167765135289972, 0.025028837025642854, 0.03459077149556812, 0.04203205954654514
-0.04708096452225972, -0.03221779458287425, -0.02559883679875108, -0.013569585101942045, 0.020470485163306684, 0.03769360168534538, 0.046849570793296484, 0.05303578016366984, 0.04088948446148195, 0.01700991259640713, 0.0036698839677608702, -0.012840969898971244, -0.014973008732445508, -0.032175062158024445, -0.04116249703599994
0.03829105656488756, 0.030490937720924823, 0.026539732574993813, 0.019427877645688953, 0.004135608712132421, -0.03617084296857729, -0.04151166483193417, -0.05461993282920878, -0.04221560387604602, -0.03613458587342413, -0.031793119575527225, -6.795654329874326e-05, 0.028814465608396306, 0.0376878901114641, 0.057126137559528604
-0.0011596801842395483, 0.004875382461723153, 0.013365342062232971, 0.01011353001320005, 0.004219293265116006, -0.01477364372828748, 0.004689937556148253, -0.01013122081536209, -0.019629971196529775, -0.014866803490248163, -0.005388521623058789, -0.0009265184892129128, -0.0009299427505601726, 0.023698893938146556, 0.006843922980931968
-0.0534383421320253, -0.024210807504577485, 0.002439853994399545, 0.02057017919472997, 0.022787796997448338, 0.0011215729139677456, 0.031901733763293645, 0.04390017739018129, 0.028760337892795217, -0.0012564378267405812, -0.010340561578397866, -0.03126173730841721, -0.014457642908220688, 0.004622736127439959, -0.02113885901587692
0.012317944366945582, 0.002359085466608798, 0.001757959839402727, 0.003528225183955742, 0.0036478208750373624, -0.012651497666092432, -0.009768606616702492, -0.0038904087153581765, -0.007118081516914685, 0.0010587323771936773, -0.013822402290590723, -0.002558734683651978, 0.005253833266300843, 0.009614630782323474, 0.010271499331542193
-0.0007451076444748773, -0.0003124481621143435, -0.0007463334897581965, -7.50485742698935e-05, -0.00047799411985319413, 0.0002156929890797569, 0.0010219406351402705, 0.0018488647374187753, 0.0009490951679417913, 0.0005449402699602802, 0.00012621946686687486, -0.0006159018516373187, -0.00017501614320557314, -0.0007304170056345385, -0.0008284862754598779
-0.0038552185365216024, 5.671565907417483e-05, -0.004148016299408549, -0.0006817450086361973, 0.002231623473874248, 0.003630980478205139, 0.0062414288988989165, -0.001511815534785189, 0.00020542476963304905, 0.005395945724925147, 0.0015304625761024726, -0.003969553172561036, -0.002449556229579334, -0.0013589904290375204, -0.001317686370183802
-0.015850473107428438, -0.006723943376972171, -0.00491875290217955, 0.0012707176432094182, 0.0014342288647204138, 0.0046733814926053835, 0.013429451952277242, 0.020156748436743664, 0.010510122368225926, 0.0044916529284438605, 0.0017567201858366016, -0.005950700673835512, -0.008708124978366056, -0.007848076217271557, -0.007722952616009243
0.0059062335386587264, 0.0026051400511205966, 0.0033886812767786193, 0.001612380183772197, -0.0016531191462907007, -0.00497096639110666, -0.003717238238884047, -0.007983327473411104, -0.007843768623470233, 0.0008252491758310987, 0.001594798638276629, -0.00012788856932683475, 0.0020303914511535163, 0.004816693773421013, 0.0035167403534769946
-0.0017552757124880915, -0.0009927524102964084, -0.000476089067304324, 0.0008790469381977491, 0.0014230455034409746, 0.0014204724559128145, 0.0025457094109706297, 0.0006758547614582975, 0.0009039814379892724, -0.0008066250288949336, -0.0025176343922631563, -0.002076988276306706, -0.0021237167386672575, 0.0005700004324115384, 0.0023309706858396246
0.0018405678046302559, -0.0006763788510141031, -0.0013928144738997044, -0.0007970526870274947, -0.00023340242028215637, -0.0035450421340203326, 0.0010601288938079806, 0.005665178464304998, 0.0016077226192671755, 0.0023812222926492673, -0.002631100596397876, -0.004824655180842275, -0.0015870658497979123, 0.0012285044997275658, 0.0019041876188943786
0.0009232587213262569, 0.0006326508747405822, 0.0004177609856955783, 4.8853139926434915e-05, -2.6860584263478104e-05, -0.0008822004813785182, -0.001148607506684897, -0.0017056815131814367, -0.0011706029198023655, 0.00020262887170391055, 0.0011754274214130728, 0.0008831302115213543, 0.0005375129375378387, 0.00022078794806063855, -0.00010805810661493692
-0.01151680176191988, -0.00460650941241301, -0.004778775405514283, -0.0044476093936922974, 0.002714478250486311, 0.012411458060206614, 0.008782863327691423, 0.003589313714320715, 0.013274591334916945, 0.012467564703547863, -0.003839478747732236, -0.005681797177109095, -0.0016067025827819989, -0.01321581228288659, -0.0035467826271206146
-0.03671890990151237, -0.022891338362501904, 0.004039623668191812, 0.02668546812760101, 0.027102074762755904, -0.004370265777575974, 0.011859063537850136, 0.022545824282607867, 0.017461887725980244, -0.00469094321108145, -0.012669351366463851, -0.021112990232540443, 0.0007484372157101605, 0.016457761432935848, -0.024446341901956988
0.0010765728980476846, 0.0005763981426158039, -0.001767183368723751, 0.0036720649831753186, -0.005310670526022764, -0.006136783463193653, 0.004908733838468496, 0.006738469118289318, 0.0032356231205242867, 0.0003723827909017326, -0.009909461441412543, -0.0013816144110905175, 0.0006133420832653771, 0.001427243231015809, 0.0018848830041391586
0.0006989276369921178, 0.0014053567441276158, 0.0020473578081980975, -0.0017220264099387995, -0.002530089444869015, -0.0011232702491942635, -0.00017280696154484273, 0.0002910561682728648, 0.0020834836850572793, -0.0001307468982307814, -0.003192782729629898, -0.002817726710333442, 0.0029618459737332384, 0.00452821290815, -0.0023267915207904172
0.004780955897249784, 0.003253893230438345, 0.005147314190184073, -0.0005004048481532764, -0.0019478153867593202, -0.0061943951320740645, -0.003473958912934415, -0.002069817521089785, -0.0032237772746607474, -0.003436198954149245, -0.004784849366487104, -0.002253674833475094, 0.005736475992686381, 0.0029619208973572734, 0.006004332021867256
0.0015883061895558177, 0.00030769007832759935, -0.0005212311238580293, 0.00012536750090881706, 0.0009973402981009068, 0.0013079621225738577, -0.0004244738061400915, -0.0020451672878911693, -0.003316307618724904, -0.002024756299221792, -0.0017722742656077557, 0.001078359627204345, 0.003581773197177181, 0.0013184716793658183, -0.0002010602917706581
0.012782328224658076, 0.0006270415609025804, -0.0024098669837424105, -0.0038632655441051674, -0.003368825382917871, -0.0031842994620830977, -0.003454663329496042, -0.0026760515648621727, -0.001946470700435397, -0.0005720955712561314, 3.5059223619916134e-05, 0.000742964327502465, 0.0012692816601239788, 0.0026584147927078607, 0.0033604487493834874
0.001655987698714772, 0.0015145750634325919, 0.0021016297801376973, -0.00042484632484024475, -0.002031711876646237, -0.0027953924509580533, -0.003839777194706996, -0.003645508258784726, 0.0010429066696009612, 0.0023086754012360965, 0.003221552920524543, 0.001888320370119365, 0.0007573429151825743, 0.0004261991525861104, -0.0021799538655984502
0.011533150866319918, 0.0024362390954341586, 0.006479086119527048, -0.0032060300426603075, -0.003826706316311268, -0.009924680081501342, -0.0073857056285481565, 0.00010242318265268464, -0.003743360057258688, -0.001717709361471057, -0.003513876779558671, -0.0031767939527173774, -0.001680521844026574, 0.008335583127605847, 0.009288901672513979
0.016568518022336536, 0.010765132211191335, 0.0025750016732664083, -0.0032197698722684974, -0.00600457446772855, -0.013938304338722849, -0.008629186594698588, 0.00412737646332606, -0.0015003945219773107, -0.015677921062065503, -0.014040363032009439, -0.008073699892189572, 0.007403436676826956, 0.011211469590798802, 0.01843327914391418
0.7478522159594907, -0.2123129990415896, -0.1901654949659352, -0.164337554899345, -0.1400210706425629, -0.11542391175109906, -0.09048632244198852, -0.06651097995440497, -0.04009155790375337, -0.01609349772369848, 0.008795720742546496, 0.0323376859917915, 0.057622375525285666, 0.08190650303895447, 0.1069288880663081
-0.0029803427432377482, -0.0015625962363893383, -0.001112167869541947, -0.0038000295634045876, -0.001794086848302212, 0.003621191177874722, 0.003324665127952104, 0.004031767080880594, 0.0034058586371509764, 0.004431359459404467, 0.0033525452994507157, -1.9813001568286836e-05, -0.0020703969846070838, -0.004086550941101887, -0.0047414025945608064
-0.03929174950201742, -0.01436640798091449, 0.0004562526920629427, 0.011485361240937169, 0.00876342564947166, 0.01829215151524863, 0.01817870744029966, 0.006498650976249907, 0.008758487795563107, 0.01811948424880707, 0.01384681710810069, 0.0038355345541384003, -0.015706612590359294, -0.016779040594548378, -0.02209106255303996
-0.020870573781165396, -0.00726779536704228, -0.015808070452925885, -0.009716795071431793, 0.01005497654247367, 0.02332030513939326, 0.022754204731255986, 0.013128921860493619, 0.014225208463751434, 0.013016509461486015, 0.0009257538775952457, -0.008413644383326282, -0.008582646727494538, -0.012848225619403953, -0.013918128673658898
-0.01117212618373238, -0.006322393214161624, -0.0009405685267462455, 0.0026664087731121558, 0.005920012410291094, 0.006200970271849463, 0.006956128125193319, 0.0009103443907188234, 0.00327162025833839, 0.007274082595959773, 0.0002462032233668932, -0.001412293895651403, -0.0025480384693545534, -0.0041250769106921485, -0.006925272848491538
-0.023583067632057756, -0.005374113793215846, 0.0014914969172341091, 0.006382457381063505, 0.009370356276885245, 0.01020911196482303, 0.007825384586199984, 0.00854281489643736, 0.004335815769962439, 0.0031161050509828734, -0.0007020745056330284, -0.00538995560553654, -0.005979234062158717, -0.006725706366044014, -0.0035193908789426147
0.019261596039464708, 0.010551768164684902, -0.00019299181321467534, -0.01020585909208982, -0.008711117428275397, -0.011449528368243036, -0.007662926384653924, -0.000760362841411028, -0.0017510303322025396, -0.0030244877765112825, -0.004962126413406136, -0.002291635699033848, 0.004965982004911732, 0.006947971258877849, 0.009284748681102371
0.0040298473307728375, 0.0009058256693778193, 0.000626581054069753, 0.003372954133782016, 0.0021526244662349865, -0.0007526229672106666, -0.0019303390821092904, -0.0025652408475603902, -0.0016240628421816405, -0.007333294973380849, -0.012888171718426041, -0.0031766226324483086, 0.0038869217497398806, 0.005551259370733906, 0.009744341288605686
-0.011902272878637007, -0.0034087675590141484, -0.00787639079040215, -0.004771085757119402, 0.005543453043339768, 0.010655484689199309, 0.007340911237625129, 0.011865333468973728, 0.011138570936172883, 0.003472328335139031, -0.004892052371487214, 0.002535933370262952, 7.611339270148936e-05, -0.00755897014174392, -0.012218588975010606
0.021187193757376224, 0.018898132876141446, 0.008004535962156497, -0.004167557563959813, 0.000787598645229206, -0.016724785945513333, -0.015604253147624581, -0.021438771339015575, -0.004781036995859121, -0.02007105806778172, -0.020596276133007928, -0.004740532094261836, 0.019663780857772557, 0.011365424689342948, 0.028217604499005004
0.022962350852862766, -0.0022699792348514197, -0.0041313407040760915, -0.0058447382162566865, -0.005182373744987335, -0.006804722241183502, -0.004564718899920739, -0.003931548181723289, -0.00022592114159364511, -0.0019469986456976433, -0.00024110997392273604, 0.0014447798589886569, 0.001998010335793582, 0.0027344527578678827, 0.006003857178700172