
0.003324639135089434, 0.00011819743679280972, -0.0008305915548309508, -0.0009672408935367345, -0.0005714344627314543, -0.0008604012442751693, -0.0006134725391227074, -0.00032738569302177427, 8.285633111025272e-05, -9.016092842364049e-05, -0.0012004618702853274, -0.0008779529276855976, 2.3385728543679687e-05, 0.0005252713698094568, 0.002264752112567724
-0.014383489085763902, 0.001038498264243377, 0.013044509953827176, 0.003169571257946215, 0.013738781911730641, -0.0003406182471360087, -0.015236442500573755, -0.02196088098233419, -0.003063151750294343, 0.011693104425028104, 0.009752661795115688, 0.015225449359197112, 0.00904052670366724, -0.005090241818719834, -0.01662827928593354
0.5320767733098714, 0.3018583549628874, -0.21046540402817662, -0.21658530945121895, -0.2380162205197346, -0.19735226370176856, -0.15836832435507403, -0.11675836981013224, -0.07897495818558943, -0.03699184344914908, 0.0053171388144619145, 0.041187002189020536, 0.08274501385097767, 0.12386695030299025, 0.16646146007063434
-0.4278278560270936, 0.12148753671630005, 0.10772060658331838, 0.09389429093499538, 0.08031987798146678, 0.06465441253414626, 0.05538524388962875, 0.036410410785500245, 0.02337410002481266, 0.009081262389543137, -0.0022643625006296187, -0.020064638162440036, -0.0338891727227103, -0.04689699361620766, -0.06138471881063045
0.0061230288045185256, -0.006326700101132767, 0.0003509382346896834, 0.005448839918351133, 0.004712147233379704, -0.0027072561380466487, -0.0069139105319073945, 0.002734619434046907, -0.00654032272789399, 0.004315260616147771, -0.002446217870538681, -0.00995727514768559, -0.00048374618690443953, 0.0040788038445279, 0.007611790618448034
0.001274854608773691, 0.000855817390518068, 0.00019081198108489126, -0.0005463430301944373, -0.0009116184504850757, -0.0008798637975080044, -0.0006207471722437643, -0.0004937044533579752, -0.00025430677933452816, -6.115513024896939e-05, 0.00026556200552581955, 0.00012439265095627, 0.0001810553161844074, 0.0002373859133437985, 0.0006378589469858662
0.007010910464621818, 0.0037843762932026027, -0.006905930671692309, -0.015562327975634376, -0.010651620596959475, -0.006998316536073771, -0.005632576860268549, 0.011228208805484235, 0.003201787064239275, 0.006910402045534627, 0.02596658516534571, 0.020884962579750435, 0.01365495684031966, -0.004922529180419227, -0.04196888743745075
-0.006445421063615258, -0.004294968170290686, -0.0022375992882448363, -0.0007232468020403178, 0.002236675778784197, 0.002140324703446157, 0.0044141780762986796, 0.006832928324126643, 0.005637958425926184, 0.004059370859701473, 0.0018553176591808434, 0.0014274759074549472, -0.002058383663615534, -0.005607751498280879, -0.007236859248831618
-0.056474563265907225, -0.012621294138367121, 0.011514016699417224, 0.014629374794862569, 0.020076840328497405, 0.019493243633008858, 0.01618933016514826, 0.014463575102648387, 0.006576190773296753, 0.004022369086674874, 0.007138891618357805, -0.002414842534643943, -0.009730458741179978, -0.012756988097093403, -0.020105685424720365
-0.005804109596606731, -0.0029329618483789044, -0.006648231748466823, -0.008912931256595124, -0.0012925695548831537, 0.011820829268689756, 0.009127709795472262, 0.00613435027622575, 0.014439003538645958, 0.010922225669958508, -0.0038762973979781074, -0.008490162604841015, -0.0015163820099289387, -0.009453543136540031, -0.00351692939477323
-0.0022403827629149456, -0.00163162408839317, 0.00021579191084111177, 0.00017740657668221981, 0.00013372058387047813, 0.0005299585879047775, 0.0008457804251906304, 0.0004664789544345485, 0.0023011837459996826, 0.0022833253429060682, 0.0013794813466538435, -3.076681906081378e-05, 0.0009125546088156374, -0.000577395993684726, -0.004765512419245366
0.05839871619724813, 0.024981847911242677, -0.014026213982072969, -0.0180364082099015, -0.026204370655400277, -0.022286603841480946, -0.021960277120390684, -0.014992418580401476, -0.011085148113770196, -0.004325396889316317, 0.002419921297138091, 0.0039971613719075585, 0.009390209558831996, 0.015307581346692654, 0.018421399709673034
0.004743854708727615, 0.0007472595835877127, 0.0007503571647496654, -0.0019402481966554056, 0.0015440382800673026, -0.001504815593962601, -0.002012572461724022, -0.003375317940536768, -0.0030924891370444386, -0.0033031546848558656, -0.000848372235682778, 0.0014695801932710232, 0.002591006731969239, 0.00291430964545292, 0.0013165639426365283
0.01576230177962893, 0.0023247994125922904, -0.004494880391701157, -0.004077134542098312, -0.0035330488199478067, -0.0055358678355008194, -0.0055284688900600005, -0.005528614115492008, -0.0020179889685400256, 0.00216655816742993, 0.002018163484464954, 0.0011859223832266592, 0.0017031494484708773, 0.002212199022508421, 0.0033429098650179807
0.0024645127969862724, -0.00016898794413611705, -0.0009385049345283285, -0.0008208442451362465, -0.0006156241154819721, -0.00034636705871392444, -0.0003042841684598901, -1.5464214570779262e-05, -0.00020294396312615568, -1.5184386754208134e-05, 0.00015169740491367213, 8.613675357134492e-05, 3.914802425199812e-05, 0.0001511673433750262, 0.0005355427078092717
0.011921441706202619, 0.003570015934451755, -0.003811319353733089, -0.005566579691967471, -0.0043568642238747506, -0.0030946923791429696, -0.002059983135385789, -0.001685394862802419, -0.0011779400927576847, -0.0009056993059520953, -0.00011588442076603649, 0.00038607236648424107, 0.000793380262971366, 0.0026710177394432366, 0.0034324294568291894
-0.05448936208641028, -0.021897352404156557, 0.007061471036979242, 0.015181420723223411, 0.027112548502767786, 0.004365231587642084, 0.033626032472716574, 0.05389320177836683, 0.03291646534463594, -0.010677028056461578, -0.032669242067489154, -0.03794355588018486, -0.01637123387339316, -0.027753419610395676, 0.027644822532159437
0.6142961006847591, -0.17493790461642136, -0.15649695363124458, -0.13500431150654796, -0.11520122659511058, -0.0943775982987488, -0.07325506929798592, -0.05328134616106846, -0.03419564368490616, -0.012945098344944178, 0.007686185436519547, 0.02565013671143591, 0.04601924002922379, 0.06764457062034994, 0.0883989186546898
-2.6454674974134397e-16, -7.883619862123825e-17, -8.339567147877603e-17, -6.350773303754878e-17, -4.677479241609234e-17, -5.150899493588198e-17, -7.273163093145197e-17, -9.914615662106542e-17, -1.130477830214239e-16, -1.4550567498258778e-16, -1.0537799023754122e-16, -4.4583190858668446e-17, -8.37525657192679e-17, -1.4181890742948523e-16, -1.648998598306854e-16
-0.0011266990240105966, 0.00013639057077346087, 0.00034581282368258874, 0.00022482151894809128, 0.00025430261655519165, 0.000208052302975438, 0.00018863430954205388, 9.415871003117195e-05, 0.00013626425835179022, 8.884302954998201e-05, 1.877145801600194e-05, -4.8645162675925545e-05, -0.00010825143172304386, -0.00018021219386265286, -0.0002322437861535025
-0.008179576296143368, -0.002057181420236236, 0.004391374722920664, 0.0016273857814892029, 0.0029885964151236174, 0.007256038765795549, -0.005079367779983655, 0.000423200410276989, 0.001914636504590184, 0.001988437102170745, -0.004820038802709113, 0.00040410186641672734, 0.0062316309376632, -0.002683504139951851, -0.004405734067422681
-0.009374197623460341, -0.0033884205686715283, -0.005281178093100182, -0.0051770220783977266, 0.0026111050190404652, 0.010581366584171428, 0.0069733399291016344, 0.0037566503312522646, 0.012500082894551814, 0.011847871607266018, -0.0029161636656802313, -0.005084591005562984, -0.0024313730321828425, -0.010275688758639203, -0.004341781539688464
0.009627319107617573, 0.0030217867525682666, 0.006450327429766185, 0.0030680944988315134, -0.004900950696620541, -0.007128981766993249, -0.004865921100634335, -0.011929403821388594, -0.011767107671629968, 0.0012279125110122302, 0.0009820235749832156, -0.0011528188195649132, 0.0032668406350344755, 0.007844638852975863, 0.006256240514042148
-0.005108778130984014, 0.0034117787218812773, 0.004638356713516325, -0.00019636363312471353, -0.004614791938317686, -0.0031783903106627942, -0.005220936165867369, -0.005759903726682771, 0.007565636860252684, 0.009020494182320262, 0.007977000164649342, 0.004002110850656932, -0.00013020135308538624, -0.003640485133159058, -0.008765527101393064
0.010964032631794221, 0.007533165616825783, 0.0024592760863108905, -0.003586437026352734, -0.008735760351294796, -0.003911435323313827, -0.0063092843724425526, -0.0027981898072118607, -0.004138428620973078, -0.006492270124377695, -0.002439892563819876, 0.0012114634407596324, 0.004966066983304094, 0.004618977757211658, 0.006658715673580345
0.005333757236308213, 0.006442708803568786, -0.0028675605990376466, -0.015138771766800029, -0.015625818214192934, -0.008191202117698224, -0.006394405555226137, 0.004371255762091318, 0.002669360601026373, 0.014344189284517353, 0.03092230305972109, 0.02135367309209972, 0.013562433130318262, -0.00956735162764051, -0.04121457108905584
-0.005885083383151902, -0.0028684651571535096, -0.00040287814480019187, 0.00316956088272834, 0.0068751048113176155, 0.0035720893247255564, 0.002356025080648672, -0.00010211665786920126, -0.0009935777309545998, -0.0015408737972054146, -0.0025338304290855864, -0.0011091127984517602, -0.0014982286022958845, 0.000742299046945037, 0.00021908755460272664
-0.0736563227160951, -0.029923691420231383, 0.02531226202326532, 0.025650403819090277, 0.028284661259099363, 0.024733888886909004, 0.01777017530345038, 0.014440341124661018, 0.012359924998862112, 0.007506315799768988, 0.004177897469102871, -0.001961395246721132, -0.008878949253942467, -0.019161117294622373, -0.02665439475259679
-0.02103086158396326, 0.003488208359452219, 0.0060771725987605486, 0.005708226172914459, 0.004172571867426434, 0.003517870194906685, 0.003023610202511212, 0.0021713696412412322, 0.0014144831656521212, 0.00018438378202790038, -0.0004959417551636345, -8.338059144010046e-05, -0.0017127523056203436, -0.0031556296196187912, -0.003279330129086741
0.005487591428505792, 0.0021826757052250878, 0.0022749065560498756, 0.00011828964743168108, -0.003184346802628947, -0.0026828933223283337, -0.0019480239122065383, -0.005133684633333707, -0.005997453807801416, 0.0003848583499094782, 0.0007294476208310107, -0.0005501634852078188, 0.0011037184113062853, 0.004294056943828489, 0.0029210213004193537
-0.008054678877891167, -0.004337971235987361, -0.0025907763132138385, 0.0006397452016838387, 0.0012818805512806123, 0.003442588200283289, 0.006764466083832112, 0.008885512535308449, 0.005618207321442939, 0.0013229870153750058, 0.00027432385650506314, 0.000977953502025428, -0.0030337090435411398, -0.005193083685361785, -0.005997445111741298
0.0031202972033839496, 0.0018180151227517344, 0.0010287822329564122, 1.9173135752020757e-05, -0.00014486479165607482, -0.0019072764698369888, -0.002146052988205525, -0.0031640798121249855, -0.002487392590042724, -0.0023790304982685253, -0.0004348970474011225, 0.00046688968556101666, 0.0013470266649238051, 0.002520843838388711, 0.002342566313818322
0.02432137459780897, 0.00864840648429785, 0.006039516616942744, 0.0019152902868921988, -0.003970813386731009, -0.010318603922634733, -0.015263960121246816, -0.006587175338804377, -0.017823237708161997, -0.01045298687717058, -0.017234479874616716, -0.014327498227373035, 0.00415111520167398, 0.017149100700369693, 0.033753951568754346
-0.02948428556666549, -0.008390527116913332, 0.006073632623262498, -0.025281078828597647, 0.015665494666452708, 0.03480867999676073, 0.011053654265614157, -0.00691507845910298, 0.028804054618498037, 0.034689009097954394, -0.004741959672536189, 0.0029401637155985734, -0.04698334117143844, -0.025046968772487865, 0.012808550603600546
-0.023213689175945972, -0.013873040180813293, -0.009069000302136632, 0.004608834144746198, 0.014983260212767057, 0.012947525752290048, 0.019586670485290524, 0.022533765237221882, 0.008764226057066823, -0.009006284294437904, -0.002625832870300584, -0.0007250442432921525, -0.0034795213987295604, -0.005234483455585669, -0.016197385968140996
0.1858055284293701, -0.05317186044288129, -0.04794594902474731, -0.04090869671474579, -0.03532152900957996, -0.02858766886484519, -0.02289313317476925, -0.01559338483282574, -0.00865891676708876, -0.0023724856806532192, 0.003627592771750025, 0.007754537087222351, 0.012356669612949716, 0.019435516444017413, 0.026473780166826676
0.508907957579369, -0.14299795963008607, -0.1271192638094238, -0.11031833185027651, -0.09525089485224666, -0.08045446717685226, -0.06460342561735441, -0.04518137588093318, -0.030597899810008673, -0.01422411726631605, 0.006313755789592772, 0.02416088326736315, 0.04109842640533859, 0.05766453378607744, 0.07260217906575644
-0.0013461977429913847, -0.0007015963787362283, -0.00019090989055078214, 0.0001608226593220635, 5.270587493277453e-05, 0.0005347084668661024, 0.000293900122857725, 0.0007438359623728623, 0.001031438275881218, 0.0013266084024169881, 0.000952265044654924, 0.00046240804713191554, -0.0006108044148977425, -0.0012044440686697824, -0.0015047403605906709
0.00017666685794240036, -0.0004049171512199072, -0.00420546643430464, 0.003905747356508597, -0.005044408712631517, -0.005681822061223952, 0.0036983289043252907, 0.006152428565395103, 0.0066032928071206995, 0.006560195295480287, -0.007326152018419369, -0.0008646668164320914, -0.0003671333735131971, -0.00056804032043637, -0.0026340528985913238
-0.02040054630923927, -0.007896946894591058, -0.011311462142284743, -0.005620332627817704, 0.008545865004701789, 0.01942334379860199, 0.01371176955032088, 0.004804638988551275, 0.02151550839460863, 0.020505514047427283, -0.0018336321399050732, -0.004635523185988255, -0.0044949267132268385, -0.019155880045164976, -0.013157389725993764
0.00477829981421955, 0.0024578640517393807, 0.0021495695980333625, 1.2280704369833406e-05, -0.0009870516289976268, -0.0018673941283990263, -0.0033221543606462246, -0.0048708987911300645, -0.0038148784792764543, -0.004118204679173625, -0.0009523016756697615, 0.0008727594287162452, 0.0019468395748699773, 0.003349780410810579, 0.004365490160533826
0.005320992594418667, 0.0018815603731107337, 0.00017191682861268434, 5.812599649825696e-05, -0.004518648084195702, -0.0019193324196427396, -0.0013991880797422692, 0.0014154200880220486, -0.001652481891573912, -0.005882691214920584, -0.0017217485813442077, 7.11768060833166e-05, 0.0014841395075582489, 0.005122999879447385, 0.0015677581976679385
0.01749557670168948, 0.011125824826643373, 0.006537120595795549, 0.0006505998791165882, -0.009329085990080654, -0.01017887907128154, -0.012414738911723395, -0.01728806371015713, -0.013778067877902788, -0.0024848671843121593, -0.00011236830363388715, 0.001462217395316643, 0.005822044048005536, 0.009570762538933962, 0.01292192506359043
-0.03584053667280296, -0.01520765259950394, 0.0056042444811315985, 0.013727137031450424, 0.020017873806691247, 0.00037542478492561714, 0.020597821832607232, 0.03789335428906656, 0.024187976807769705, -0.010727079232528702, -0.024594613665104032, -0.03431906326854398, -0.011771093443835567, -0.01899069305256367, 0.029046898901240372
0.17247160487633617, -0.048955992218452316, -0.042307614498401654, -0.038459141881510395, -0.031621752037500866, -0.02660552354967437, -0.020852431808787045, -0.014497747140920628, -0.009712474936902044, -0.006670469019548891, -0.00015357355248458366, 0.0071621983152606785, 0.013933854484542815, 0.019425467041658585, 0.02684359592638517
-0.024396504778017566, -0.0189272464073684, 0.003969385678292848, 0.005235491478001751, 0.003035844281551714, 0.0019397886616693797, -0.015325093115460145, -0.016183627380706393, 0.034381106341305784, 0.06035082344159782, 0.04116229849408125, 0.01940121302089311, -0.011607865674320487, -0.037226025337601366, -0.04580958870391936
-0.034952180296435896, -0.014617994361681695, -0.02042858767513471, -0.008883230002939876, 0.010932345353048531, 0.015307688525964813, 0.02861090805470339, 0.04523315469282494, 0.03312804737208217, 0.01020591249625136, 0.005966222937034824, 0.0009389123117989113, -0.005419560751293261, -0.036029318460351165, -0.029992320195872536
-0.0453311478637787, -0.014683338039559323, -0.010862368912556574, 0.006760185099976982, 0.0214479273259756, 0.023056370177372908, 0.011557342826222625, 0.01928544142094265, 0.028223601205577004, 0.028448353611740012, 0.002221663178684101, -0.011542134675062963, -0.016036448486355905, -0.021708308963385235, -0.0208371379057933
-7.985245676641689e-17, -1.2589236151650069e-16, -9.773542299358769e-17, -1.3179479962293264e-16, -1.0465150072226027e-16, -6.03989833199976e-17, -3.3264248863569706e-17, -9.470678521514385e-17, -1.90254864518725e-17, -5.650677833242934e-17, -4.511241007744214e-17, -8.842412812511123e-17, -6.29960944713211e-17, -1.466408582130865e-16, -1.3900630451010958e-16
-7.466520038168183e-21, -6.805958696436815e-21, -3.5631145940092405e-21, -2.326526336307248e-21, -1.7624618599671084e-21, -2.1406200053690773e-21, -1.934874089124282e-21, -2.561580353690726e-21, -2.7996111787208223e-21, -3.0641871760164443e-21, -6.17148681267039e-18, -6.340481651031903e-21, -5.944218874383331e-21, -6.5997089862707674e-21, -6.3541438692393434e-21
0.000748546688589449, -0.0007878862709662463, 0.0007514737250720019, 0.003537234605518679, 0.0037684109837697786, 0.003178205638503061, -0.0047667065418499814, -0.005351041910961742, -0.0017487947505593596, 0.004565791693953081, -0.0071281626666859655, -0.007370658571485954, -0.004144928157240185, 0.007716880377318612, 0.007031635157024704
-0.001062238163663599, 0.0032276638707569422, 0.0008692790745250194, 0.007401736648282472, -0.01166063956741898, -0.011176858969144006, 0.004474270953091418, 0.004617543767704944, 0.0025607620523636493, 0.00603441098020911, -0.005598799349928748, 0.0011931252074210096, 0.0022719951869358632, -0.0011223914677837867, -0.0020298602233511974
-0.02758627628968595, 0.0069366249496765715, 0.0075011138574930586, 0.006634792267931061, 0.0056562987790934206, 0.004418615581266714, 0.0030149422758741357, 0.002144551219844086, 0.001469002167943264, 0.00028988447316128974, -0.000435214673639798, -0.001284930681900595, -0.0020402362360387783, -0.0030135744567141207, -0.0037055932343043243
0.004202002387725652, 0.0036971020966906137, 0.003729437597184415, 0.001020590359397583, -0.0013179029965166814, 0.0013059969871913354, -0.0008735900028493732, -0.009625974375328706, -0.010999051256252165, -0.002163683362470223, -0.00257248643456671, -0.001103855052445763, -0.0011588502189078561, 0.005657427609102273, 0.01020283666204578
-0.017921797044475336, -0.0034030280189578715, 0.0009571258777190392, 0.0041823722476579325, 0.006420091835879276, 0.0036245687282533095, 0.009405526893972302, 0.010935702709734242, 0.013892492878926598, 0.0004915768871210698, -0.00902004869667878, -0.009691668114956024, -0.009510862466322434, -0.012599171065684952, 0.012237117347811756
0.010318370996976233, -0.007028524987434916, -7.741008546830525e-05, 0.005072694386249558, 0.004510324810780595, -0.005506195986354625, -0.007228607954064424, 0.0021338639457030603, -0.005804219789247734, 0.003707144974014917, -0.004386614468733418, -0.01039279882505461, -0.00011171450316958358, 0.004625122659694142, 0.01016856482610982
-0.009278703118030758, -0.004198067896101918, -0.00188449690941523, -0.001494479152881491, 0.0014331810898654117, 0.005908483434292544, 0.006680515450743282, 0.008948383618421698, 0.005884185629660892, 0.0027488966489890277, -0.00035314565338278605, -0.0006382956090676533, -0.00038313971301863595, -0.005016859001889073, -0.008356458818185253
-0.012359182120332204, -0.006394014673651591, -0.006114907732192401, -0.003505682628447088, 0.007569111548337938, 0.009842259374018185, 0.00746160670899675, 0.006829643530645243, 0.008933397664622597, 0.01010282749620374, 0.0019249838998494906, -0.0010357312620804249, -0.0018314461156520674, -0.00872403914529349, -0.012698826545024858
-0.0042762041417736055, -0.0021101862133960352, -0.0026024617057187763, -0.0021555550299339147, -0.0009597674553001042, 0.0038613435985954342, 0.005811897362835137, 0.005983182221542671, 0.0038778743322717604, 0.002038785305016279, 0.0009690752141984249, -0.0006813063086367593, -0.0016141181441636308, -0.0033572658922287895, -0.004785293143308143
-0.0005071921681660335, -0.002083076226961314, -0.001450962814901784, -0.0021508496584648584, -0.005286381782043829, -0.0004636492706385093, 0.0062507738395859115, 0.0016489751275371369, 0.003718136513357961, 0.008409238003400262, 0.0035198985242562123, 0.0011636059175374061, -0.0030404727100106963, -0.005105249553272597, -0.004622793741215524
0.004756896058764113, 0.004426288647406328, 0.002632627620480938, 0.0033681027816495784, 0.003637491970969709, 0.00396526522892681, -0.0016010073181085098, -0.010105858637017982, -0.012076201853929693, -0.017546402905016786, -0.011203803127753629, -0.00038306576637603396, 0.00753085686220609, 0.009799724685450555, 0.01279908575234836
0.008054722157486448, -0.0011150264377585543, -0.002343544199522031, -0.0022312475406701723, -0.0013652955094767623, -0.0022048184701868724, -0.0022738755420335646, -0.0010750505996701195, -0.0007786180923401204, 7.457182341659777e-05, 0.002888529893611472, 0.0012287972172514367, 0.0005702633849319295, 0.0015259781289893126, -0.0009553862140290582
0.023344003655987496, 0.004321983667295407, -0.007301604350429983, -0.0030940782617809967, -0.012161572345694248, -0.006977370631981655, -0.00220067580118128, 0.006127202292957573, -0.008158360880004307, -0.011803597542869181, -0.006265715870476158, 0.004989721206283531, 0.002746966670434261, 0.010347243246164527, 0.006085854945294588
-0.013569320103661011, -0.006845138362449498, -0.003924976749869947, -2.2491648615664134e-06, -0.005162102961839412, 0.0036145168072263967, 0.013219435280034587, 0.01567143852741375, 0.014989392456100585, 0.01348143533028444, 0.0030999908320156126, -0.004786324623267313, -0.007743192552309833, -0.010181567345470294, -0.011861337369346733
-0.016593741367339217, -0.0061267314033843214, -0.001851320628001339, 0.003806703661831606, 0.0053638934939171, 0.008022809021082848, 0.007037033811127181, 0.007203730268158003, 0.006870828682402271, 0.00527376470388609, 0.0021547971960380417, -0.0009895952618858982, -0.0033043517715161765, -0.006900098921733003, -0.00996772148458324
0.01825138388035211, 0.00403167780787389, -0.004936753970636521, -0.005737252158116226, -0.006752782355944658, -0.01171752052619834, -0.007251255236957406, 0.0045029111356723345, 0.005546946961574714, 0.002026357739181068, -0.0014086786646559232, -0.006003868118677486, -0.002591876291981785, -0.0006885910659205738, 0.012729300864435113
-0.03324755566748674, -0.008491863833183184, 0.011591047772021674, 0.0008139373604688672, 0.03206240276937405, 0.035652382644081854, 0.02926548894630087, 0.00928092156429856, -0.03401268706965929, -0.05391606899731907, -0.01279026013659689, -0.002346218861551732, 0.0005715444466872684, 0.01794136657802381, 0.007625562484539997
0.055883136285811034, 0.028269640365020294, -0.012042191456755238, -0.021244876114682013, -0.03230629328071512, -0.027582937383351887, -0.015808259852405287, -0.005197649737495528, -0.007235295107418981, -0.004325047220054375, -3.6994317548836834e-05, 0.0020656753402856576, 0.0044968425117656065, 0.012483971205566253, 0.02258027876197808
-0.0004915230578294245, 0.00019717279618645166, -0.0028523517282498844, 0.004715306070029504, -0.005580952108115056, -0.006837842882363126, 0.003747669724305361, 0.005496792399947613, 0.005568867816601814, 0.006541004605512403, -0.006943323449004184, -0.0004916864376514022, -0.0003577125053391013, -0.0005853189513190968, -0.0021261022927118816
-0.0016143357611776742, -0.0005610150291373299, -0.0002900452925080511, 0.000622842139305925, 0.0017855476863524807, 0.0012248290793164896, 0.0014313554775715787, 0.00037159891965093326, -1.914740626420533e-05, -0.00032677095639373395, -0.0019950484896503313, -0.0014211940713390664, -0.0014898306094488232, 0.0005643777885719389, 0.0017168365251498793
0.003932358249771235, -0.004295728655895899, -0.00018905207563013615, 0.003380333934378558, 0.00325672467099291, -0.00181896024574467, -0.00426136065749716, 0.0019500339887511477, -0.0037764609363221714, 0.0033266551813562455, -0.0013944950812950186, -0.00634158302598655, -0.0007693476438818778, 0.002287365901789057, 0.004713516395213609
7.649841680526918e-06, 0.00028732775225229825, -0.00014590119786778911, 0.000594465810267429, 0.0002146459677283304, 0.0005055282558393642, 0.0006118563309930619, 0.00017564323159790176, -0.0009632860839184014, -0.002368126437258676, -0.001895071131239237, 0.00042087529134982873, 0.0008484804727441989, 0.000789811044919191, 0.0009161008509118549
-0.008636998851476677, -0.0063471750031028175, 0.004429416214227635, 0.00429743132464301, 0.00511219854109939, -0.00020892579484983986, 0.006005247524935704, 0.01704338845876561, 0.012275532630509504, -0.010372880772616699, -0.018893252951248656, -0.013241008729727229, -0.010235607328645662, 0.0003976278825079736, 0.018375006854978563
0.00039652640622857976, -0.0007547007077336294, 0.0028790327542224507, -0.00018693492546596394, 0.002617100933742957, -0.001898641473923425, 0.0022898257475768547, 0.011044085804191639, 0.002589720657567835, -0.009522885281342786, -0.014516820195917457, -0.013198948308747866, -0.0042503825889029755, 0.005298181309745429, 0.01721483986875849
0.005376967361325069, 0.0048017921329656, 0.003089850677776438, 0.0007306967319096877, -0.0031085494957187433, -0.0013318331690157013, -0.002477024224112076, -0.007394771487018951, -0.009146806703477294, -0.0009505390717245073, -0.0027467476191815367, -0.0011443101728732137, 0.00026251428033565463, 0.005363302723094258, 0.00867545803571576
-0.03251257814347858, -0.011782361606954665, -0.01656641825490924, 0.004663792370278161, 0.03670803317355705, 0.031429905792943184, 0.008359070994235293, 0.014334522099823048, 0.004986978740948467, -0.0046780912121642, -0.006125160736347361, -0.007113787006946646, -0.0074313144041590826, -0.007148392250062721, -0.007124199556762641
0.6757471969590264, -0.19397459266464445, -0.17018604789688435, -0.14796659392498637, -0.12533607477164296, -0.10357052140552382, -0.08142431701379148, -0.05964848585513554, -0.0378249302346857, -0.015434716782459204, 0.006427653387050553, 0.028251859916870604, 0.052155576339963386, 0.07484925195556374, 0.09793474199127908
-0.008607100345092359, 0.0011982501004248703, 0.004631971513923842, 0.0029045820440847326, -3.0227619265585717e-05, -0.0023322187083274267, -0.005118357807532764, -0.017546506288691636, 0.0062922544842986105, 0.02289514954937371, 0.01400825020133827, 0.005414355123186404, -0.006118459782703497, -0.009815677339709037, -0.007776265125308316
0.009258558712702404, 0.0015352011910051847, -0.003384181740161232, -0.0009165920543121216, -0.0025052009759010166, -0.003095188855724623, -0.002356616108831574, -0.0007751493729782148, -0.0005244308443513684, -0.0032227121948861766, -0.0016431915658508924, -0.0007415916877454049, 0.0019658416690975893, 0.002428943989481752, 0.003976309838455574
-0.007293207226296991, -0.0030921637519899423, -5.152359696380469e-06, 0.0009503227912198847, 0.0015414683543914984, 0.0018306992851940896, 0.0034447521227452733, 0.0033856072751268043, 0.004216743236208378, 0.0037496261369462454, 0.001751244039829864, 0.0017163988330532061, -0.001360069118488356, -0.004719561985030392, -0.006116707633213167
-0.023187880960923953, -0.009086479862689527, -0.016123033608393015, -0.013352273779834343, 0.007039578313975949, 0.026539765524891037, 0.018041770432295483, 0.008520895145428777, 0.03293869705927312, 0.03097491881693722, -0.0038239185016408707, -0.00995650300235726, -0.004001476621753576, -0.029466755976532283, -0.015057302978676612
-0.009713479810909845, -0.004924620383029263, -0.006525879663335741, -0.004460872006598739, 0.004661114194437922, 0.008989045625989846, 0.006056046178383971, 0.006892196444113617, 0.01265065074048749, 0.011856393291405715, -0.0017914165685242007, -0.002719199890051509, -0.003917632656636419, -0.008844706391851797, -0.008207639103881172
-0.024567798139411973, -0.016684051166053874, -0.007012850388017179, 0.0028673927151560766, 0.03057330854795445, 0.021555436309575793, 0.008612439624579716, 0.008721026571796279, 0.002413850830594177, 0.0024410560446856493, -0.004128634038940114, -0.005439248149553333, -0.0021458002319357994, -0.005788495503681869, -0.011417633026747954
0.008028676520258899, 0.003915756311573836, 0.012834947532336905, 0.016520690866317855, 0.006315902286241178, -0.004946208580122933, -0.006331299909355953, -0.02831688966331245, -0.02153870886641493, -0.015398942887686114, -0.0037030782454614422, -0.014681222477169745, -0.00882362130481352, 0.013902398685008432, 0.042221599732600076
-0.011330121527382773, -0.010319337500180374, -0.009838590073549187, -0.007262246868212386, 0.01617405351016165, 0.011106777506013694, 0.007719814985369777, 0.012210706139646352, 0.007995031465143545, 0.00735412724973095, 0.00333779703343132, 0.0012661753928668363, -0.006240983853290398, -0.007622681842853103, -0.014550521616895889
0.00720081757083879, 0.0006282669698087699, 0.00010332299861051317, -0.003554195241266343, -0.007603741385835798, -0.007265270126938841, -0.0034840722781307684, -0.00018216168449559637, 0.0035074690217073547, 0.010592347064628022, 0.0035722979368430483, 0.004335692863436113, 0.0002611692243250428, -0.002375248151046279, -0.005736694782484144
-0.02566561992921812, -0.031774898654298105, -0.006397500378779808, 0.0019820123357867647, 0.018301370308400053, 0.025334886477109048, 0.017360309484128374, 0.008906024138566873, 0.01262829077749077, 0.03648985025841451, 0.023963198261128974, -0.0030829224018968536, -0.04101562853687526, -0.047683860576437295, 0.010654488436479974
0.027243238527296102, 0.01609738519475486, 0.009926192741229922, -0.0060852949151454765, -0.02245509685826954, -0.016004846672481435, -0.010215171446442899, -0.013193975528766303, -0.013175054025526992, -0.00912914927800564, -0.004428473537755333, 0.004869151131907117, 0.00909692349000654, 0.009435037484295784, 0.01801913369290339
-0.030433858606915314, -0.011591652526366852, -0.01893994934508773, -0.008406631055698154, 0.014964207236783452, 0.0119281741408051, 0.020786290076915247, 0.0384269705740019, 0.03303091712307664, 0.004903518683883536, 0.005695056581168345, -0.0015675993077903059, -0.0024588558188407567, -0.031619730096598235, -0.02471685765933689
-0.006417568583417549, -0.006243182319957417, -0.009860625178029561, -0.004694316038940611, 0.0012329545235783273, 0.005350329787463709, 0.014009799189194276, 0.02115541773145553, 0.00867007723815501, -0.004561484152230061, -0.00048285969173995913, 0.001167358607028269, -0.0013308729022393287, -0.0077984559821305454, -0.010196572228189869
-0.0017196611077915777, -0.001826148521202444, -0.001941150025886383, 0.013111009969136118, 0.030998483094748064, 0.008180391244435117, -0.008128826054173583, -0.022472998452562648, -0.01974668784299192, -0.017654711389189007, -0.006363470014086607, -0.0029162239631116654, -0.0018116338295079929, 0.010200625997378403, 0.022091000894806256
0.03336530934013042, 0.015278551972710375, 0.0010024015807764816, -0.015604286959970286, -0.029155318273619925, -0.018870176554329515, -0.02096851048848875, -0.006949972159043622, 0.008330941499095367, 0.025480328270644163, 0.013191210760612575, -0.01054246929982178, -0.012434710248937856, -0.0019898130632279333, 0.019866513623470205
1.1299505543156072e-16, 1.0197970958987376e-16, 8.283432976220322e-17, 1.1113162265227066e-16, 1.1282366360863973e-16, 9.52461285314471e-17, 1.0368878384941653e-16, 1.0379213510387135e-16, 1.0985216615055324e-16, 9.327778278070571e-17, 9.338120020960954e-17, 7.839514919965164e-17, 7.433940986441024e-17, 1.3043343887738723e-16, 1.2238616265732835e-16
0.7563228655615031, -0.2160472732093589, -0.19114891626442648, -0.16624014436394186, -0.1413106362129957, -0.11635888744047299, -0.09144676050273504, -0.06650274811896492, -0.04154843553072038, -0.01661849531687308, 0.008293642926258258, 0.03323715553931287, 0.058167715545346374, 0.08311430734097228, 0.10808661004709644
-0.00639169021354557, -0.0017059120716603118, -0.0034755570624881342, -0.00041199470216877066, 0.0029943762068401335, 0.0035284857653142656, 0.006681632845928951, 0.0029483378075843975, 0.0024647703674174413, 0.0051890919266850246, 0.0011041062267095145, -0.004403952750810046, -0.00392729959028084, -0.001976464293592012, -0.0026179304619340475
-0.012060901762572218, -0.002640117414952038, 0.006474328131668719, 0.0038684384662018116, 0.004096050048245075, 0.009439982258967129, -0.007974572863005515, -0.0006878105105129952, 0.0023322742353828686, 0.002702431724751081, -0.005849799977628564, 0.0016645268386327136, 0.009826898297822132, -0.0031336752104578975, -0.008058052262542343
0.0025751716185411677, 0.000500472427755715, 0.0002857558093141419, -0.0003590564964198995, -0.000831827337988726, -0.0011119944136409445, -0.001037886944885365, -0.0003302104322517583, -0.0012323498700810536, -0.0022407734846981242, -0.0001351700970346275, 0.0005692978705791863, 0.0014959193955643812, 0.0013417138451981983, 0.0005109381100476269
-0.004306858487501614, -0.0015949744499933237, 0.0007282717166959597, 0.002044770017777305, 0.001646580270450032, 0.0015187936819501602, 0.0015285013038565493, 0.00085684506898191, 0.0005733429667743439, 0.00027036899927308913, 3.208503690341815e-05, -0.00038482098270112275, -0.0006007471194108282, -0.0011262016344436012, -0.001185956388612258
-0.0016828560924086627, -0.00021397093054794503, 0.0006037463403220178, 0.0009903919212626614, 0.001337657838193527, 0.0010777946582000118, 0.0005224992848050779, -0.0003012173873214464, -0.0005804261495805586, -0.0015675735896621473, -0.0011854979544427854, -0.0007021411220848244, 0.0003856249152823615, 0.00045172749942044377, 0.0008642407685623039
-0.0025731306133541126, -0.0011754471265954924, -0.001080971869387263, 0.0006687520460970998, 0.0012700377955037906, 0.0016454870552639652, 0.0014260449914683421, 0.002516237244781616, 0.0009826971455482798, 0.0001214133235797246, -0.0005548569046794309, -0.0007022695576212093, -0.0006855442119563442, -0.00041767571504781604, -0.0014407736036011415
0.7496178145728598, -0.21365230175222677, -0.18916384030375102, -0.16489290118995087, -0.14059067320823865, -0.11579108783519318, -0.09061195711303668, -0.06577837292875813, -0.04122973199797127, -0.016359045161744114, 0.008287183761139068, 0.03289160248097483, 0.05750583205838463, 0.08232771669040648, 0.10743976192710589
-0.016735299766204532, -0.0063718858351686355, -0.00792444237064812, -0.0076227862504242815, 0.003174127042493251, 0.017889981864563555, 0.012093174889803108, 0.005145596970695747, 0.022092663867229915, 0.02199959603984028, -0.004789019093675632, -0.008600313709433392, -0.00282523128713013, -0.02138949865811588, -0.0061366637038250535
0.005659544427100809, 0.0024074634357696967, -0.0017159846791181266, 0.0004397519988748877, -0.005939092379341142, -0.0014823738686398844, -0.00454476656420676, 0.0009639608433177835, 0.005307477026253941, 0.004728995680519526, -0.007685130782900045, -0.005508264356986207, 0.0007030470628131072, -0.002064025744212085, 0.008729397900754537
0.09648000721950376, 0.05584713231190825, 0.010625964617395386, -0.011201205100719536, -0.032012663314545206, -0.046849410179366044, -0.056758085055189596, -0.05865478212875112, -0.04952314312903737, -0.039493074244641276, -0.021642019945629587, 0.0048020795697837, 0.02151477432543021, 0.049124862093570185, 0.07773956296028856
0.015058136972239036, 0.011414522831631793, 0.000671880039022299, -0.005901312866262788, -0.004919018733833871, -0.010782000775221453, -0.0064958895375089865, 0.003888129439362599, -0.0018475832823053595, -0.013436580328667094, -0.011973519317488454, -0.008724183286557666, 0.005584670218627767, 0.009793259207467857, 0.01766948941949436
-0.0034265969216540344, 4.606134482140967e-05, 0.0028878302334722325, 0.0031697420176294857, 0.0023179736970381165, 0.0017640049453494068, 0.00012431654496744017, -0.0016710370390443906, -0.00229238422677451, -0.0037110548203753138, -0.002583678640488348, -0.002448393119202425, -0.0010280521299757689, 0.0015449575019683762, 0.005306310612268335
0.002806055149381656, 0.004135890810580783, 0.003700378100362909, 0.0020373819181995086, -0.0031088618752398533, -0.005346454469985549, -0.007887027260821645, -0.009800347543922679, 0.002392432927574688, 0.004682781631177721, 0.0021061856811010323, -0.0005362918305816605, 0.0025845916420210065, 0.0012847127048211265, 0.0009485724153311861
0.005466060981787152, -0.0014980629187273421, -0.006805989700661198, -0.01293323142444644, 0.0034951892007528008, 0.002597543813840081, -0.0013966149753957772, 0.0051959237464843065, -0.0008903862859785238, -0.00042786180121825827, 0.006621133844422004, 0.014171220078405598, 0.010300678817030453, 0.0012411269959646757, -0.025136730372259504
0.008677113936067902, 0.002926867374840568, 0.0014733315117119485, -0.003053149178935467, -0.007566534743170671, -0.005019734552162537, -0.0024145014906474587, -0.002456452975855029, -0.002143390790629174, 0.0025182995414656647, 0.0021867634274302297, 0.0006507312049834938, 0.000820722123997033, 0.0016580884709849382, 0.0017418461399186299
-0.030899880240474485, -0.012664697971874472, 0.0032696387153938883, 0.008470912041043908, 0.016281637756985053, 0.0029473610812371723, 0.018778268379305806, 0.03365798697297192, 0.021302242964271197, -0.006731573207694096, -0.020452919999589057, -0.02846570238590944, -0.011038895493453847, -0.0152199967855969, 0.0207656181733835
0.001179557299719985, -0.0010788534045745892, 0.0054376645937601, 0.009309545664260665, 0.009724238490595387, 0.0007499624354575145, 3.324981427539229e-05, -0.005731036010946945, -0.013209097164680578, -0.010612078291249345, -0.018127950214552324, -0.014419684838488362, 0.0006214791706876037, 0.012556392845385568, 0.023566609610350064
0.017243194623521415, 0.0034175799424226265, 0.004584099590317053, -0.00473633609227983, -0.01938831596856215, -0.019079260104512524, -0.0037090668130258936, -0.0074112127347487795, 0.008285343265750249, 0.013553299421689244, 0.005638403603264095, 0.001149798105003895, 0.008660882733987126, -0.0023985686748291685, -0.0058098408979975966
-0.00536893124857901, -0.0021037392775706976, -0.0006802243096332937, 0.00217440114609236, 0.004865227289790074, 0.003437553769406495, 0.0029690204816332864, 0.002123680367979137, 0.0006098148899751786, -0.001341167235520693, -0.0026507839605054407, -0.0030138693325921966, -0.004012337756381643, -0.000733889864056704, 0.0037252450399631407
0.008356487930962254, -0.009689656425424228, 0.004348001767542589, 0.011363267333969564, 0.007915075552766937, -0.007634753263811477, -0.014838158685981762, 0.0006650033234829079, -0.010370161920553976, 0.009288104055234257, -0.002270532026246934, -0.014350563401938458, -0.0009652307050137601, 0.005259741650957647, 0.012923374814054422
-0.010509106728727926, -8.242001021728268e-05, 0.003519488464314935, 0.003854447410056159, 0.004236753417917518, 0.00428916248758811, 0.0019647320344840244, -0.0005242767912225457, -0.0021243229599294824, -0.0011036949975166156, -0.0010812774685383837, -0.001656446577721518, -0.0011204929578291613, 0.00034810421797198455, -1.0649540629887753e-05
-0.03279801834240899, -0.014804135825056512, 0.0007065570888002762, 0.008991156148834813, 0.012927278131006682, 0.0007746465597156353, 0.04258139804932648, 0.031665425366759106, 0.020745096789470598, -0.009829827536484984, -0.024251940812837436, -0.029145864150848886, -0.014794667701856765, -0.015595894439548827, 0.022828790675128635
-0.012639699198739765, -0.004144070798747548, -0.008881961417143664, -0.008009875894439671, -0.018237102382892643, 0.004547806538348275, 0.006076751607322953, 0.021034904787255164, 0.03120068673678734, 0.03105270221121547, 0.010924748166346275, 0.010894743669264576, -0.012039137216384594, -0.023669281092151544, -0.02811121571604034
0.02990962278336154, -0.0010925412154560513, -0.010628355603552287, -0.010821314285444188, -0.008485934251737418, -0.007353023805842143, -0.0070809718784522946, -0.000826972337210628, -0.0020872929847394446, 0.002918368522059985, 0.005758932204776532, 0.005828464306270327, 0.005189981120495515, 0.002547010693654304, -0.0037759732681839084
0.03644191545764687, 0.017178929358323814, -0.004349642996290706, -0.008490844998644366, -0.01689492797324811, -0.017680868665312943, -0.015418458943122505, -0.013604517876724825, -0.009889813277217153, -0.00391293832581148, 0.0014652549031314978, 0.0024806965423874445, 0.0063907213214460575, 0.011557526687440423, 0.014726968785995744
0.004298488659092275, 0.0004863398718256539, -0.0019989370444278357, 0.001425762711880418, 0.0009894604355644675, 0.0001253464010280616, -0.00822947352673542, -0.013451674660559536, -0.00225795439156529, 0.01191591611541131, 0.006913742616810823, 0.005815631893371571, 0.001692843856165185, -0.0037420240730249178, -0.003983468864836564
-0.0005014867505269264, 0.000725896665457237, 0.0028214318250305917, 0.00034099521288802944, -0.0036946483422130817, -0.005324271750328584, -0.0029541625771353714, -0.00748040527864967, 0.0007636996227735958, 0.00842893766338735, 0.009032015898131494, 0.011162109820600383, 0.0048847113411474, -0.005273606433182762, -0.012931216917379505
-0.03090037556908161, -0.0075591464313977536, 0.02181689430285417, 0.01465474995500948, 0.013458873974521043, 0.01018404383928511, 0.002081024336792764, -0.0017967581556693922, -0.008217500560071849, -0.010075920969147459, -0.007708297177105691, 0.0001637891270542609, 0.002105885220164357, 0.003367817625625993, -0.001575079518833393
0.021349907868175276, -0.0008636567212356259, 0.0023105764303356403, 0.0013187056483091805, 0.007107979083815618, -0.009666226238781241, -0.0168778132514754, -0.01475520133643238, -0.010162723591631853, -0.0038685816220446947, -0.002549694520159255, 0.0009813635479613688, 0.002362775095979492, 0.00716969550869175, 0.016142894098491827
-0.01673301024653151, -0.0010649538248879162, 0.005886643557166718, 0.012416467497865884, 0.007391102038001956, 0.003014398156894549, 0.006896084492796854, 0.0016713777550191778, -0.003350346570164296, -0.012352393065348317, -0.0082445205920862, -0.0017385807904370157, -0.0033462127781112012, -0.0002729509635155472, 0.00982689533333682
0.031084704340137756, 0.018689183464464708, 0.009245167631208195, -0.001166593690786536, -0.0009113409073003217, -0.012666021908171923, -0.0236395726418895, -0.02204905689070915, -0.027007298653821038, -0.03654204231754646, -0.005382018923644382, 0.0023955414260109706, 0.012268393233630007, 0.024871527300758155, 0.03080942853765961
0.01144596622855847, 0.005090111062963577, 0.002614639606368912, -0.002612389491704064, -0.005217877170125365, -0.0038551829838084843, -0.0040524795531562095, -0.001544781827813558, 0.0010288510038038417, -0.024508810241282375, -0.004479888752429668, 0.002780116346466379, 0.009308288225175355, 0.0083879405930041, 0.0056154969539789655
-0.038256397832209604, 0.001350632719001169, -0.03267549140487766, -0.019955821021250077, 0.02211817451189204, 0.022631636743389198, 0.0086367182022313, 0.02719123507009332, 0.047683407966942926, 0.04061488420608832, -0.005201032947979323, 0.00753131734844128, -0.00446911365756752, -0.0366740562920945, -0.04052609361210079
0.03693269627617611, 0.02235230267978711, 0.009129426517407153, -0.0033548846804969286, -0.005310608020265516, -0.011746731918971257, -0.025113334871957792, -0.026745698513956, -0.027709817617050617, -0.026759354138027006, -0.016865176325149354, -0.004399370810722909, 0.01088293844889239, 0.02561478384705363, 0.04309282912728104
0.04192449911096734, 0.020830319503852723, 0.005808716034976423, -0.013950474406281292, -0.0285121375055613, -0.019744372279063935, -0.0066475904727764795, -0.004693414213895708, -0.018399567253697, -0.01802768094436071, -0.011872658607753182, -0.0022575742500704037, 0.005037028790907737, 0.019593941635811137, 0.030910964856944383
-0.06473858274107129, -0.016502270922575946, 0.09427290320408013, 0.0533320759364387, 0.05199290985658374, 0.02593418140280453, -0.05369848953896063, -0.07023757278707524, -0.01989292532931989, -0.054549903954701814, -0.026324525200021646, -0.00012504241940730632, 0.01708103644867618, 0.03447442815921602, 0.028981777885334407
0.08246150803707013, 0.05196879226127658, 0.0029650628331959073, -0.030233060149234194, -0.0524855779908598, -0.042980588760607466, -0.039277165914950785, -0.037627269413548305, -0.02118877985757567, -0.007046675222203798, 0.007082709253575626, 0.011926001701600939, 0.015224344285352706, 0.024025312262818704, 0.03518538667408928
-0.06907067719573215, -0.03247043411122608, -0.010770046706369545, 0.005204235692835647, 0.028153246160324823, 0.0157578200817803, 0.04494582008871845, 0.0628063689501216, 0.03940722686542985, 0.01612814256371995, 0.0008767493641396729, -0.022862240252956106, 0.00154679457401973, -0.016562833515347056, -0.06309017255945915
0.017835122876198296, -0.005160754778707567, 0.0033841347976234157, 0.013578744079699553, 0.0442549550607691, 0.007952737608560894, -0.018752124914183207, -0.04009529217989486, -0.03962315279462493, -0.03298788615369855, -0.01693029582695775, -0.009122552547075518, 0.0064233909442776346, 0.028902551492979125, 0.040340422335034085
0.4682085296862541, -0.14068893881393024, -0.1192091019652147, -0.1050268869288119, -0.08447721542149403, -0.07033542171076061, -0.053794853641090615, -0.036100452402366014, -0.021998515808622172, -0.007882734557845116, 0.005915454809359521, 0.018201064208152894, 0.03289633535633864, 0.04804179939649839, 0.06625093779353156
1.5187124482234237e-12, 3.5873666873232385e-13, 1.4243266297175092e-13, -4.539747325230949e-13, -7.834190619630452e-13, -1.048237443723152e-13, -6.467896020334069e-13, -7.199447723877098e-13, -3.9106701427794663e-13, -2.837913571547367e-13, -1.384382893456012e-13, -7.822268887467065e-14, 5.448194323651497e-14, 7.954529810845335e-13, 7.306799434710641e-13
-6.521361888540456e-07, -2.0139160226573718e-07, 9.057983198636525e-08, 1.650789522878769e-07, 2.1771227017924518e-07, 2.4176128786067454e-07, 2.1381137754241721e-07, 2.3364577498044972e-07, 1.681100456271336e-07, 9.973713059907167e-08, 2.2648339157243138e-08, -3.0160049593659174e-08, -1.4381356353475228e-07, -7.364673009231282e-08, -3.519368757846764e-07
-0.00038601826788407074, 0.0001314431194305206, 0.000728523954184985, 0.0004836959699948095, 0.0002753136156814471, 0.00011974574884004454, 0.00023268108756306337, -0.0009839174677380407, -0.0006073309028188751, -0.0005549982196754214, -0.0006939130559068925, -0.0005702556746038507, 0.00050394290865102, 0.0007251877003310891, 0.0005958994839500656
0.0029438714781107097, 0.0005002678964926647, -0.0007540141599582594, -0.0010292900075953813, -0.0010199179075354593, -0.0012723645637900828, -0.0010096292515584212, -0.0007580540306328651, 0.00020752362094113644, 0.0005392567421195017, 0.00023531339512095583, 0.0005152159548161439, 0.00042203563084378115, 0.00041415088859253675, 6.56343140330679e-05
6.426732687489548e-05, 0.00021797342804145915, 0.0001422415100288263, 3.1930722898407545e-05, 0.000137939996898413, -5.154000265045343e-05, -9.706865283204973e-05, -0.00033801464739304855, -0.00032375878886553995, -0.00039870298160980203, -0.00011586840358655843, 0.0001367140327553166, 6.80265692471421e-05, 0.000288924615089825, 0.00023693527510313832
0.0002142871266859091, 0.00012702700498629953, -0.00179606184767701, 0.0035152397301777896, -0.0036582660192741204, -0.005254609773239281, 0.0020888272624673358, 0.0026167329219038303, 0.003965394313703681, 0.0043713968509535555, -0.004724774744614993, 0.00013084447235361742, -3.2338631100604225e-05, 2.0265871833180515e-06, -0.0015657252545093633
0.0022518642853962176, -0.0009719357957119387, 0.0008097040343989818, 0.0023644831325801436, 0.0008263521275606774, -0.002768937754242969, -0.0036250489281945556, 0.00027796338102795137, -0.0014315866357261656, 0.0020573587669974985, -0.0003653662857952729, -0.0033399852986569336, -0.0013058896756913815, 0.0014907951183823368, 0.0037302295276752345
-0.0016034695773092804, -0.0014186680476548387, -0.0008820161655706704, 0.0008109649290579949, 0.00037381181758980737, 0.0006978493177320072, 0.0007429728946665079, 0.0016854903407895231, 0.0018346972425331098, 0.0012435621565571981, -0.00011560109360783174, -3.327685785353164e-05, -0.0008754275255840922, -0.0001190433481157701, -0.0023418460832300347
0.002396559148078605, 0.001242632400215167, 0.001138107935629093, 0.0005306392773307399, -0.00015930266623550616, -0.00141341795418787, -0.002320498445060671, -0.002703991273957826, -0.002018301290591541, -0.0014440778081884066, -0.0011853996234540529, 0.0004381714594357385, 0.0018813847068310746, 0.0015998496604888502, 0.002017644473666547
0.0029915223865416814, 7.89221690900214e-05, 0.00020688713676328985, -0.001169108335560199, -0.00025927377789174377, -0.0015037180067446255, -0.0003114708465264087, 2.154178795963311e-05, -0.0006828017276378257, -0.0014532667012900893, -0.0006800913594570308, -0.0006891159379318555, 0.0008360655523585788, 0.0004161445555443966, 0.0021977631047819727
-0.01471576975311788, -0.008378541254492134, 0.0017740168128263993, 0.004989905279348402, 0.010301834903890398, 0.0028310061073733386, 0.008357053818310185, 0.013729400944941654, 0.01540089059578944, -0.004151139115740521, -0.01118134325180089, -0.01837337157709496, -0.006444035462477597, -0.011611077473629335, 0.01747116942587336
-0.0017300005260656246, -0.0010799172330250323, 0.0006111244237644415, 0.0007221973113108821, 0.0011251536982497215, -0.00012790567693505197, 0.0009923706976467511, 0.0020608751770200074, 0.001062154625811614, -0.0020978762478826864, -0.0008248428637101467, -0.0010421650110643125, 0.000695748681516935, -0.00033338721620126917, -3.352984043623449e-05
0.0010475477599979522, -0.0011754396341145724, 0.001604066283527772, 0.005664146937015095, 0.004359992324348553, 0.0051075283226796, -0.0065240121010677835, -0.00771585545419134, -0.0020312653219785224, 0.005943829623623509, -0.011521205701171492, -0.011827802803616585, -0.006419022251588671, 0.012570761266766872, 0.010916730749769859
-0.004081795242883033, -0.001525018665289271, 0.001117704194218441, 0.0008937193299691687, 0.001666369017844862, 0.0015027910283359868, -0.00018608594627193392, 0.0005044842663925976, 0.0011607350504856595, 0.0022502617516818257, 0.0005338909125189533, 0.000851798743960183, 9.880427744818042e-05, -0.0016087861373796101, -0.0031788725810319306
0.0037682028159713404, 0.0007373583571909794, 0.0031653041334001393, 0.0016486659764194756, -0.0026936405541129775, -0.0020459410974999416, -0.0013257800362744588, -0.005834769112058058, -0.006047502661838605, 0.0019245562561707446, 0.0006282160702005453, -0.0010685585537222222, 0.0012771991179188495, 0.0031406739194389933, 0.0027260153687952418
-0.009636743984894091, -0.002596255232805191, -0.0006126016844066298, -0.00034400881827053226, -0.0007135782547754567, 0.004928290071766547, 0.006998602393223374, 0.008044117084646503, 0.004762438121308448, 0.0012858089106661044, 0.0007321209236011355, 8.986642335077506e-05, -0.002080704541600293, -0.0037557629700537155, -0.007101588441756905