
0.0033941846854375745, -0.00013997399577399472, -0.0008636587875476066, -0.0008878610327285652, -0.00043747408149592284, -0.0008421573822687935, -0.0005676772540242755, -0.0002698008133458421, 8.248770012691411e-05, -0.00019931222610134185, -0.0012065650172349452, -0.0008537070808438766, 0.00014279315397968534, 0.000419064073772114, 0.0022296580580488767
-1.48676365338378e-19, 4.736840214833022e-20, 6.267404418938e-20, 1.202955781038263e-19, 1.0095359877194498e-19, 5.607489158515257e-20, 5.0193947974830925e-20, 3.733227115648137e-20, 7.428846660650763e-20, 9.820095939856269e-20, -2.7632852491073427e-18, 1.580800379829829e-20, 1.436591126647563e-20, -1.48450940993639e-20, -1.0068719555956969e-20
-0.02276095515990442, -0.0093005049900951, -0.013183107095181095, -0.0105372318799938, 0.005618817165335027, 0.02513961986236611, 0.017675337898443437, 0.008492850346227628, 0.030027738134997855, 0.02888103519153561, -0.00472257777573787, -0.012756612095678029, -0.005513949240764174, -0.02601419198993419, -0.011046268371616975
0.046226565423443944, 0.006388554057964983, -0.011753679467187866, -0.03231169280552814, -0.02046371369390269, -0.008328015834577781, 0.002546051114551028, 0.010451951467988562, -0.003707138714719112, -0.003329861482076268, -0.00595238042876358, -0.0012404280783119381, 0.005607904037395242, 0.007514003617096583, 0.00835188078662678
0.0008954873908083225, -0.005458275263046145, 0.001231491350402825, 0.0027216296036767142, 0.0028963897553693162, -0.0005171149244069373, -0.003067358420348344, 0.003502933817818341, 0.0006439242775677793, 0.003130910284833235, -0.0023244415629197863, -0.0052433344721395094, -0.002745803818373953, 0.00041468072230434416, 0.003918881258453562
0.004365838783435465, -0.0033107000296407076, -0.01925124363295867, -0.02640474758628171, -0.0012786069879136396, 0.019844911959635492, 0.006730396060128538, 0.016327686032125217, 0.02122311155547869, 0.011953196932752484, 0.008762141426786938, 0.0005624798829488586, -0.019769916833782, -0.014871429686717053, -0.00488311787599786
-0.038968993792892766, -0.025004294821135437, -0.0006511969850698845, 0.01855865602951322, 0.019266972831545798, 0.023424631161689077, 0.022344435155044175, 0.018640957543347113, 0.005830829452220334, -0.002368581903927196, -0.005672330361969513, -0.004040460460764679, -0.0056567480704068016, -0.015460567765691243, -0.01024330801150231
-0.017289094544354393, -0.022061191071385176, -0.0035987313193655557, 0.0011806171570193703, 0.012212455884906152, 0.017767553695560646, 0.011684331103580713, 0.004505410860425485, 0.009242197018262996, 0.02467316337779289, 0.016560687038743, -0.00185806266314668, -0.02823056822000035, -0.031030695030660735, 0.006241926712621922
0.40994302376799546, -0.11632305801659669, -0.1035391243363902, -0.09180721016637594, -0.07808641451779279, -0.06335349943176309, -0.050308377919920294, -0.03510177541674257, -0.020603439967562684, -0.007553714419536768, 0.005088301011917802, 0.018783019302625572, 0.0324813923093579, 0.04429548199979014, 0.05608539580099415
-0.4237613925921604, 0.1215569122788172, 0.10645519141512824, 0.09281772900274361, 0.07872569501187889, 0.0659722617636829, 0.05131090570787495, 0.03685498676705687, 0.022882423008050386, 0.010344858959401, -0.00394746585498198, -0.017987723715212914, -0.034084456043333565, -0.046614024563504435, -0.06052590114544103
0.07005577298607363, 0.018035190364496904, -0.029561062696288654, -0.055651168596998486, -0.04520131494915765, -0.037569242693915546, 0.0011795379190718647, 0.025711240610559027, 0.02984120778970468, 0.04345782918429273, 0.017330086199566472, -0.010362295354325157, -0.03998964672651495, -0.002211901452666336, 0.014935767416101637
-0.02457199201458347, 0.005483192084493234, 0.005804406088144372, 0.005653013536004377, 0.004724716052190307, 0.003773038726078338, 0.003768427824130588, 0.0021048649608256735, 0.001968681159035828, 0.0021631842524764393, 0.0005612083526753054, -0.0008758604426770058, -0.0018570767059233086, -0.0037267241108760937, -0.0049730797619944
0.006719100303596864, -0.002455014514523324, 0.0020633019025118183, 0.003919996465084645, 0.0009837886828710223, -0.003411010774128746, -0.007873435005104698, -0.001175330399148755, -0.005190600266579744, 0.0037689622600367355, -0.0021179013699053413, -0.0074385089124511606, 0.000663306201958716, 0.003803513578052831, 0.0077398318477290215
-0.005361916075303901, -0.001982285371212997, 0.00046157154687532484, -0.0023215108782777823, 0.001870552469503319, 0.005922029473143048, 0.0029129584083149637, 0.002898680623854892, 0.0015581639735506956, -0.0007040943243778283, -0.0006289296814948742, 0.0008331182361218083, 0.0015068559096147731, -0.003589785629278574, -0.003375408681032692
-0.0032622454671590332, 0.0003351953326764707, 0.0009164011833793503, 0.0007598834976077136, 0.0009875484071219308, 0.0007157734933090145, 0.0003505554079260904, 0.0003019118460072166, 0.0001507938050670937, 0.00023519982925228228, -2.3463858331948793e-05, -0.00010091906221201302, -0.00026636385459323194, -0.00042832880277806604, -0.0006719417572728693
-0.0013769682180238168, -0.000726558542011182, -0.00021527093802497753, -0.0004208618197701553, -5.555879239166277e-05, 0.0006533229031788233, 0.0013314497307949722, 0.0016501470092638796, 0.001409327869751711, 0.0006784802186153939, 0.00027928801401297794, -0.00032217195809804887, -0.001337869806931425, -0.00091466262313159, -0.0006320930472348957
-0.015500071061438586, -0.007392840313224769, 0.001447046725902278, 0.005531909687078623, 0.008931246819070662, 0.0010295831407951248, 0.0094155178998489, 0.016990002413661037, 0.011684833435031542, -0.0038959819501963202, -0.010606207624474603, -0.015450418947889788, -0.0057061895603818585, -0.008381149285788229, 0.011902718622005813
0.006064671980130928, 0.005639921385467601, 0.0024436469398667737, -0.0008309446602396312, 0.0018693192778613545, 0.00026183286296809844, -0.006332451086053509, -0.013582642547815568, -0.01401607558050029, 0.00021577320069411714, -0.00027034620987810386, 0.004240789234489885, 0.006640459350243874, 0.004376346144219035, 0.003279699708545368
0.03014716557622479, -0.00830027189241712, -0.0073055813878504456, -0.006826204475105554, -0.005691497347655683, -0.005189029511802704, -0.003882140390750828, -0.0029885742374881714, -0.0014887990382449116, -0.0003115099428511896, 0.0006661053511124453, 0.0013381421229761846, 0.002363631999693431, 0.0032760564568068916, 0.0041925067173528355
0.023047954754610543, 0.018638034500254346, 0.009092506298869159, -0.008629474195264424, -0.0007839374011748406, -0.0185237117529837, -0.01613107058847827, -0.020012372164560997, -0.003435839451145518, -0.018850049200921128, -0.016875516040082413, -0.0017493396457216237, 0.020675142971875587, 0.010801355007201646, 0.022736316907521648
0.009503164722512275, 0.005788343075262415, 0.005460106553463872, 0.004798863982860698, -0.007248666353493744, -0.016356007818366845, -0.00893134030569437, -0.006524770487384745, -0.00352551135049879, -0.002586321831246668, 0.003091719547206929, 0.004989580308835262, 0.006599205243592313, 0.003763948867580732, 0.0011776858453711036
0.011931691529400455, 0.002859630596183559, 0.007343539654770354, 0.003842270955568315, -0.006799377066597251, -0.008118053661071047, -0.0049372583207724086, -0.01381932483827551, -0.014206336209989116, 0.0019404292775729026, 0.0011969139946096284, -0.0011587443904204177, 0.004035667286878342, 0.008836372010367015, 0.007052579181775096
0.00044697424337918903, -4.454842399397194e-05, -0.00010012682684364211, -9.995225936382605e-05, -9.157066909542077e-05, -0.00010043229142141352, -0.00010518833257567499, -8.730106568777721e-05, -3.004441107388675e-05, -6.67075784422248e-06, -1.6517997090668682e-05, 1.1333316470825104e-05, 4.023858592830668e-05, 5.991343666366416e-05, 0.00012389345254854023
-0.002367009862170747, -0.001061766012539717, 0.00040271213215350147, 0.0008592298922711309, 0.0010812829097946914, 0.0009434693929553411, 0.0009987689394650855, 0.000626871722157839, 0.00043269396464094357, 0.0002512288942684834, -4.3240319817992055e-05, -0.00037304779114443083, -0.00048778292159828415, -0.0006099231360742089, -0.0006534878043615971
-0.017987035820741088, -0.007467038458300362, -0.002766829124390354, 0.0047165245779339044, 0.009507765476092063, 0.012977370034624484, 0.00817545944646272, 0.008721552745263417, 0.002652077837610104, 0.0001428523126653931, -0.0007661113856184466, -0.003050513966572825, -0.004331716922732891, -0.003865656578723724, -0.0066587001735722165
0.0052185683286373385, 0.0002340080446770529, -0.005009673213912584, -0.005318895190508319, -0.006404798911778885, -0.0026334953896141747, 0.003400945479834088, 0.008300729778807539, 0.008240826412448924, 0.004105629126327925, 4.8095168252459565e-05, -0.003143288580488221, -0.006778876024556362, -0.002219227173958498, 0.0019594521458314485
-0.047153575139876426, -0.020384086541618964, 0.003694635889659044, 0.013767315638118897, 0.023666903078857434, 0.005794322428710398, 0.028558960339692924, 0.04796574001668746, 0.032628736700867786, -0.006571042478107876, -0.02667104592215078, -0.04087357258623272, -0.015775440208554623, -0.025744147127479196, 0.027096295911426725
-0.017605887631537743, -0.010760372781745959, -0.0020429267745171336, 0.0061672023331615314, 0.008573825107853185, 0.007381859586237743, 0.0077844735398249106, 0.009095546289069707, 0.010616573713112903, 0.005420313620389341, 0.0016161883706954556, -0.0026479864958115296, -0.008543520638946861, -0.007311194161182402, -0.007744094076603241
-0.02477001397196014, -0.009618206701866848, -0.0073917859314292025, 0.00950311325294965, 0.004213661381530456, 0.007196290118813687, 0.019420092613604265, 0.03161267585761688, 0.029815656694895165, 0.004460436954448885, -0.024467879174479686, -0.01725627378214652, -0.038351792607632905, -0.0024208303523565065, 0.01805485564801273
-0.04328124812424444, -0.016153264318434227, -0.023973889673725105, -0.009786982827366696, 0.018275205637342157, 0.03936063892624468, 0.02811734588586679, 0.013892483655615377, 0.043376594861260116, 0.03937736835273286, -0.0033370563122542087, -0.01032908094888744, -0.010309604271854981, -0.040102296612899414, -0.02512621422939547
0.4616039297639055, -0.1376902622328782, -0.11821390039769292, -0.10389752057990702, -0.08447208826622357, -0.06821726461950733, -0.05237001824979249, -0.03752560879427296, -0.02105533393408275, -0.007325223295442398, 0.0055642022814736194, 0.019432594446927604, 0.03222360874022726, 0.047229905414661225, 0.06471297972260448
-0.00044088672382535136, 0.0009320485460348343, 0.0004362701448113445, 0.00029163757271588494, 0.00019899096768213743, -0.00036578845092806006, -3.787004573030854e-05, -0.0008454995112344819, -0.0005865789535514782, -0.001406627868717552, -0.0006208040386478974, -0.00021625037769260354, 0.0032233339844009576, 0.00037408370726991233, -0.000936058952587402
-0.003416882726814873, 0.0004280841522851622, -0.0026190021200673016, -0.005408822352546543, -0.0005430168539485792, 0.003435545287142918, 0.005907506035754424, 0.0036699829685194743, 0.0029749105418118483, 0.00429280425214623, 0.0013406248253963553, -0.0002975885786037055, -0.002610304032756474, -0.003805942607815662, -0.0033478987905033683
0.010214519975609246, -0.006212869803497063, -0.0008644630992725624, 0.004843092549959065, 0.0026225156858195623, -0.004986876507073681, -0.004938853259690313, 0.002044460946631535, -0.005300773280665449, 0.0026453474201735367, -0.004679145266922329, -0.009644069102244938, 5.509792299539656e-05, 0.0048363931967843835, 0.009365622621394096
0.010340078401351182, -0.009059872113500367, -0.002375102179978389, 0.004763279206593282, 0.00677342154815887, -0.005203476302885132, -0.007182447543236656, 0.0042146146990774125, -0.005390680863398059, 0.007353555650457699, -0.000769627198099998, -0.013063540082305477, -0.004669592593238256, 0.003361364594422364, 0.010908024776581246
-0.040370418374941645, 0.006419507924701857, 0.011773401652844457, 0.009061500653782901, 0.009152444654248689, 0.007265485829899489, 0.0071298887699219795, 0.0030494587129940116, 0.000882185336918001, 0.0013479941879129729, 0.0013047791767294523, -0.0009641902470314392, -0.0026511270451770597, -0.003581587796145029, -0.009819323436658655
-0.01754419002620997, -0.00479182734512117, -0.001501810402926043, -0.0011686461687736708, 0.006617999254677012, 0.007264898637567, 0.010679965228935478, 0.0074364564223107195, 0.006958494198218655, 0.0067283518064030655, 0.003786010195654722, -0.0005868231902365836, -0.005458301766165529, -0.008129440428298962, -0.010291136416034645
0.010605279060303185, 0.005063577985452103, 0.0038110539833616395, -0.0072064742651150124, -0.012069983275308342, -0.02137356804522942, -0.0058531691991898, 0.003054717452843708, 0.0053894454835352905, 0.011812317046197226, 0.00931802775999919, 0.008174679891079057, 0.004214791893659503, -0.0038815675881861606, -0.011059128183402095
0.06841823609920691, -0.0010362035536624597, -0.015228187579265895, -0.026481022554307544, -0.028956334224349206, -0.023161681660170887, -0.014312471087325418, 0.00541378371045625, 0.00349351094689663, 0.0050890811022531405, 0.006286472788007029, 0.005920752682299963, 0.005063352868761875, 0.0048252736386299455, 0.0046654368225694754
0.13730218023428997, 0.09330963382625393, -0.05277650515994563, -0.06855884893787023, -0.05962990206480743, -0.04956323787913054, -0.037472282639064505, -0.034812151422729504, -0.028575660545067723, -0.018600503628350747, 3.676185921859844e-05, 0.007059874845564917, 0.0234576141001362, 0.03425570108474575, 0.05456732632675641
-0.020505244724159533, 0.005683788539829955, 0.0052722932082165, 0.004364798056626508, 0.003833283328890538, 0.0031920615392628496, 0.002565020882024226, 0.0018725371228649611, 0.0012564915311787227, 0.00040082340517771876, -5.887708655719191e-06, -0.0010607911965505206, -0.0015030794816044888, -0.0021164188850422067, -0.003249675618059453
-0.0002040429863906432, 0.00025163841656222546, 0.00017529297014987747, -5.049837934185837e-05, 0.00011593685724001976, 0.0003359276848950101, -3.836009035690297e-05, -0.0004916248438798293, -0.0002704957264563312, -0.0001312053240275254, 8.498812772323845e-05, -4.299243335790349e-05, -0.00032463723460308106, 0.000320106055943365, 0.00026996690590035306
-0.01151303672665193, -0.006876750325692666, -0.001940742048899762, -0.0009964600361642801, -0.001989773896169237, 0.011613608053285698, 0.010043879317418786, 0.00816935706057202, 0.00567205072378643, 0.004979829590349197, 0.002282331289895655, 0.0009006191036817863, -0.0007058314530391694, -0.0066820059485113185, -0.012957074703861163
0.02276528302498576, -0.0028460277991337935, -0.0010262997065828925, 0.013598315224564, 0.0020834382901939673, -0.0034036193769018588, -0.017853421569713302, -0.023415316376907917, -0.01826527291887851, -0.014830883487198436, 0.003226276864836127, 0.005756529471738159, 0.021622066813416142, 0.007878532181842259, 0.0047103993637405755
0.0003295625885054702, -0.0018440145974025378, 0.0005956099341318596, -0.011863690267592968, -0.0021212320293204166, 0.007105631314875791, 0.01205598468972134, -0.000686732299995831, 0.0034902300446431334, 0.0012946629817190455, -0.0029675287479894604, -0.00013813074876488216, -0.001215775494495877, -0.004366162646588825, 0.00033158527855444824
-0.008890323640219185, -0.005593133156867785, -0.00223351472208849, -0.0013958882008244244, 0.0034518326374725736, 0.00602406582772183, 0.005823837409880037, 0.008705317396206847, 0.005844939876975248, 0.003415005778348124, 0.0008888479086105362, -0.0007879587634785373, -0.0026064278073656536, -0.005053958883096649, -0.007592641661274367
-0.03156050959125459, -0.00826131458737031, -0.015427065599015355, 0.0236988793909352, 0.012868908209360357, 0.004543812146111334, 0.022754656882983466, 0.02788715887325513, 0.029830617835471005, -0.011956409934347725, -0.021931921151596222, -0.023806608287880476, -0.021539669757937866, 0.00987577086083025, 0.003023694710455698
-0.006604415499879057, -0.002158943532869928, -0.0016022017482187584, -0.00645949356535355, 0.002715106394557295, 0.005680322113904936, 0.0044756235852860165, 0.0016342617188911676, 0.007380554223890919, 0.00805151355750602, 0.004401944525221048, 0.00038275319187049, -0.006184251857087622, -0.005638277655308601, -0.006074495452410229
0.015824546412636708, 0.008226153399952875, 0.008057074174221229, -0.012691192616766302, -0.003713440416220236, -0.0040051739280169505, -0.011010781330095335, -0.01670880964554693, -0.009124391499860702, -0.0019420666378347751, 0.0040449579636507756, 0.006449711306333198, 0.009581892705440844, 0.0024274033952746306, 0.004584116716831211
-0.009704192240360043, -0.004030663554458591, 0.0008068456675002427, 0.004398561538333645, 0.012724390550604238, 0.015190831278915184, 0.002404904097540428, -0.013669854619656445, -0.0059512901434293775, -0.004493336126496081, -0.0014783714508783653, 0.00024335956480084153, 0.0009374136193306871, 0.004162356545827999, -0.0015409547275743781
-0.012179501653908962, -0.00044891694150966927, 0.013279957410510853, 0.018732605300964794, 0.01254678381011024, 0.010591160289788331, -0.01450413170469842, -0.024701973082826238, -0.023494180155737884, -0.010182534618303775, 0.002566855828341618, 0.002445701733459024, 0.019901878336387856, 0.01355884950521143, -0.008112554057788832
-0.08393933038686215, -0.03419969304358979, 0.021271520894466555, 0.018301354802257218, 0.012746883939444273, 0.04213222571998387, 0.038692963398944125, 0.027176365098606797, 0.009234228165282278, 0.02901173338375172, 0.022896336868282765, -0.011451389815853046, -0.03564951113497045, -0.0296598439978723, -0.026563843891871924
-0.00028540843419769436, 3.3136222002582613e-05, 6.868251573665591e-05, 7.85800528997467e-05, 8.298351018210417e-05, 8.092934419203486e-05, 4.4849238486672295e-05, 2.492039044917276e-05, 1.0381946782704355e-05, -1.6261545668726742e-05, -9.675971037525456e-06, -3.0985389184741036e-05, -1.8233414761184365e-05, -2.7916489714664096e-05, -3.598197616697121e-05
0.00011484758634173987, -1.912151254804574e-05, -3.52696278704734e-05, -1.78527205838079e-05, -2.572898764626992e-05, -2.490244744209886e-05, -1.7241817897386404e-05, -8.433155411185218e-06, -4.4771668043569765e-06, -6.0415621677222925e-06, -1.5978479891650417e-05, 6.792072720263351e-06, 1.2811591132574954e-05, 1.3692780511402672e-05, 2.6903447556905138e-05
-0.019242724216121575, 0.005002823983088348, 0.009627770164113425, -0.00736495426264842, 0.001225254850086066, -0.013581614818041262, -0.010105438326164552, 0.015262276751078663, 0.022421743668862237, 0.015122778418745268, 0.0062952687368583345, 0.006783579448392964, 0.003085692465996544, -0.008015315952903742, -0.02651714091134233
0.007275180616290493, -0.0012215938175015398, 0.0006976395053591706, 0.0006766895927942855, 0.0021771566177607995, -0.004122323221716118, -0.004668090948813535, 0.0011960700502212035, -0.0028502738824219146, -0.0014774517982856792, -0.005199454162429298, -0.005677558392807137, 0.00025232083184604723, 0.004329263921608226, 0.00861242508809485
0.0028480084335119307, 0.0026537219029263972, -0.003552361282634207, -0.006030318915474387, 0.000899900782212018, 0.0016693461127327428, 0.0010802679974075537, 0.0020561079049393055, 0.0013333937626473927, -0.0022402505908730424, -0.0013022534123687836, 0.00030040361294403275, -0.0027679980410581922, 0.0005780077753089836, 0.0024740239577783407
-0.008496974334397195, -0.005075868258375502, 0.003092578310887862, 0.00337149117812414, 0.006108211606840842, 0.00023215890503036938, 0.0064115329645539065, 0.015582652703407252, 0.01056258492442668, -0.010031934586158944, -0.017527781094358978, -0.013020143811671794, -0.008279861423116493, -0.00028035146062154674, 0.017351704375429516
0.0028331764562136634, 0.002359653257914706, 0.005084345229446056, -0.004404266244511183, 0.0081538093134878, -0.0013507533452225635, -0.0015069864228986493, -0.010213547602388592, -0.008065159230712738, -0.00996495973570579, 0.0029812603595961596, 0.004670023207258696, -0.002379805633885714, 0.00830448903883736, 0.0034987213525706357
0.7490643603318194, -0.21358662088226932, -0.18892285706293904, -0.16467463549797395, -0.1401167059182294, -0.11574350300060601, -0.09076759528901203, -0.06611542845140862, -0.041394840535796736, -0.016421164451879338, 0.008432586834605965, 0.03303029823918993, 0.057683150184115704, 0.08231497276666794, 0.10721798273371547
0.005483707882430081, -0.004129489485385818, -0.004733470697512689, -0.006375886351265163, -0.004659279537453853, 0.004257603546444962, 0.00420415177335037, 0.007370517863582195, 0.007747927598575847, 0.00228410109047161, -0.0008802125204771326, -0.005530324205736077, -0.004842961831531005, -0.0012149492669177766, 0.0010185641414240981
0.010018240815882866, 0.0013994403173897536, 0.00019788948192413995, -0.001355564579500011, -0.0018538686599028878, -0.0023145389362530756, -0.0035097363941250484, -0.004091625595993346, -0.00523915674738357, -0.005276961766527801, -0.0019480634231268182, 0.0018618171173188603, 0.0032161910588175495, 0.003771417933099689, 0.005124519378379672
-0.036083511916630256, -0.02691429290693921, -0.004703874893637275, 0.013770051630657192, 0.02362615677040912, 0.02525652051067289, 0.021271773417360494, 0.015638101821222793, 0.006604142566391919, 0.003205621067315978, 0.0003893035388517227, 0.0005167509185854051, -0.013045696675115704, -0.015849281274002924, -0.013681764575142226
0.27100132479912337, -0.06600772493300022, -0.07052785383564131, -0.062004543375994065, -0.05796895411112643, -0.04190370793102724, -0.03228191093048357, -0.026909240977751242, -0.018012303316052875, -0.006300105232301135, 0.004120324924467313, 0.014252193341903903, 0.023186746226301305, 0.02987196076518041, 0.039483794586401506
-0.013078855181077122, -0.0007042588496560068, -0.0005822174187512415, 1.9052495929527398e-05, 0.004736456453831871, 0.0051479248499742124, 0.005399715787495456, 0.000752474505975192, 0.0038888252303217533, 0.005533933889637034, 0.005342346430098715, -0.0007017610138384612, -0.003711977094419391, -0.005967336199634663, -0.006074323885886822
0.004027845728301822, 0.00293697981549071, 0.0016984659209490498, 0.001711516740084423, 0.00047543844095122953, -0.0014924659887119438, -0.003725505807180466, -0.00417022713107296, -0.002017143825240925, -0.0028363546063635467, -0.003612539757500694, -0.004950804844657601, -0.0076793481608120944, 0.004840498742788328, 0.014793644732974355
0.01745839578820871, -0.001676980463275812, -0.0008976232600330739, 0.013374305707451252, 0.0052092432883322475, 0.0004380100955344872, -0.011383820186492153, -0.011042173905678077, -0.01290253474247184, -0.02939154286137682, -0.0038473000407033397, -0.009846083040099608, -0.00016072347497428748, 0.022990395409419388, 0.021678431686158364
-0.03622629267235929, 0.006099765140293514, -0.0291819372486693, -0.019949568978047588, 0.0223504543515325, 0.023307741267251755, 0.003884515354979639, 0.018705235955400697, 0.04281756524836344, 0.0354448572650426, -0.00449427927438459, 0.009859777875136701, -0.004030131681135612, -0.03545896409745616, -0.033128738505948135
0.038953272047368585, -0.006550209245409534, -0.009459709862321605, -0.010756408173274504, -0.015863886848228495, -0.006904504139047914, -0.0052221382503149965, 0.00494998076939153, -0.00025435964350114154, 0.00039989891322122204, -0.005506488770393617, 0.004103327120450041, 0.0019295569429898787, 0.004934089260678528, 0.005247579878391365
-0.023673310976549546, -0.003988561044939514, -0.006357141112600763, 0.012899657863239634, 0.005313159588229998, 0.010344514040468815, 0.017058875912004546, 0.019054273370634978, 0.01687322424429879, -0.0025437082071117193, -0.026766508750806783, -0.011205874656798478, -0.02486423193694455, 0.0034752793917548577, 0.014380352275119353
8.258749541399348e-05, 0.0012873959725226566, -0.004678656940062694, -0.013844297611216933, -0.011731393992139374, -0.005047883648830819, -0.0011591182573406137, 0.012552899556451594, 0.007292226378615047, 0.013150070446970379, 0.02435909137417149, 0.016047394968084133, 0.014090767224101889, -0.008577469005702268, -0.04382361396103863
-0.012420134768605219, -0.007604608556119256, -0.0036895379295889927, 0.0026040427304490268, -0.0008472209469878188, -0.008051727455044407, 0.013938787205763827, 0.035103763358284114, 0.022778260727052902, 0.003472621782911663, -0.016685026601904126, -0.01522291855335998, -0.012279306072520736, -0.0049923005428062425, 0.0038953056224753906
0.044661464916680826, 0.003108904617570774, -0.018445346520000502, -0.02292213005725914, -0.015842359236839392, -0.009327324902692532, -0.00659583964292584, 0.00015376812207982323, 0.008520338109988071, 0.0016578234799691906, 0.0045532900889061105, 0.005113206086886549, 0.002868070671125936, 0.003171110771067443, -0.0006749765045575747
-0.00431893667597653, 0.008984982823134332, 0.022376815643835937, 0.02278082148844798, 0.01684936013796837, -0.017904149496513158, -0.04050907589407331, -0.0964705805355395, -0.04088777773098258, 0.06163765841874475, 0.04379453310171212, 0.04223472118539737, 0.030682493580098193, -0.009548981176799148, -0.039701884869454564
0.13980408595929367, 0.02023812971391316, -0.025204709490209518, -0.017835862034794855, -0.04116012186843571, -0.052484884285675416, -0.047924107861065796, -0.04247273915151023, -0.027811454573705492, -0.01057881123692568, -0.004249837567704049, 0.003048037236659868, 0.016091087181325688, 0.038401168583855956, 0.052140019394978476
3.0428969658811917e-06, 0.0002920155723489583, 0.00024950737645903153, -0.00030877141908749117, 9.509833162415537e-05, 0.00010215201583579443, 9.718949296837808e-05, -0.00037784384733867784, -0.00045019572983230784, -0.000402549637274529, -4.306845627322898e-05, 0.00013299286309209293, 0.000252212411971613, 0.0005434266004959805, -0.0001852084719555318
-0.0035591920009430326, -0.004207845446586968, -0.006132135983756574, -0.00619184130802362, 0.005576172368079904, 0.005305974774171418, 0.0021970044435970977, 0.005809868222088324, 0.0034752181779289628, 0.006893526779426347, 0.006116761656419918, 0.0031255546315814555, -0.000557663671849792, -0.0035813708809951062, -0.014270031761138344
0.004260309114437947, 0.002855007870052076, 0.002081565077497144, -0.0021830507005755314, 0.0004831689686529487, -0.0009826899534950326, -0.004494014108769257, -0.008955527064375121, -0.006506003378423085, -0.000186982485345971, 0.0038342271970992917, 0.006558941649170804, 0.005662630433546063, -0.0014393928264700854, -0.0009881897930020893
0.002310777414876363, 0.0003126115691320658, -0.0004967042523692771, -0.0008573577514916917, -0.0007705519630944379, -0.0008425332618730419, -0.00047053192833499416, -0.0005682029618246851, 2.0808977045072623e-05, 0.00012478977041304265, 0.00010931566478249655, 1.615643210830464e-05, 0.0002139997355170662, 0.00034401309428375274, 0.0005534094608299549
-0.009049406450529497, -0.0019417161568205225, 0.003475222703973402, 0.01400771611407211, 0.003081412594028616, 0.0014906204012408997, -0.0011270311167397996, -0.004646619203254663, -0.004193132715018311, -0.002704014402755216, -0.0011077175920809856, -0.0020493989190436025, 0.0006977925618000029, 0.0013216747545933495, 0.0027445974265342364
0.005848289425645426, 0.0007107642695290949, -0.0008815533898661685, -0.0002620406631531461, 0.001238675663921709, 0.0016083613618428153, -0.001960969827382543, -0.005368138104262136, -0.004729226752886861, -0.004771220113981395, -0.004128238175103046, 0.0006760042518585345, 0.005878617145396625, 0.003706983704526751, 0.0024336912039140727
-0.013232735716396927, -0.005511912645400946, -0.00963892202368195, -0.00875016075759371, 0.003082737411782731, 0.01623367602923563, 0.012485018417958953, 0.006752608616327146, 0.018989964977788848, 0.01732747347007138, -0.0026305463781358574, -0.007336303997352761, -0.0037355113965005073, -0.015821905920912566, -0.008213480087189362
0.00795401735882321, 0.0012351118490849654, -0.002117042159725311, -0.003835154764884165, -0.002224417352466453, -0.0024205209747562646, -0.0008047297467368976, -0.001518084958859888, -0.0022043759935434465, 0.0004705496318050283, 8.800125674995333e-05, 0.00328547304885238, 0.00022654689386254797, 0.0014837960931382863, 0.0003808298186559871
0.6751662505979644, -0.19398242412285338, -0.17104958547460905, -0.1482691714417515, -0.12697982652599213, -0.10354214242193069, -0.07953567199505283, -0.05848597186376489, -0.03617871441293737, -0.013531531037385842, 0.006280233840073432, 0.02785424924795083, 0.05139123624384246, 0.07362842891696379, 0.09723464044948271
-0.046982566941817676, -0.02270065989934229, 0.004820723707268432, 0.021677228398645818, 0.028850060469208207, -0.0022282628130057304, 0.022346443524480716, 0.03443280060611523, 0.025865746751758123, -0.009730264922859284, -0.01640880554335963, -0.029712669853757836, 0.0004699253831900925, 0.01560915226296948, -0.026308851129493622
0.01568447726018268, 0.007257195322840813, 0.004556940000794227, -0.00910367695105332, -0.013762319367157105, -0.009851202519739203, -0.010682450559240778, -0.005619342815589473, -0.006074681372355669, 0.0004203152871128804, 0.012594244646230046, 0.01354584612898766, 0.01293121962386747, 7.95217237929658e-05, -0.011976086408673554
0.008526329109852796, -0.010383735422574189, 0.00043924038291020444, 0.009164406790872133, 0.00746068449838736, -0.0027389877082488025, -0.010030863517764976, 0.0037674338631454797, -0.009532062462429299, 0.005411739920000802, -0.0043927957716601, -0.014325794993247657, -0.0009226924110139675, 0.005987137214458116, 0.011569960507311928
0.012980281199015413, 0.004024251964174849, 0.008083005164181945, 0.0048317390291419, -0.006904845887620227, -0.009406935498824551, -0.007242680108553112, -0.01729734716391081, -0.012441962585683947, 2.5808136456244915e-05, 0.0012229289602411094, -0.0007644168113753849, 0.005174652514017035, 0.01012431016714162, 0.00759121092159803
0.008803481937811776, -0.008218996360075767, 0.005093052026595949, 0.011148000145042273, 0.00520468027950955, -0.008904562836135412, -0.014473915749586574, 0.0009407358126204306, -0.008141659765472603, 0.007188941041459693, -0.003584562976447673, -0.013169357355809055, -0.0010042076401715861, 0.005914010314574676, 0.01320436112608433
0.01448373393541615, 0.007546271761187242, 0.007871374881089698, 0.006294600313406087, -0.0036066054658689247, -0.011034629408030638, -0.010669923820829357, -0.02015178598325664, -0.016003054932561645, -0.007261960729225845, -0.0011838825447127018, 0.001344023301262691, 0.009313329651220585, 0.011633635982712921, 0.011424873058190323
0.01116773721984031, 0.0038844381642042006, -0.0015403320967530595, -0.006235271657581122, -0.006960067522303484, -0.005379121276696265, -0.0027216985567042246, -0.001236335379123775, 0.0028312346661371855, 0.001755789850096402, 0.0044603582531227695, -0.0025285273766593942, -0.005408021230605622, 0.0034604933342021636, 0.004449323608823552
0.025861764166740502, 0.011491298871780888, -0.0013953307431533951, -0.00685353765670688, -0.00893965018222662, -0.009597711252646579, -0.010164774178659255, -0.01539626116038654, -0.008799587547901172, -0.004342568955140231, -0.005486573816236675, 0.0052182745029202655, 0.007983603808302781, 0.010383858324850689, 0.010037195818462104
0.015911149226302664, 0.005329387638328771, -0.0008332919324837054, -0.009540571292009761, -0.0022174121068486733, 0.00041733544042910976, -0.004780540656243512, -0.012734995489012373, -0.007157167339279099, 0.0011188519308934863, -0.0013148011702745978, 0.0011255818556190678, 0.000816318891352725, 0.006313620425801153, 0.007546534577424498
-0.02239477286158373, -0.01712490856190198, 0.0020994000572614837, 0.010889145163947723, 0.011694380727036057, 0.0010014243342623015, 0.02093082345921702, 0.04419161968719132, 0.031943265773318685, -0.0151490550570267, -0.0428568077771993, -0.030270275811412572, -0.032300999779371786, -0.0006415791394613689, 0.037988339785722844
-0.015655485257037603, -0.009067781267539684, 0.005952214877914612, 0.006017599371499166, 0.01012222226588736, -0.0024547344039299915, 0.011873536472798174, 0.029139792250623707, 0.020806083918583195, -0.015454525741958854, -0.030660273598024486, -0.0243373512439713, -0.014657323828199823, -0.0012547511264735228, 0.029630777309828868
0.015056583090174254, 0.012784844278430466, 0.009126779910637045, -0.00012038165063732127, -0.0042104822779774325, -0.021392422863732642, -0.019375683812925867, -0.014767700012132193, -0.0020066153539670837, 0.0006287872426599247, 0.00646149953538084, -0.00206924750110285, -0.003964291833722894, 0.005009783428764906, 0.018838547820150892
0.021966980275146594, 0.014348605141997683, 0.0065198222166990534, -0.006074996887213487, -0.009470368386612948, -0.01851806587997004, -0.013238859109719147, -0.013694378928141068, -0.00765345441150491, -0.006758914397826828, 0.0010492679314177639, 0.004569395666823797, 0.005746233148625794, 0.007972884056311129, 0.013235849563967129
-0.05383493151237479, -0.01229660266374466, 0.014981268823706576, 0.018931483617218574, 0.01758007467301494, 0.014553424808367244, 0.015131517130546283, 0.010794105943567542, 0.00650987776002725, 0.004011145970329521, 0.00014818917891825967, -0.0037351119336714498, -0.007693364494038823, -0.010984806865144636, -0.01409627043672175
0.5067666677700229, -0.14006915361467173, -0.12914601049765878, -0.1114906927551728, -0.09655517550093305, -0.07803164167578946, -0.06167857861974239, -0.045558035818581706, -0.030928869364773067, -0.01189424156304489, 0.0050574591565923045, 0.02194073409185345, 0.04025315008327667, 0.0609728892040434, 0.07036149910457898
-0.03167227331140722, -0.00893278257444207, 0.018424957905596367, -2.279072539444923e-05, 0.005188176802989675, 0.02556670415236811, 0.003925159882374895, -0.015224473881020648, 0.024654387009539053, 0.031043374076546292, -0.006672284480028039, -0.013275201741376473, -0.046253010656782625, -0.012245292335592453, 0.02549534987662965
0.03404174033032383, 0.00979161204735067, -0.010396815242444193, -0.005191476206438957, 0.015385655017259466, 0.010156515615453325, -0.0217334784602056, -0.03681468087770552, -0.024863979637298503, -0.017698225261429817, -0.010325496475018533, 0.0026888008505113518, 0.008376757122061465, 0.018455176289334484, 0.028127894888246806
-0.005867616846264412, -0.012766668387206567, -0.020521142019370227, -0.027976385760384317, -0.011606993266616981, 0.011208573849736555, 0.0333670455525847, 0.045367063780414066, 0.030690924828227543, 0.027367053681262212, 5.9574460451469585e-05, -0.015097502275438915, -0.006929104910287003, -0.029274168957568555, -0.018020653729539465
0.2511978365506714, 0.15999862168834977, -0.07214551315224242, -0.15524320282469417, -0.11652349153247418, -0.09953654853489213, -0.06800820468279391, -0.061151001847016884, -0.034316645181565665, -0.008889047473663626, 0.010015908726372405, 0.028987565948443317, 0.03903004284368753, 0.05511478779035614, 0.07146889168146242
-0.00021573062403997716, -0.002738839696497212, 0.000972072450984397, -0.0006726409962054874, -0.0015323954529904878, -0.00043438916748640526, 0.0025145499930357466, 0.003708102918422893, 0.006005198118557173, -0.0005895086179001962, -0.004507901639963254, 0.00022591391794254262, -0.005035278359108704, 0.0018604389039066907, 0.0004404082513420919
0.003403970096111795, 0.0028794409259467377, 0.0015189233262843111, 0.0006694474274718682, -0.0013788241636598164, -0.002950863229030358, -0.0021876325577031225, -0.0024550405601480173, -0.0039432489639242545, -0.004071107987881323, 0.00018001222787982418, 0.0005105770149764959, 0.0019105956399696935, 0.0022951025666214106, 0.003618648237084749
-0.004542222470022724, -0.0037591368442817207, -0.0001925608285704586, -0.0016916961599797303, 0.001373502533514783, 0.0006644195714629537, 0.0037820787418348465, 0.006586006223047803, 0.0042993340392041, 0.0027564678860968906, -0.0015974797114561147, -0.0004846050627055499, 0.004886864063832276, -0.004202531475155623, -0.007878440506821491
0.0009770202436759404, 0.001101904574989207, -4.169031934033276e-05, 0.0033328743458760843, -0.002880279146446817, -0.005043609596206391, -0.0005770831611160216, 0.00039663721199958665, 0.00145665758075173, 0.0024239104975715617, -0.002842912304188784, 0.0002756874158208835, 0.0002906288677019058, 0.0009749370379012845, 0.0001553167510101349
-0.023282135945297332, -0.0099836794465319, 0.0028527570549556486, 0.008292358855759786, 0.011287814506992542, -7.419584019633524e-05, 0.013149006425765865, 0.02480339898159771, 0.01664353502541306, -0.004296041836077381, -0.014020730632396991, -0.01787573466045478, -0.008171071400478742, -0.01306625447939648, 0.013740973390345676
-0.0011225640940358157, 0.0008815353429771904, 0.0008662160035822195, 0.0069484315364706905, 0.001279228035815769, -0.00021096179515967114, -0.0030476232844614762, -0.00417541285108824, -0.0049726498326487035, -0.0023387883007176735, 0.0010888050170052327, -0.0010593807655192532, 0.0003402591058953106, -0.00018390453854940638, 0.005706810420434
0.0056506476059580285, 0.003376855230103159, 0.0029558464481725132, 0.0006272381574436584, -0.0013857723664690868, -0.0006126135103839011, -0.00196542274076545, -0.008929308958966178, -0.007960198189334428, -0.0011858646287218528, -0.0019160743365754188, -0.0024895174557466623, -0.0026615659332083017, 0.00636832217190252, 0.010127428506591336
-0.01987570923409837, 0.001585244640945302, 0.005094305437056719, -0.0015008215952250648, -0.003810802963674722, 0.018010092125128344, -0.0007362531384709154, 0.010646921170374468, 0.00731823838893554, -0.00039650674613437697, -0.011314892138694407, -0.0011994325623372578, 0.016402924182979853, -0.0054669800534896265, -0.014756327513295395
-0.0007046169005389385, 0.001208518183685745, -0.000482800805966327, 0.007412155999840315, -0.00018838520089040295, 0.002849237645415108, -0.0019721111498076467, -0.006240590676347964, -0.0069826713747857694, -0.0015641518987760082, 0.0004955672631806213, -0.0014862865147471896, 0.0018606591185986068, 0.0025875910229666583, 0.003207885288173504
-0.0032561259704830276, -0.002421063193604628, -0.0008329539676037272, 0.0029287134361648476, -0.000669116573969934, -0.0009099368210728133, 0.0028499527116990437, 0.007136518209328014, 0.0027864575248588504, 0.0003984984134606153, -0.0035819439835937297, -0.001430995412046315, -0.00048598804884007513, -0.0021539660607418436, -0.00035805026355525136
-0.0076418439060965656, 0.0015439729213238347, 0.0031678337041009304, 0.001738594469580574, 0.0018535886019070554, 0.0001912079665373663, 0.0002560257249634038, -0.0005506787369855582, 0.0013723559826757385, 0.0007645409150976156, -0.00025837703007106994, 0.00018891232616729137, 0.00036949075209647363, -0.0010036400991234873, -0.0019919835921735824
0.0011998297320339223, 0.0006716439170860009, 0.005734397251521279, 0.010810774557131643, 0.004411342251775108, -0.0016864010726948882, -0.004078531390752678, -0.005060052718088624, -0.008771811861542148, -0.0096695983611868, -0.015413609054616157, -0.011153873740218562, 0.004495799007478227, 0.012955855371199912, 0.015554236110873906
0.011134009973024193, 0.0030073060088106895, -0.00057847341535837, -0.0021813501783721047, -0.004553063271601857, -0.004979682023286504, -0.004206439858406713, -0.004083090796346586, -0.0030132394930789804, -0.0013241830032228925, 0.00011952841546076457, 0.0018159570193256578, 0.001826986478312041, 0.003666734874937481, 0.003348999269803248
-0.006102605190367828, -0.00527656282591988, 0.000293095602646014, 0.0017458318164639628, 0.0031978233364208823, 0.0034621765956190853, 0.0027976607980648195, 0.006697849986227023, 0.005077358857045201, 0.0009925357020408405, -0.0002659883081118995, -0.0028420014384501102, -0.014085484477669668, 0.0012405280270272518, 0.003067781518964515
-0.008163577489241562, -0.005569520642471909, 0.0003946948704993226, -0.0013295615418220297, 0.004193506624968422, 0.0024306836510032347, 0.0040235002556481166, 0.008857754438757515, 0.006431455015980676, 0.007206098311822498, -0.004759364346372725, -0.007696248703889498, 0.004544651262836172, -0.0030031311931449068, -0.00756094051457356
-0.009744744904196094, -0.003324861156835439, -0.010339909546343177, -0.015074018694721462, -0.0012635745319391578, 0.018583826310768464, 0.013704288781430736, 0.007525990455408617, 0.02326592015770531, 0.01702347498158789, -0.007177573993991047, -0.009145041443990256, -0.0007016476208979499, -0.014556371325611496, -0.008775757468375011
-0.005573665201814528, -0.003787312901461351, -0.004322302373432408, -0.006304308888442741, -0.00031623580087183564, 0.006343897379280856, 0.006474295866336323, 0.009772028004661714, 0.00824026195219631, 0.006545449116348422, 0.002060932708112428, -0.0006879242697693539, -0.0037151186228403877, -0.006568412642051623, -0.008161584326251673
-0.017600697021571722, -0.0038438632653508753, 0.0025873211301960996, 0.008890932599465828, 0.00592283211667757, 0.002720524292040051, 0.004996141571760333, 0.0049684298349648316, 0.002041809201343601, -0.00021988908952889517, -0.00048034603554954897, 0.0001385157686056896, 0.0016484617874073806, -0.0038718091177357312, -0.007898363772724704
-0.0062211986545099955, 0.0026211643760462667, 0.0013523696321026874, -0.0009321864320543164, 0.0066940569729525955, 0.0015272934369490797, -0.002725939750605842, -0.007777841760527246, -0.002321392223141216, 0.002853587591953931, 0.003832127535551067, 0.007297532310242126, 0.003881275036829588, -0.002709782659137495, -0.007371065412651064
0.006077559944497002, 0.005441854238968558, 0.005853486296433259, 0.0005475268691507306, -0.0013389020350756636, -0.004137401204265826, -0.007694801973662522, -0.008868305414310907, -0.00804621974836181, -0.0073710273993916695, -0.00614733195210135, 0.006722032330920585, 0.013211631217972657, 0.00530003329804757, 0.0004498655311794984
0.014202711212972712, 0.005116853622267577, -0.0025361403631255887, -0.005138147493724608, -0.008144941433692678, -0.005974539568244784, -0.002917031916832252, -0.0003823313998196501, -0.0014484757191647916, -0.002252101632725183, -0.002020436632654162, 0.001173545900470412, 0.0015452220973538686, 0.0042511254150191715, 0.004524687911899979
0.010225736099862989, 0.0063724988720635645, 0.0056532286269799885, -0.0019975327885128056, -0.0016591100902825814, -0.011644529516900655, -0.009930231156560243, -0.017206227094895506, -0.0039001567079527096, 0.002668414773303645, 0.006796838361899672, 0.007763229489188155, 0.004742380092541089, -0.0004943038323909094, 0.0026097648716565105
-0.0028945847905472812, -0.00360744405673555, -0.0013651399603743538, -0.0009778382864596424, 0.0021995207099155716, 0.005692228429495506, 0.0038202531033903657, -0.0018707953110616553, 0.0029165070531687216, 0.006881265573431081, 0.001958377926419375, -0.0028805720955889886, -0.012128220333767339, -0.002973585071078814, 0.005230027109792885
-0.019117549244660054, -0.001487643120733711, 0.011186822374153086, 0.00880030738227736, 0.020666552715585637, 0.019344486335798966, 0.0007873770394231055, -0.014281206047668629, -0.019041609719307025, -0.016610323342043997, -0.0026587585376881455, 0.0022290723269693586, -0.018579605490208893, 0.007251625316464446, 0.02151045201163857
-0.009761242286558829, 0.0003684042366231758, 0.0038241042980205614, -0.0010588032499265335, 0.0013439654968983045, -0.0029082770345886973, 0.0014201590689727555, 0.0009962812126983465, 0.008029772347952673, 0.006968569886375894, 0.003522958481904509, 0.005115302227749883, -0.007007825349174835, -0.0064182550218026095, -0.004435114315144769
-0.0341027965645202, -0.010663817778128151, -0.01850206189311384, -0.013080164810258438, 0.015312872587527398, 0.034091221428967325, 0.018733083695552655, 0.0075995063463356926, 0.03741991313639775, 0.03682719175871369, -0.0029025497389940065, -0.008931932098353008, -0.007999023388913194, -0.035286989658686645, -0.018514453022526987
-0.03614686155772513, -0.007251945214429475, -0.010444616037669349, 0.021348020260872583, 0.00851974008952708, 0.015640047776592975, 0.024590885461064478, 0.03059458859688098, 0.029675394636617815, -0.003938804211532533, -0.0427604072651213, -0.018726986390800643, -0.04162581064602279, 0.006107347189765728, 0.02441940731197938
0.030333927882759744, 0.017130819667545448, 0.0022737736631598775, -0.0027681310331835393, -0.0156319577979888, -0.018694402117053106, -0.012894012854064874, -0.012263329610972658, -0.012479557146502413, -0.014962986253798483, -0.010749320644304203, 0.0071975050438585, 0.013161792805908536, 0.01412657449490293, 0.016219303899733768
0.017176035489664277, 0.010102880314455324, 0.007728126268823852, 0.0013466161629950746, -0.0013877908345646844, -0.00529065579361775, -0.017405716884100517, -0.02304156109642203, -0.01450513142147085, -0.011092668514584896, -0.006498030127277694, 0.0016692247890917047, 0.015703522698443707, 0.014749771120611745, 0.010745377827952735
-0.04803969877921077, -0.03567421659526265, -0.003621108039162513, 0.02437890468427543, 0.0258172098742135, 0.029970615987610583, 0.02721051751244582, 0.020927248220615164, 0.011551083630355728, 0.004270941586154747, -0.0066861780433519515, -0.0038222268825391092, -0.006705572450917098, -0.01951524867426639, -0.02006227203096058
0.041302230291206624, 0.012333464961526392, 0.007117986914693713, 0.006477222664892059, -0.012421930479027277, -0.020765102734958636, -0.024149551035996388, -0.03008648701941141, -0.020930511698284866, -0.013271121863644104, -0.0028685528776226724, 0.00048045693154271166, -0.0015016383248179482, 0.024650282835302413, 0.033633251434598804
0.031796345159296954, 0.024188183851475573, 0.019460040241283325, 0.007717295524123743, -0.013717119611745134, -0.02891671733955488, -0.02326881852070258, -0.024485891258003836, -0.024090184985270602, -0.035388398305395835, -0.01795596372309945, -0.0012503238324525871, 0.0255198797231005, 0.022985651567148054, 0.03740602150979661
0.035989261689540045, 0.010408845273456934, -0.0016007874496065354, -0.003605262211315626, -0.004496669043143612, 0.002258509328720456, -0.011714807203996851, -0.02780766636048114, -0.025290775126170235, -0.020661971020369607, -0.010785578963989012, -0.0012037446742555712, 0.006768403743090812, 0.02098615839095343, 0.030756083627566322
0.03877289159275982, -0.005394370474335497, -0.009176653947508738, -0.003566973715915949, -0.025159519441533898, -0.012342560025676744, 0.008970352387268444, 0.013805883884072827, 0.017311629950159356, 0.001376114690947703, -0.034805669259640556, -0.026167598927619, -0.023111786165080597, 0.024135813468560526, 0.03535244598354206
-0.030525083682158297, -0.022919551761575875, -0.016764535265521328, 0.02646091543646796, 0.00993229739899703, 0.0189183342044198, 0.045747401915087776, 0.054228407556155545, 0.03469863942277143, -0.021841689772038625, -0.06760214533311168, -0.03483634179774045, -0.05879595219828289, 0.01376977123806992, 0.049529532638459675
-0.02971146554782441, -0.032623356195675066, -0.0362004830862073, -0.04002394074353373, 0.03630384256396217, 0.05593264574039552, 0.05185656897076074, 0.04086994541391986, 0.02740334055979911, 0.02083099221815965, 0.0030277163712908364, -0.019004105684375966, -0.024391536276818334, -0.027531593868021745, -0.026738570435831333
0.33753412984901804, 0.16995522963227994, -0.09628066512775474, -0.18340670585618118, -0.11681017632065789, -0.12430718643078731, -0.10159458489398245, -0.07488602064430999, -0.05279158129977991, -0.02428596677662878, 0.006158984296217526, 0.03106756190480912, 0.05248599012514934, 0.07713992612307752, 0.10002106541953053
-0.00039996917785707094, -0.00017136823605502766, -7.945577085904931e-05, 0.0002044529593296142, 0.00019001332304074528, 0.00018590486764290335, 1.3052109057219548e-05, 0.00023309121696339486, 0.0003297497781675172, 0.0001411211282089114, -8.946903406244936e-05, -5.2466374864341475e-05, -0.0004121564407354072, -0.00012200634173387641, 2.950599375692488e-05
-0.0006530635531205758, -0.0003963960280816655, -5.2248640703660765e-05, 0.00023083544887869448, 0.0003999151793276277, 0.000447568698257271, 0.00026903808424934506, 0.0002970878499079978, 0.00019185826743137627, 5.479266998297356e-05, -3.419353397639183e-05, -0.00017274635500912557, -0.0002101762218298842, -0.00022510515132407832, -0.00014716671398979094
0.0003240467503976702, -0.000224229996473277, -0.002904296484894692, 0.003124264307946982, -0.0039973037576132, -0.0051359132410125075, 0.0021088049719169863, 0.004587748719743697, 0.005490338823856427, 0.005358394394302769, -0.005455229039411191, -0.00032997635924338027, -0.00030809704955419133, -0.00023240376856145385, -0.0024061482714006223
0.0008329031736594836, 0.0009282160266624958, 0.0002295542518042794, 0.001332165884572319, -0.0015180521010004647, -0.0012748029201489232, -9.118012302648118e-05, 0.0011691159678876458, -0.0015517771302564001, -0.001030043961506268, -0.0012687292691822797, -0.0011797183048445968, -0.0005135890732967032, 0.002165580697477766, 0.0017703568811981924
-0.013754490775166082, -0.005257535017322825, -0.006417148796530491, -0.0034721913008048753, 0.005209823345761293, 0.011851323914873032, 0.007488383368268199, 0.0050864707176940215, 0.016086240792977418, 0.014415566134705925, -0.0020150162913439348, -0.006172593975247289, -0.0041842940582673994, -0.011810634940470903, -0.007053903119125608
0.0008415471017233584, 0.0003854277186961292, -4.806142168775349e-05, -0.0003130138996112689, -0.00036168160989874786, -0.0004210333324237579, -0.00035220407353143447, -0.00028129613938895995, -0.0002188335543864335, -5.656786842651817e-05, 1.2065825489246887e-06, 0.00012804633051913722, 0.0001931270629641413, 0.0002411130643462123, 0.0002622240385570599
0.0003640469984512847, 0.0001543168369152809, -0.0003856605318397598, -0.00029518512439786435, 0.00028392182763286943, 0.0005621093925698101, 0.00031998898193530417, -0.00025125483178359503, -0.0005417751599184862, -0.00035705041868009963, -0.0005307552942233177, -0.0002517302721619662, -0.00023479301474456184, 0.0004565561255620171, 0.0007072644846830179
0.00442669287691333, 0.004654533652093247, 0.0010356472932679494, 0.008070885781450604, -0.007159065739514492, 0.00208043727373903, -0.006765847972959437, -0.011760445549023063, -0.010049596932030965, 0.0007429053207045575, 0.00401043137468814, -0.0010927121318479115, 0.002355348003209994, 0.004735245568193586, 0.004715541181115371
0.004499511745662734, 0.0033101656051227556, 0.0008462005010399528, -0.0006486073626389773, -0.0026508697939885435, -0.006022405685118356, -0.00767823899450284, 0.0008571348690097365, 0.0037437279361756262, 0.0017373647854274218, -0.0004972954559072577, -0.001257767875051391, 0.0011576662435969535, -0.0006107639330218794, 0.0032141774141939564
0.002463032845515221, 0.002858158095337519, 0.0030604331156906897, 0.0014544393985490734, -9.877210844840649e-05, 0.00045469814117827433, -0.0012989487402939944, -0.007670842635193417, -0.008166141647733728, -0.0010257500137424733, -0.002738993029488814, 4.180529457157855e-05, -0.0013932279510239342, 0.004362992425061289, 0.007697116810021367