
0.003908454999937577, 0.00012632265475397803, -0.0009296893948153842, -0.0012403735738286167, -0.0007828059054063211, -0.0009503085023942508, -0.0008469456380113434, -0.0004713433510153228, 5.9505970410931536e-05, -5.0202273893779406e-05, -0.0009331057278163623, -0.0007339266306638838, 0.00010029345800087239, 0.0005232131100397255, 0.002220910804702179
0.003768516974791413, -0.006763073654153617, -0.013143155610155858, -0.0016378654476528704, -0.00026334472193047156, 0.0008389607354958384, 0.0059785159085517054, 0.009542411890508659, 0.005657859386948154, 0.006204201124327082, 0.007659413789251757, 0.0021388568551264455, -0.0016829116301784006, -0.007303667204517505, -0.010994718396412428
0.012039508339149938, 0.019427147642474718, 0.01935738592739458, 0.017231868504026904, 0.008078615278601316, -0.008084886189078763, -0.008851583206402393, -0.010663804651899495, -0.0230937267947853, -0.04973670369633498, -0.07134045258127054, -0.035174339182428314, 0.01371311316793369, 0.04519638114379619, 0.0719014762988224
0.0037608241053079753, 0.003681443748653661, 0.0034891718784671954, 0.0015029430511380776, -0.00090566054184797, 0.0013756194924720066, -0.0011189615609011256, -0.00930276194162641, -0.011352175183679963, -0.001918769234163959, -0.0026693661081238257, -0.0008895316141586375, -0.00146116846941498, 0.005809607240591763, 0.00999878513728619
-0.05205702600353034, -0.02126882778936769, 0.002495214909721282, 0.013902338153881661, 0.02538596534722551, 0.005638167183734568, 0.030703239230059708, 0.05075315651288694, 0.03443410166371788, -0.0018505551668378372, -0.0228642106446834, -0.043386798366596, -0.014730978864129208, -0.02934897959603738, 0.022195193429954543
-0.0006873463092070558, -0.0006811986647169298, -0.006860280777948229, 0.0008932419666056769, 0.004538387611158819, 0.004710948960621838, 0.008009976510811473, 0.005049419423390906, -0.002482094606326245, -0.009689711828854235, -0.00786991683058836, -0.0009382569109674824, -0.0007983103627656546, 0.003000159428535017, 0.0038049823902500217
-0.013622739695327827, -0.006653110918417744, 0.001219820544882839, 0.005073053828362979, 0.007809665373311629, 0.0012231521474322337, 0.008131862760694455, 0.014643322525124408, 0.009682342478056499, -0.0034156757877136976, -0.008943229581823864, -0.012582242942756302, -0.00508857679576515, -0.007214698980674871, 0.009737055044614454
-0.01563818777243701, -0.0036024995078412325, -0.010885503983114053, -0.012864716216199388, 0.004135480779300429, 0.02088203629139114, 0.012915260070733875, 0.005664719044520909, 0.024996402333025924, 0.02169071223182482, -0.009246282417795917, -0.010285608037153523, -0.0018693102247658983, -0.02121460062653015, -0.004677901964960037
-0.022966527049524163, -0.012664510452144616, 0.003361448891705997, 0.008283601611223292, 0.006442629128118076, 0.019897571190516706, 0.009018373243102958, 0.0006182051568875132, -0.0018736151824385219, 0.004757793646078333, 0.008212679586539052, 0.003217143970966742, -0.006847134036392215, -0.006621003213609426, -0.012836656491029665
-0.029286264409747305, -0.02495257886213582, 0.0269271932588392, 0.004523788286438321, -0.0009451680742744154, 0.010761968453439939, 0.015551344801536374, 0.013381197725736378, 0.020489927919067907, 0.008719102341480663, -0.02719935842404015, -0.0009638127346158355, 0.006433564706851161, -0.011695277878828333, -0.01174562710974788
-0.00041142207850220473, 0.0002180689277476184, -0.0029015808010376663, 0.004879974397338746, -0.005641850628129212, -0.006958228954947565, 0.003695352599310189, 0.005329724247327827, 0.005578538652417969, 0.006616036718283643, -0.007066089848449544, -0.00034175952183436914, -0.0002856846279672307, -0.00045446766060866, -0.0022566114209495334
0.0021596621590894995, 0.0014109617758521987, -0.00011654427741494907, 1.0661657187226391e-05, -0.0013848971085752453, -0.0020832788159593652, -0.0012837863196019234, -0.000517076989938913, -0.000738186283282309, -0.0003671922962752427, 0.0005299897576526211, 0.0006433283276821862, 0.0002482274525681364, 0.0009104699646397246, 0.0005776609963763738
-2.828775828043561e-05, -9.335834302215248e-06, -3.098755336905704e-06, -2.1667993414516065e-05, -7.570167779590716e-07, 2.0527553401436405e-06, 1.877577665562584e-05, 1.3542908550898754e-05, 2.2425418088026777e-05, 5.518771974941662e-05, 4.3691847355910176e-05, 7.71501538116117e-06, -1.545749319381875e-05, -4.04723063803131e-05, -4.4314283435019144e-05
0.0018719372698802537, 0.004015976032756362, 0.0029860805890102367, 0.0010063846272786513, 0.00011539508659920345, 0.0012556827947990087, -0.000406507827999163, -0.00788453247004841, -0.009646393817702057, -0.001695777592487429, -0.0021474545077994774, -0.0013816290864008787, -0.002629852132255807, 0.0050223461463656605, 0.00951834488800373
-0.008663255278851227, -0.003815456088475468, -0.0073267569548545845, -0.006565987608404724, 0.0012728885877780866, 0.011161956147214507, 0.008624790972759491, 0.006251550741768051, 0.013809486313304309, 0.01269766400787555, -0.001751509935300861, -0.005991156055320672, -0.002568619695248517, -0.011140714593899507, -0.005994880560344415
0.022013948746844387, 0.00358018768257636, -0.008518395527907856, 0.0006090508437050053, -0.010842914640240538, -0.005721805367181999, -0.00525345990111399, 0.0071077632342283, -0.0071791401516585265, -0.013609865235725351, -0.008020168177905816, 0.0066743631043125985, -0.0002734773766400189, 0.016710901241725817, 0.002723011524981635
-0.03551214340231298, -0.020084330217051326, 0.002568066953903043, 0.012841834621077417, 0.017089615120689166, 0.010275802533627745, 0.024954722750732378, 0.028062413947456462, 0.018108697793658896, -0.004089771881734665, -0.016331841499214135, -0.01913871346956272, -0.010194546801175874, -0.018334464817617538, 0.009784658367524223
0.0043764417176437595, -8.499332071644478e-05, -0.003812262284008764, -0.004977580266187526, -0.004107680594970923, -0.009599738806004676, 0.0016429373684264214, 0.0020035589708564676, 0.006107265559503585, 0.012611121234319702, 0.011314225084350335, 0.0026191696766639074, -0.0024412074787753374, -0.007289891019648165, -0.008361365841452282
-0.047140336023399246, -0.01483654584107277, 0.059533200243241886, 0.02806928169560671, 0.023909678456290894, 0.013257493289165548, -0.011394410481296606, -0.017035256670321547, -0.020466388550407114, -0.027528049053641885, -0.0209938012593252, -0.006979908887115179, 0.01402319950111946, 0.018974264335243494, 0.00860757924591157
-0.1509070711732375, 0.04556640051651685, 0.041749921982219815, 0.027530563542947868, 0.030991411897305265, 0.026064025169216624, 0.01981200582932473, 0.006823726512786026, 0.0015198354947070845, 0.004434373817302904, -0.0014775418010083338, -0.007637755010573897, -0.01233010821179149, -0.01205918416398077, -0.020080604401735317
-0.0027214525460820434, -0.0031929880998574156, -0.014428108149307157, 0.008823939115507532, 0.015899736037094346, 0.025500194423860482, 0.01010987041545029, 0.003153355433986148, -0.006233161356780504, -0.029270886824420198, -0.02826371850271144, -0.015720710392535538, -0.0022173323507372637, 0.012636659069916229, 0.025924603726616566
0.0008099798156546018, 0.00045440190670419935, -0.0026506322236705985, -0.0005138269036026585, 0.0009406511495676547, -4.078212893072961e-05, 0.0011368497271149378, 0.0009077685512757477, -0.00030242369470450325, 0.00037591150354580535, -0.0004937299667824684, 0.0009150800197084266, -0.002115251445017026, -0.000880742245256138, 0.0014567459343926836
-0.0018511236521773055, -0.0040135809661272105, 0.0010594368406149455, 0.0020156169858971695, -0.0007582825258490849, 0.003868544399682085, -0.002341199874812102, -0.0006660137670053169, 0.0032244063169658554, 0.005880526825257642, -0.0012952922441559656, 0.0003761975785551923, -0.0011649376775645461, -0.0030017446452234356, -0.0013325535940581106
-0.003523813018486048, -0.0054301247784192125, -0.0002167961912726838, -0.00040398131646320436, 0.002724685600620749, 0.0038621107893593285, 0.0016688119132793565, 0.007585949489883945, 0.0070391825779160715, -0.002025510182556795, -0.002402943998903901, -0.0034608021007235673, -0.00959292327299344, 0.005584842597820587, -0.0014086881090608996
0.0011081752340597662, -0.000884559981390845, 0.0012207540099356206, 0.004011339659014496, 0.003879258720103826, 0.003530193513587443, -0.005965776133862941, -0.005796552852502024, -0.0011865665310493185, 0.005935427188143541, -0.009127955709452702, -0.010148382351373785, -0.005315332646788282, 0.009978690759036601, 0.008761287122538621
-0.0020932528311652524, -0.002352947840867157, -0.0012387486533942107, -0.00013222907454181324, 0.0005674841982177798, 0.00043512533107397294, 0.0011885075815675013, 0.002303315726399204, 0.0033541078546899814, 0.0039416345038048774, 0.0015792815438472954, 0.00027609418111438396, -0.0015786730814844694, -0.0028297576738284614, -0.0034199417654336116
-0.0032225756152761617, -0.003408254363699828, -0.0031897910128430964, -0.0015668361080801354, 0.0013307914362007535, 0.003309381565158008, 0.004539191449022922, 0.004682970780996048, 0.003970145848254769, 0.002972430690071539, 0.0011055616420371892, -0.0013225571525080446, -0.0017725531715882888, -0.0028431181299574163, -0.0045847878577883125
-0.012443743307103553, 0.0020480917072889923, 0.005273588473353148, 0.0007480029487236184, 0.0034402413282059617, 0.0041679518613889285, -0.003742431609143252, -0.005778012738500494, -0.002372321015039901, 0.009497228844238976, 0.007807631467571989, 0.002672495822465014, 0.002886235652461682, -0.0037250207769742084, -0.010479938658936493
-0.031243456861403885, -0.010586814406346604, 0.005952663055941095, -0.025310455748104498, 0.016720486208175664, 0.03715634387391408, 0.011107527852897692, -0.0054574890004941414, 0.029284369573331498, 0.03489009639937633, -0.003702730267969822, 0.0033320378797531266, -0.04448801152717087, -0.026615585816597665, 0.00896101878469808
0.003819553486040998, 0.007135541653838259, 0.005115296307354788, 0.00048128868749320805, -0.0018225094874682814, -0.0004788487618791799, -0.003952178429802871, -0.008454004748126997, -0.008179131409299314, -0.009601415733723983, -0.004270102836477727, -0.000642509662110706, 0.004305163470511483, 0.007896153367388786, 0.008647704096261482
0.07824650206187052, 0.0710881988081781, 0.08585030876585345, 0.05789931244634492, -0.11576703153997492, -0.10682729814891853, -0.09048411417050739, -0.07546739079078786, -0.050092084760719933, -0.032633320069716955, -0.008487789460302653, 0.017996523381633347, 0.03768252016259907, 0.052882548451066845, 0.07811311486338175
0.00043430221438096336, -0.00015494152692260266, -0.00015782676576865467, -3.790681636558072e-05, -5.9525497028602815e-05, -0.00014686729548961573, -3.163670911357163e-05, -3.662546363813509e-06, 7.076981284838166e-05, 1.584939003985294e-05, -3.115843402946678e-05, -2.6815322707105965e-05, 5.072425115244214e-05, 4.046251969818945e-05, 3.8232725669186236e-05
-0.0008972063039602214, -0.00016938598563025152, -0.0004929400571697886, 0.0002085947652207969, 0.0008450198602207421, 0.0008948557196591725, 0.0008730447210652454, 0.0005548820541178458, 0.0004134454491411347, -0.00047274745842790754, -0.0014699217536488585, -0.0009582191917365155, -0.0003193361973353235, 0.00028729369252658896, 0.0007026206859573427
0.0023028632236002, 0.0021005334890965587, 0.0021352052578205985, 0.00021957798474133065, -0.001764998940495761, -0.002840811249490105, -0.002714783263349018, -0.0020117256965818497, -0.001236341666833831, -0.0004710568238601473, -0.0005584844394866082, -0.0001188924569531809, 0.0007803360592882558, 0.0022360723491073034, 0.001942506173396309
0.09357226853948653, -0.026726635590702652, -0.023379656258405702, -0.020469491223933652, -0.017307634078075517, -0.014423328750515663, -0.011989531514991656, -0.008654404979160354, -0.005483395202597014, -0.001716803310396733, 0.0013479331805277515, 0.004977185033570337, 0.006975562665636101, 0.009748142813383398, 0.01352978867617458
-0.023837676058358306, -0.012508617217491446, 0.0066093491008732816, 0.007418892385979278, 0.006900100142678511, 0.01706365562457865, 0.012959000217745379, 0.0009551010473669607, -0.003782134039220309, 0.005434374128126619, 0.00035520514916524655, 0.005723430082003217, -0.005920477411860665, -0.00874135035763128, -0.008628852793955094
0.0002011371188205313, 0.0011699654084004584, 0.0012818546608863147, 0.0015811617904953718, 0.0001797892041344787, 0.0009793746088832696, -0.0006408836507045757, -0.0007562996260155798, -0.003772959213914195, -0.004963840792052201, -0.0021175112061586243, -0.0007087839893266959, 0.002350335411081899, 0.002361082681868699, 0.002855577593600646
-0.005585844128090597, -0.006132202928808845, 0.0013846886795325312, 0.0034514100161430823, 0.0020558532618625055, 0.001786143056280211, 0.002033819188884303, 0.004314423666541682, 0.0042982877800397026, -0.0014769122136809312, 0.001795384468716716, 0.00039580597497709027, -0.003403781196582574, 0.0002667832153391885, -0.005183858841154072
-0.007740184372566534, -0.006749939437004005, 0.000999653812132355, 0.0029949669441008352, 0.004952470077415605, 0.006164322752210421, 0.004792398220992685, 0.004291755728680056, 0.0021115927760979925, -0.00041528208369466605, -0.00417693262407475, -0.002492224030888831, -0.003673286701032766, -0.0012759398935483638, 0.00021662883118008907
-0.021313715361370063, -0.016345232539729793, -0.0037894537497043758, 0.010138488639995119, 0.01499058182929631, 0.0057650598172874065, 0.018389733592337865, 0.02643792309575903, 0.018897819421980964, -0.005969178720108647, -0.018938702169896026, -0.021671894446344712, -0.010746850110133795, -0.010421409717847118, 0.014576830418478001
-0.017453489970979865, -0.01199491607131515, 0.0035809964318749875, 0.002727218906479588, 0.005676110618308516, 0.01207525633646917, 0.008704435835778464, 0.005577400596632518, 0.0025986984266832677, 0.0067698181444412284, 0.007664208285567882, -0.0012286595438044039, -0.005845068130918325, -0.011526300238249004, -0.007325709626968615
-0.016539724433044477, -0.016043948360439913, 0.0006181869260372291, 0.01243173406926027, 0.014172385116706253, 0.014420130049508963, 0.010588836901150055, 0.0023740788691942144, -6.385297729430016e-05, -0.006684794658360435, -0.006465440260519088, -0.0030290236912479916, -0.003948289508201058, -0.0002216137443826802, -0.0016086642983672871
-0.013318800708877412, -0.012905960156222453, -0.024489015997060725, -0.0024445010798937305, 0.020823179103806853, 0.03825573918792501, 0.023150005600913307, 0.014999090797083314, -0.0013096058354427722, -0.011159839559572423, -0.015560274492032053, -0.012027851084620178, -0.002956069245801353, 0.00016489420656143997, -0.0012209907367669668
-0.0003126921768709808, -0.00015279362118077145, -0.00024148978142301856, -0.00037158686766215656, -6.872428283378839e-05, -0.0001528081857730077, -0.00011974576952836589, 0.00048290088705997086, 0.0007889199159786421, 0.0010068220494545083, 0.0010414048076258066, 0.0003213964955632416, -0.000497294490199517, -0.000913332559932521, -0.0008109764202780412
0.0025996554550212305, -0.0019300824040262466, 0.0011120727106835335, 0.0028640644368620343, 0.0012284817709381287, -0.0023753814506092177, -0.0040416742439933935, 0.0002228771539496788, -0.002437229445461255, 0.0027440541256561644, -0.0008424450519808862, -0.004243049093560024, -0.00045934747855021023, 0.0016339112589518414, 0.003924092256118738
-0.010917236801100825, -0.004955563914549948, 0.00039449987415811734, 0.0008988055059640683, 0.00583283064495925, 0.002477743068988624, 0.005200500353605714, 0.00825564066204333, 0.0069966502523929625, 0.008193068617077911, -0.005069652754768119, -0.010845307267684524, -0.0016944114556854868, -0.004120583350831707, -0.0006469834345695138
0.011879765821006742, 0.003506848440647661, 0.007926972827197861, 0.0032395297897146458, -0.006499628612964141, -0.008984564887820469, -0.005547690696160645, -0.014294925558946245, -0.013495288446309138, 0.0020041712900283246, 0.0013948524516132395, -0.0014467218124025922, 0.003995629203599329, 0.009359493217454946, 0.006961556973340545
-0.0014653328872631579, 0.0019173884860486394, 0.0009350678051888969, -0.0006322049258475707, -0.0012476598932073667, -0.00020320209676000247, -0.0007019117953810648, -0.0013196870248434005, -0.00028367588985860086, 0.002559319047363573, 0.0014865673512694068, 0.0011652854412235536, 0.0006510849288521286, -0.0013582635191439253, -0.001502775027641048
-0.00018257319097545952, -0.0005636066407156087, -0.004979695312186952, 0.005381272295583996, -0.006525564393490658, -0.007942239182391267, 0.004234991446336325, 0.008048059376193335, 0.009216079699192475, 0.008692490892488313, -0.00912952846025802, -0.0009424565085119552, -0.0007409907259272724, -0.0009667589690110139, -0.003599480326326241
0.005845362116452029, 0.002764542365761077, -0.00715813764739317, -0.006583992789280901, 0.0008946264958521084, 0.002600598369077344, 0.0023721602067803198, 0.0025760400986992982, 0.0008304205439644652, -0.003707446838545062, -0.0022075666869961997, -0.0012075597239830345, -0.0018804245180710202, 0.0009547453252454435, 0.0039066326824373455
0.08732379338531127, -0.04372206561608222, -0.0448649510971224, -0.029128373877044176, 0.007469505515916843, 0.00038781600508349295, 0.06250729058567944, 0.028830181979082017, -0.014074153291075623, -0.04335963792965494, -0.05914850489661121, -0.02512759144052862, 0.005780603755793582, 0.026248969474909865, 0.04087711744634299
0.39119813830274075, 0.35274262472886875, -0.24444872447136864, -0.21314664681539847, -0.17848125423241942, -0.15118071775305023, -0.1161407047543346, -0.08520793652315087, -0.0566777531903035, -0.025304186465715944, 0.0034293981076591977, 0.03422051866326989, 0.06852520316414625, 0.09974784343218185, 0.12072419780687477
-0.00033446587397541145, -0.00026532839479798565, -0.00019137082173307525, 0.0001985974407204493, 0.00029306255330344903, 0.0003240256902401034, 0.00023647558770354432, 0.00018618283006096014, 2.429050272322667e-05, -6.821791569996945e-05, -4.751798525399634e-05, -2.300846258240486e-05, -0.00011052928776231278, -0.00012276940990254144, -9.942645304430455e-05
-0.00011962360311514965, -0.0017392064327511883, 0.001239794202947581, 0.001228908079404736, -0.0004482334779975804, 0.0004696513743699176, -0.001701255561145133, -0.0009195514156306752, 0.001451531438929325, 0.0023883717092737576, -0.0007048271414157326, 0.0001783329966259007, -0.0007596284666850921, -0.000656209101011521, 9.19453982009905e-05
0.004669839175757132, 0.004465800017091574, 0.004359558967589089, 0.0021570640328420275, -0.0021884264374983607, 0.00047807439715303256, -0.0020936240393570837, -0.011253294832969368, -0.010977170227169042, 0.00029926648674244845, -0.003272134969047594, -0.0033458766442255004, -0.002630638359562227, 0.006382225748418417, 0.012949336684235202
-0.01770770750394175, -0.007027124516953472, 0.0006398807949350047, 0.0047325930680736815, 0.008994308595228324, 0.0019550048077062077, 0.010737044787120472, 0.01931437495327236, 0.013199713611112489, -0.0024452879310723876, -0.010349708591660466, -0.01725122791523231, -0.0068645949194640265, -0.009201815764005146, 0.011274546524881206
0.004728313989350669, -0.0014016041039601164, -0.0012690037430050924, -0.0013207519274068648, -0.0008602947312610964, -0.0008294515681599946, -0.00038375590622561647, 7.417771605562187e-05, -9.069991414651125e-05, -0.0001437596291786355, 0.000169044062683734, 0.0002503664725199232, -7.053185309717228e-05, 0.00037637395024518137, 0.0007715771855856822
-0.006012473275520716, -0.0036996766636716825, 0.0006988318183551401, 0.0031559074875696018, 0.003375544747330076, -0.0002585348492746154, 0.003770005391490826, 0.006578922402156853, 0.0038964098104600367, 0.0009555250656927511, -0.004611902080835179, -0.007448466773164467, -0.0018257226938954527, -0.002183305635957759, 0.003608935249264672
0.0004357292107313889, -0.0006626972290003445, 0.0008440393788743198, 0.0029751880114723276, 0.002792425052271031, 0.0028566161219406973, -0.0038313838172462497, -0.00435277116755368, -0.0009578498180088641, 0.0036781574702804474, -0.006536565990616302, -0.0063854990823480045, -0.003468402376688923, 0.006741864964287962, 0.005871149271604644
0.0017223692314499758, 0.004963266198983307, 0.0017883229579066223, 0.0015646365569362871, -0.0031929588085117477, 0.0023423736716274234, 0.0026091669598474715, -0.007298743299710968, -0.011708713947895981, -0.005867915635305783, 0.0005099773239051908, 0.0037277582269195217, 0.00011529038609809337, -0.0001023178732645657, 0.008827488051015119
-0.0011578349910132289, 0.003222266650516886, -0.0006628811949590814, 0.00397724976153289, -0.0019678494656772314, 0.002616545212504202, -0.0028812922350479634, -0.004735973603656675, -0.0061053223382108186, 0.001747831465109601, 0.0036090691608979806, -8.756859672292575e-05, 0.0011912579558266106, 0.0021934811689689505, -0.0009589789500691137
0.0006170871263562882, 0.004031134005624581, 0.003948239628784017, -0.0018269983254012494, -0.0026952611209502464, -0.0012591892037027168, -0.005256437603591167, -0.0038052395474811773, -0.004380978089267554, 0.004310994986232846, 0.002458107653313015, 0.0034236517682106494, 0.0019611178556000804, -0.0006470921288211628, -0.0008791370049062821
-0.0015846965770157423, -0.0021348968039707123, -0.0023920712314680985, 0.00044502764596755713, 0.0011305556433537387, 0.0019571010035864984, 0.002153127220239302, 0.0015475836327792987, 0.0012953084101652173, 0.001810845760887037, 0.0005588861378248333, 0.0003552080874021312, -0.0006185351532323899, -0.002118785227839203, -0.002404658548679483
-0.008577448317585923, -0.005400858223480944, -0.005561180289503673, -0.00025356399255020354, 9.858668010449791e-05, 0.004235333201633369, 0.004441748267198757, 0.009650130312916219, 0.011062347645605944, 0.012546080693716613, 0.004483567522860031, -0.0027394971505742753, -0.005675124661760905, -0.009839981858610333, -0.00847013982996901
0.0029874418764005324, 0.003619079666410069, 0.0031479559721815237, -0.002149954466916527, -0.0011285802565388688, -0.0008169756979270205, 0.0017824064863863, -0.0008082272178500565, -0.0018615804864539098, -0.007403999441961251, -0.01001482580641975, -0.005524260180691484, 0.002665029488642518, 0.006530232936553552, 0.008976257128184123
0.005768451225856349, -0.0009585547360641408, -0.0050126607403516545, -0.004768433327404159, -0.00016084750522848702, -0.0008580077592409011, -0.001981684668303412, -0.0003242625370214406, 0.002433608472424953, 0.0042695251476295, 0.007685877136996192, 0.0034563515392308547, -0.0007864702115515719, -0.003727449431730449, -0.005035442605241604
0.0030631923490424384, -0.001787641745024848, -0.0016178673695655098, 0.0025171587262848277, 0.0008764034129217127, -0.0014810696072578126, 0.0029562498873394088, 0.0020088231615937417, -0.000910653479758237, -0.005898374063767556, -0.006223203174091466, -0.002570622909442942, 0.0016749581560316364, 0.003144699660631835, 0.004247946995062722
0.0067114202176342, 0.0025356248105498614, 0.0048148648804642565, -0.00129055439981782, -0.008098130156578273, -0.010774820602558353, -0.006572024927886021, -0.0021835165871562255, -0.001693692834384869, 0.003987941603841832, 0.009433665102230423, 0.008839034037786428, 0.0020918239498664126, -0.002902744664527299, -0.004898890429464732
-0.00985574594473167, -0.002367869861727465, 0.008604966232180183, 0.0029599678143389973, 0.000991909503685987, 0.0037747721582704, 0.00531064093733585, -0.0025192786089731044, -0.004243319344097525, -0.0009097667463607134, 0.0003199269510798229, -0.0014110867938371208, -0.0014434121105159038, 5.0415582253475764e-05, 0.0007378802310988014
-0.03342681654867493, -0.010309277311784111, -0.01797360128223853, 0.021455445539064227, 0.0070990604069923946, 0.01898569655696034, 0.02600437888750858, 0.03140332701428175, 0.033531801422443705, 0.004490990741932939, -0.04617749389482518, -0.014266526816477176, -0.041442026936056774, -0.0013029944342905692, 0.021928036655163324
-0.010552202608010763, -0.013241075691389622, -0.0059416220581773906, 0.009171956697342925, 0.003776736259867821, 0.00852021037656201, 0.011006890571138113, 0.009010071122567792, 0.001438052813571072, -0.0059110175443298375, 0.010833376973646086, 0.005149710243529742, -0.002090899535546248, -0.008976185601103116, -0.012194002019668786
-0.024423999419449675, -0.0017952327008683231, -0.005342195920199256, 0.017932938139555956, 0.010371469011586384, 0.010345920897443794, 0.021591265242342582, 0.025013473863416583, 0.016154992063778597, -0.017662652178388416, -0.05218238348660383, -0.02287792780563545, -0.029423612512141296, 0.015059482212220069, 0.037238462592942397
0.08718950666437442, 0.014847562636279099, -0.028946162610274717, -0.02194890701313427, -0.021833833179210883, -0.031619830757189354, -0.015789890080541553, -0.013507218410354805, -0.013779385650141692, -0.014300972034706216, -0.005542088155353529, 0.00617264070986331, 0.017679615316332636, 0.021379352952071436, 0.019999609611985953
-0.012902545929223725, -0.01055066742384485, 0.004843257850494638, 0.002417851987319039, 0.010979970395433905, 0.016082549547634373, 0.035572431740934184, 0.04270496351016878, 0.00805430030066565, -0.06459866247220507, -0.07529358595369867, -0.030002395919357723, 0.01607641142645692, 0.028718224347954208, 0.027897896591268682
0.05388454590855761, 0.04365878995926435, 0.017578059650085964, -0.008536943390966176, -0.02682575181536686, -0.06539147875254703, -0.04493575984151457, -0.04211302464801098, -0.01163309490069177, 0.01593661611945299, -0.0038957398032234886, 0.008598880271617844, 0.01743142157142794, 0.017118791566208016, 0.02912468810570609
-3.239250625732917e-24, -1.5913375496661383e-25, 7.477746626943858e-24, 4.483260607439296e-24, 6.0455333659134714e-24, 6.089155796250383e-24, -2.9791379417325824e-24, -9.010124712553778e-24, -5.930007841787475e-24, -8.923689223168712e-24, -1.0398720276412685e-23, -2.761839894502213e-24, 3.1827855398590075e-25, 9.472993581857638e-24, 9.51661601219455e-24
0.026534797557578885, 0.015417133583052548, 0.004792156077359501, -0.00381072356487436, -0.008744841238200247, -0.013831106394456373, -0.01485781450670973, -0.015217712219060948, -0.01475111677597013, -0.01172309281812092, -0.007220156513184144, -0.0010197010301886311, 0.007965713504956555, 0.012947522298547415, 0.023518942039270928
-0.00842333919363326, -0.0020460993133371345, 0.004606868372547956, 0.0015898277983272767, 0.003104822974138684, 0.007874524015966812, -0.005685899888936994, 0.0003756187923581143, 0.002128693483923137, 0.002078059864010051, -0.005623325787059915, 0.00022652105974478977, 0.007038570543789317, -0.0027314261301886406, -0.004513416591650216
-0.014356162536859833, -0.005559960393792095, -0.008417962292788888, -0.007083205556849988, 0.003844354904300098, 0.015777930680931484, 0.010990877811281625, 0.00514088483756181, 0.01929808800052906, 0.018160829505779744, -0.0030806669286356503, -0.0077627817517417555, -0.0032635606949167825, -0.0166161134228933, -0.007072552161905974
-0.002258939705571571, -0.0011156263323691571, 0.00019982074924560083, 0.0003689615379390896, 0.00022464345157804352, 0.0011652798620491352, 0.0009270992758445592, 0.0010928443047001108, 0.0010918495147054191, 0.0010230054816272574, 0.0005914624397354306, 0.0003723355346554169, -0.001003578823277035, -0.0012706085360784213, -0.0014085487547838293
-0.023985362281803726, -0.010177335136707745, 0.0029637159136566837, 0.008381356207323852, 0.011216222810006553, -0.0001240568075861273, 0.013754069878835075, 0.025726804860608486, 0.017443319763166133, -0.0043862786030970866, -0.014579355927367393, -0.018288745823090806, -0.00842843927730702, -0.013512976238874812, 0.013997060662238013
-0.0018876287092461225, -0.003508157606274896, 0.007027736947289906, 0.003575880473255355, -0.027790930338956507, 0.051519523468522344, -0.007861088046446765, 0.025444775565651216, -0.038024174777641695, -0.03734042193335907, 0.005175789125942867, -0.0070374963707114865, 0.03745557339341855, -0.012280466023216328, 0.005531084831772937
-0.0031758815350096236, 0.006192061000790581, -0.004497892162232577, -0.01274824541794682, -0.0015310502168465372, 0.0103051217660436, 0.00879716327663738, 0.003567397736128577, 0.008241835633322606, 0.0011865230494644734, -0.016676482292161003, -0.0032981531514222067, 0.004364941819242369, -0.002126854130694815, 0.0013995146246840234
-0.014135106802968436, -0.010255056069806182, 0.0006789064643527576, 0.005936110559339314, 0.006652816330463839, -0.0019269604676144178, 0.02380651321278819, 0.019951530924048187, 0.010236504352149867, -0.007166994513807267, -0.016978634156797144, -0.017840232836739123, -0.008981519721654327, -0.007720989805825154, 0.017743112532070143
0.0007990129938545023, -0.0010514573510005867, -0.0009481887180312989, -0.001413377100197858, -0.00021842588544107442, -0.0015136924521244907, 0.0009112348982337568, 8.743476832498746e-05, 0.0008659987762697837, 0.0034844338524312886, 0.0031355506117442507, 0.001747527408612196, -5.0535403371390316e-05, -0.0029881310588642076, -0.002847385340439999
-0.017574224803147073, -0.006739120739068906, -0.01062928056037587, -0.00726061563816017, 0.005634482519497821, 0.018911548987846465, 0.01343094674689355, 0.005914570371457678, 0.020947890012060346, 0.020097659316667918, -0.002894957049287633, -0.00759448940524186, -0.0041040426732895235, -0.017936731960966665, -0.010203635124885896
0.001283648894840516, 0.002325415850111882, -0.0038140490274298704, -0.003383124362913816, 0.0016996616675211903, 0.0021939672404760547, 0.0009925276355711363, 0.0003665459017484922, 0.00020891825961456053, -0.0019191266939371137, -0.00013605629056489014, -0.0001863637408921669, -0.0017063018342265558, 0.0003911454710709614, 0.001683191029009591
0.0046923332385302675, 0.0029707568992596925, 0.0014355082768467069, -0.00031438167728784037, -0.0010177162791934933, -0.004485193291215928, -0.002956349131492017, -0.003225491107650737, -0.0019070065481190854, -0.0028139220768565983, -0.0016217347185323524, 0.0008621909912876617, 0.002923186087961504, 0.002258370713917854, 0.0031994486225445473
-0.01399649176219234, -0.012947590318214979, -0.002791296370830247, 0.0027144971503243196, 0.004309495222151526, 0.011776972536318266, 0.012513423078257771, 0.008069344562408333, 0.007015407494561191, 0.006835780442263127, 0.0036402261520823514, -0.0018646864988824657, -0.005928443624050293, -0.011156160049681028, -0.00819047801451547
0.007309689792156361, 0.009728592029801022, 0.008996530636817136, 0.002690318287512418, 0.00024690224227497505, -0.0027867613197279963, -0.005316682052548087, -0.023748481732019978, -0.02131597845263067, -0.0031589778890229172, -0.003163541120842774, 0.003324378155551375, -0.0006871134611496302, 0.012771452817194807, 0.015109672066633642
0.005640972829211198, 0.0026279438105766577, 0.004202685527937669, -0.002209418999388239, -0.00208394230327829, -0.006473003382515832, -0.002353307248268223, 0.0006651076433784777, -0.000816008735722862, -0.006904322763330796, -0.00478129620445166, 0.0017323051158300632, 0.0004125011704907257, 0.006522584829812364, 0.003817198709718618
-0.011238980102992235, 0.004872637809938421, 0.021274167917353648, 0.005697922692158264, 0.008883732673414623, -0.007734101588894184, -0.02048045655840059, -0.024891494388662033, -0.0065155020267259785, 0.008003378810644578, 0.004796103973362553, 0.01683009511120334, 0.012645373121138651, -0.0010013633177554347, -0.0111415141257834
-0.005086960972124442, -0.004768297238752531, 0.004432587398575648, 0.0003094130652015032, 0.004526300327752243, 0.004741202025194196, -0.0023670085921050953, -0.0029495705980389585, 0.0014660816903429735, 0.014818617810467262, -0.005291004891252562, -0.005040303685765078, -0.007704994149854391, -0.002934693640136789, 0.005848631450495896
-0.015648286730406705, 0.004497358824657055, 0.024526244754838195, 0.00889520849621685, 0.016495625459119184, -0.01070371573246839, -0.025032532281557676, -0.0341219710105535, -0.006386034040011016, 0.011202807637556727, 0.005725113285308682, 0.02236711605386075, 0.01740103179999817, -0.0035623375344620784, -0.015655628982096156
-0.04677932862193497, -0.027383071901970764, 0.0022963139585973884, 0.005453297875043424, 0.015589917103821571, 0.040611858755547126, 0.03698517985310336, 0.01296672423039567, 0.013569653539283901, 0.007979528531622058, 0.004576491883315369, -0.022099366663213847, -0.015668312277548727, -0.026692723854011488, -0.0014061624120503859
-0.012950531744691724, -0.012734256667244252, -0.02158551201957335, 0.012927303550427552, 0.01281870932763068, 0.006550176351512849, 0.02324950816324616, 0.01896575361595185, 0.022454892348771297, -0.007635257424046813, -0.017692349519203426, -0.014668449925048937, -0.01569567587408119, 0.007396597850214589, -0.0014009080338648217
-0.018718379595638813, -0.004753005528896215, 0.0001425094066413086, -0.0016515713573173772, 0.0059093038840394895, 0.0203091077551164, 0.011050521072217852, 0.00922205102381619, 0.006789479656217944, 0.0005287078862605587, -0.016181062262074514, -0.010494258667268637, -0.0005293481279667099, -0.0006446721780812249, -0.0009793829670661338
-0.02464863405299035, -0.022360353838779837, -0.015188589500323334, 0.005569282906103365, 0.024459328243166642, 0.02620109976618655, 0.021416985532644463, 0.017136888515435378, 0.007649974113448381, -0.0007789843419522225, -0.0012164623157399704, -0.007259309634709851, -0.010193611028364125, -0.009904768260913799, -0.010882846103211209
-0.04822155608661886, -0.03072327540735844, -0.008526870732943715, 0.013856819797483957, 0.028509093456109233, 0.022574344137630604, 0.04130188989462325, 0.051738826464251736, 0.036067068147284415, -0.008352958303882576, -0.037437354771859874, -0.032184089655258194, -0.035527641013769456, -0.013725786958731017, 0.020651491033039066
0.6510943525257802, -0.20065657980398866, -0.17936391025342266, -0.13497705872225285, -0.07809548284414405, -0.11821913162344648, -0.04706640741515356, -0.05446573467353576, -0.04874913265040891, -0.03491684215951995, -0.011411166290636878, 0.011053854790227496, 0.0342031663264917, 0.1442033610041544, 0.06736671178985584
0.01615738022756634, 0.010752607210105417, 0.002261811515968347, -0.01665167654985033, -0.014679776746347583, -0.023177822904690278, -0.018146905641790896, -0.005412763136713419, 0.006977450131177218, 0.014481654863510142, 0.03423630905961013, 0.021184762090319154, 0.013133978652107664, -0.012538207281784067, -0.028578801489187924
0.01910929410424854, 0.009853777735432865, 0.001752309677045034, 0.0035134187064731525, 0.001435983457635879, -0.008104352319217516, -0.007840416826505712, -0.02172235402909797, -0.018660418116084498, -0.03674382497475927, 0.012143979514459788, 0.011052994662245418, 0.011288572405121083, 0.009424185911962656, 0.013496850091040312
0.0698713116759676, -0.0050660806429869976, -0.03311447859823187, -0.02650938070302568, -0.020888891541837967, -0.01747596950462492, -0.00561975407147499, -0.0018525658906498634, 0.007578798190857898, 0.011820009819149976, 0.010497044225425849, 0.012629887824603397, 0.008659054393453689, -0.0010325368296141904, -0.009496448347011627
0.01809035591984262, 0.021857166813082904, 0.00949929793589728, 0.010992152577835528, -0.00018976320817461266, -0.0051699514604796, -0.013145814607971762, -0.014474101908228875, -0.02249599405302826, -0.03563092305580215, -0.04193166683556805, -0.024375884847624256, -0.0018042118211201467, 0.040192345537173, 0.05858699301416659
0.09654934155808072, 0.07122977968554542, -0.03885054091682967, -0.03955521198282308, -0.038016397784182664, -0.035697031203274554, -0.03290057335171791, -0.03609077235908588, -0.027716806414844183, -0.013599210135416945, -0.004126296289247822, 0.006408415754127119, 0.0212626677150489, 0.02996464871709163, 0.04113798700752866
0.15619371446420505, 0.11469291050913225, 0.06698678912844297, 0.02095776979260041, -0.029226321085184595, -0.0883578597998126, -0.1336502276157107, -0.18628879754154484, -0.23917292182770078, -0.2992415066531592, 0.21899167971626424, 0.1585831085005261, 0.12852544697547505, 0.07108870230356282, 0.03991751313290368
0.0011837126984277626, 0.004497831683288981, 0.013426133155740299, 0.00799744115030151, 0.003290331805047874, -0.014708163519513819, 0.0012887523666920448, -0.008655114005294586, -0.016086674461931724, -0.014870472658499827, -0.00548315557157143, -0.0006829737588665036, -0.00035104166814788523, 0.021172729508996867, 0.007980663275330487
-3.3306690738754696e-16, -3.3306690738754696e-16, -3.3306690738754696e-16, -3.3306690738754696e-16, -3.3306690738754696e-16, -3.3306690738754696e-16, -3.3306690738754696e-16, -3.3306690738754696e-16, -3.3306690738754696e-16, -3.3306690738754696e-16, -3.2566542055671256e-16, -3.2566542055671256e-16, -3.2566542055671256e-16, -3.2566542055671256e-16, -3.4046839421838136e-16
0.7504469479938115, -0.2144176021199632, -0.18980720436503548, -0.1649085324458385, -0.14019933252553127, -0.11541555681156655, -0.09074417167211074, -0.06581972277989041, -0.041210809798712146, -0.016504479309209317, 0.008273724677003925, 0.03302291171924835, 0.05777645238079506, 0.08234735103730889, 0.10716002401968988
0.00012214429300395785, -0.00020140402009775256, -0.0030376837002962986, 0.0035810172586689107, -0.004207292961563542, -0.005410871910536496, 0.0022914055454978316, 0.004760759945207951, 0.005763653625668502, 0.005646412923524508, -0.005859314724965251, -0.00038316341603879185, -0.0004434897489304856, -0.0002567981783565913, -0.0023653749307864422
-0.00044292167986276974, -0.0007381635059200726, -0.0008380780377830629, 8.781068633737275e-05, 0.0006992638503625123, 0.0006254359065342937, 0.0005800898235595627, 0.0007315736798652206, 0.0004564863348276042, 0.00046949714228900586, -0.00015693176227348312, -8.810678348707327e-05, -0.0005002041724384258, -0.000689195987220229, -0.00019655549479047398
-0.0019214205746961516, -0.0021587450197294317, 0.0005134180823479467, 0.0003772900586520002, -0.0020464677993747024, 0.001450320197875015, 0.00016511300911352053, 0.0008298574430935933, 0.004298655561743912, 0.00476292289384515, -0.0007712918318873066, 0.0004968525269239633, 1.7795276014238397e-05, -0.003113272937751302, -0.002901026886170573
-0.002668589413456696, -0.0021665348173363743, -0.004575181922185836, 0.004182029118833045, -0.0069510119706374975, 0.006543257614629464, 0.0032806308015059403, 0.004685641130200109, 0.00538580279466718, 0.006529400197652255, -0.00811851697964786, -0.0008375813133275155, -0.0015053135673846866, -0.0009630447388263019, -0.0028209869346852265
-0.017541821273314325, -0.010006164456629238, -0.00027455242721380704, 0.005210747237270686, 0.010387919292768062, -0.0003414692709169387, 0.01544052921566849, 0.017815518515253707, 0.017336208035058434, -0.001070481367184839, -0.00968825403307884, -0.020296184261946036, -0.006096517327346559, -0.014227025343963317, 0.013351547465574506
-0.016772756678155865, -0.0076398147197722826, 0.0014078561948268435, 0.005120687702466923, 0.008827017999769675, 0.002184525197411602, 0.010388225609993902, 0.018308835529558577, 0.01213837304843789, -0.0043149942861599455, -0.011176754392067622, -0.015463060187036925, -0.004681453825416796, -0.00908037565471479, 0.010753688460858358
-0.028696549795293753, -0.023650679053089266, 0.005673720369849931, 0.024347435160722464, 0.021847696480828075, -0.005520910853465231, 0.009618816086632438, 0.021850638175823663, 0.01626161817932305, -0.005600425474548724, -0.011137934575880049, -0.020713531674999053, -0.00166553789018923, 0.015066157972909092, -0.01768051310862342
-0.0006275269157290022, 0.0005920039249831537, 0.0013281059394980033, 0.0007058296382074096, -0.0001273046776698576, -0.001056521266056351, 0.0001498369026005529, 0.000881374539033418, -4.579696172735964e-05, -0.0010612323379581858, -0.0025518652125517418, -0.001462146911438529, 4.534901342993702e-05, 0.0008854966961534697, 0.0023443976292252078
-0.004938973937106079, -0.0017609783059618425, 0.002550337097151023, -0.003557386998538807, -0.002231065969966367, 0.007280938072532625, 0.002320717462658605, 0.0009033551556025666, 0.0001239084859253577, 0.005492337648740172, 0.0030587732859122174, -0.0005893192063314133, -0.001714776813371593, -0.002784164885677846, -0.00415370109156864
0.00490352961666593, 0.00457446697845069, 0.002937789125202418, 0.0009637997703190192, -0.0025682229178519878, -0.0010034704494481434, -0.0026366067448320447, -0.007526826312879184, -0.008660004027490498, -0.0005673408719921595, -0.0025313812328532, -0.0015755895260248843, -0.0003829726197105717, 0.004936316317058444, 0.009136512895386528
0.0002774813957945821, 0.001074718840197035, -0.0033759840925658147, -0.0030278835917214265, -0.0028720679775296356, -0.004209245229434023, 0.005579651224855401, 0.00381261849422153, 0.004277266116148751, 0.004470167504328364, 0.0006733669028628736, 0.001488586414798671, -0.0005580415176914872, -0.0028167863011510194, -0.004793848183113903
-0.0006075668452505648, -0.0007377154330970008, -0.0007214859990657993, -0.00033463474305680006, -7.725315672806549e-05, -0.0001728783971497847, -0.00038014517323653896, 3.347252956253033e-05, 0.0011085913362929264, 0.002676723699512883, 0.0030519089487597924, 0.00173665243751174, -9.747094345990189e-05, -0.0016874762892097478, -0.0037907219713856485
0.26841794824046705, -0.07751129010055671, -0.06890182974674225, -0.06007609870968478, -0.05221718377889414, -0.03921316633720427, -0.031105333218761706, -0.02225922910918109, -0.012292520994194395, -0.004849199668715053, 0.0038796477470750134, 0.011128174051679134, 0.01922938376468803, 0.027841386682304743, 0.037929311177720075