
0.0034505163173418622, -0.00014017735457335653, -0.001047860962595822, -0.000996113551358066, -0.0005765693658032177, -0.00079877971287559, -0.0005451549775058308, -0.00014534196684878455, 0.0003195635416020162, 0.00010407526355233338, -0.0011737216540753943, -0.0008605347632001904, -9.010732485862023e-05, 0.0003989504329024, 0.002101256078296262
0.004277336942308536, 0.003562772037440809, 0.003301308430218885, 0.0013582857321550153, -0.00098168250345356, 0.0013147155717023677, -0.0010114925865631816, -0.00939027641253594, -0.011569910277448723, -0.001901522210492631, -0.0024466272999460865, -0.000986967681173099, -0.0015782326471177118, 0.005883612828784316, 0.01016868007612104
0.29385790073442464, -0.08406380857481678, -0.0756959679545792, -0.06506030996618858, -0.05443605479386729, -0.04581457883068989, -0.03455045047436568, -0.024778426289852988, -0.0153183795104926, -0.005314512735951197, 0.003330733513863235, 0.012394571013137361, 0.02307469189206077, 0.031205081376198943, 0.041169510601118946
-5.041439835281681e-05, -1.9433693379466933e-05, -1.2997895756552316e-05, -2.6254439276310994e-05, 1.4064367776955427e-06, 1.19023955152627e-05, 2.818692634361613e-05, 3.612792104499927e-05, 7.702362299570645e-05, 6.430266084388948e-05, 4.3229990375103943e-05, -5.290907483634197e-07, -4.5850674527575617e-05, -5.964999588151408e-05, -4.7049765973670955e-05
0.000565613339037256, 0.0012785967811531438, 0.0006364648767898141, 0.002436992099771029, -0.0010186759796274297, -0.0019538520956501404, 0.0005791930540584547, -0.0005125420333780765, -0.004347618254504684, -0.00032000807451717074, -0.0008285035309383111, -0.0007459718288943114, -0.0004633435792925365, 0.0019052086064675789, 0.0027884466195253095
-0.011309838157439658, 0.0016891994009745554, 0.0026452007410766227, 0.003417538162545933, 0.0028746393985148973, 0.001736540200908806, 0.0016188186261883574, 0.0011173723391693085, 0.0006797528235916845, 0.00046397616640481316, -0.00015680844245760764, -0.0006157051686891695, -0.00013908213326718045, -0.0017504820976011399, -0.002271121859920266
-0.02171639002788333, -0.012789121263703818, -0.011368748138465064, 0.0002670377514751915, 0.0038080426634776866, 0.009533812254929186, 0.012676200234570296, 0.01633650164219401, 0.022882650763277716, 0.018170335710233066, 0.016172453239642167, 0.00261236000290703, -0.007342089374114807, -0.021864548437080977, -0.027378497021458253
0.01621815489527623, 0.012335171307605919, 0.0052187090996346445, -0.00239798906745035, -6.418479264103105e-06, -0.012495816605666185, -0.00855154722144496, -0.00815486567891059, -0.015850747403379103, -0.016386111102847378, -0.009793341308189017, 0.0010488542072536822, 0.007758537058137089, 0.011909715210396661, 0.019147695088847436
0.005175287159494346, 0.00222853531323486, 0.008628665897123942, 0.00971493923421554, 0.0037915078178731637, -0.006436380642905095, -0.004476128303508689, -0.01628830849012123, -0.013910802235350123, -0.011866867604778831, 0.00192118347869289, -0.0038519576497385954, -0.0020636449088573196, 0.008803812107656205, 0.018630158826969282
0.15859593233220384, -0.046973092252012336, -0.039918149958895636, -0.03535470817400428, -0.02934529719484602, -0.023683907369187886, -0.020571788667177012, -0.01602394979671433, -0.00883731440977329, -0.0008241534171863955, 0.007454547361982473, 0.012489017390161833, 0.009335898335496818, 0.012764447486828534, 0.020892518333123267
0.006561737845659706, -0.009677264648713964, -0.009701721331613788, 0.0008566841454590995, 0.0060089685729524805, 0.01866020044049237, 0.01906922562681093, -0.017528863940840925, -0.0348085460495477, -0.015612783495293306, 0.04117977504032009, 0.014042080263890968, -0.011858274523870125, -0.013159604280656129, 0.0059683863349503236
-0.08342870315435989, 0.016232023554344607, 0.021954356798377418, 0.022526041322602705, 0.019408294152545878, 0.01453678807357097, 0.011319909205286601, 0.004557325198103926, 0.004539894754518984, 0.0014543742904922195, -0.00011766973839707692, -0.0032194980321681534, -0.008300382085934496, -0.009409085148830513, -0.012053669190153077
0.024162906895613276, 0.015823625817784067, 0.007766361766779745, 0.0008774550666100524, -0.008554549546907654, -0.01948894322435355, -0.016144659534560186, -0.010484469827181205, -0.008481640522019208, -0.018803760720847787, -0.017826617306483838, -0.0017455378245849872, 0.009763339527210086, 0.01858342083278752, 0.02455306860015383
-0.0003338461219510152, -0.00017580864089271353, -9.148871427644419e-05, 0.00013194589945504667, 0.00021003834381695585, 0.000247539200534849, 0.000161617450977594, 0.00010621610109160193, 8.860363407399178e-05, 3.6609060627854816e-05, -3.575317839836476e-05, -4.4961327893531403e-05, -5.7623378879679346e-05, -8.039449476355268e-05, -0.0001626938335225797
0.029291115319955173, 0.014240292635817014, 0.0033703435062072216, -0.0038165530905704096, -0.010208498409867789, -0.013505804052265834, -0.014140964875452728, -0.0127764557979632, -0.01585931582353698, -0.01246710164966618, -0.008488411735298072, -0.001609662315125897, 0.006935741492552209, 0.014941227426247167, 0.024094047368968367
-0.02418690805160685, -0.009898727180341753, 0.0031185448832504433, 0.008237689119427748, 0.011574173922356006, -0.00015930582438250518, 0.01382732811972988, 0.025287571668287004, 0.01752716664066837, -0.0045166936775060925, -0.014710455555203727, -0.01858044803666875, -0.008437784831956063, -0.01379736174748441, 0.014715210551430623
-0.0005028200890614254, -0.0005472644163657347, 0.0003840969657236135, 0.001497473022619016, 0.0008135853510291712, 0.0016939864479747157, 0.0010995544657669267, 0.00014409911551585902, -0.0014357792463736397, -0.003954733599435576, -0.002773541915789741, -0.0012522942712025011, 0.00048158450377289353, 0.002161915689951653, 0.0021901379758747517
0.0023555519986903297, -0.0009984969080379868, -0.0006477182683814336, 0.005420878292471187, 0.004219224714278114, 0.003793444946638326, 0.0003989017622189783, -0.005166450479890604, -0.01046085875048352, -0.007271166776376862, -0.005108119866719689, -0.0018309496821429356, 0.0022432439779293918, 0.00534620436741328, 0.0077063106723933425
-0.017450744024188156, -0.004653760205836389, -0.009648432655873328, -0.006963231268428241, 0.006531292995313442, 0.014629906479942697, 0.006524028058789314, 0.005534089687665906, 0.022433774763476164, 0.02432549218275852, -0.001981520415042136, -0.0033944649369239536, -0.004001829381070825, -0.020843879980463224, -0.011040721300119639
-0.033007980525941054, -0.016057022599239332, -0.0062259951595103336, 0.031047003160117628, 0.01089896194963837, 0.0348265384595931, 0.02171454947080214, 0.011089516012699042, -0.01742001090933677, -0.014713640185840128, -0.010760105265489789, -0.009334310918246734, -0.009441677293627089, -0.0017085703927398395, 0.009092744197120946
-0.06376773115637523, -0.02070268473567703, 0.052932830418649, 0.05171854145901377, 0.03930012863372329, 0.02871607578668298, -0.008738542134332374, -0.025987620452828864, -0.026286379527810776, -0.03728526541234083, -0.024738676721395358, -0.012125771030924241, 0.010440026202395227, 0.016757500309329865, 0.0197675683618907
-0.006007917081498039, -0.004853385895893257, 0.01434173872895379, 0.015711405941222095, 0.013843199855014402, -0.0059680321396762695, 0.003072248406674411, -0.007402265648153062, -0.0190130290646989, -0.02138871952546469, -0.0030363846417671967, -0.007141626563555356, -0.005656079588736264, 0.010701038128038498, 0.022797809089539735
-0.05561864476388477, -0.018511614734053612, 0.08521909745018894, 0.048192776293393684, 0.04768167697734249, 0.02389769885525201, -0.04832125277043101, -0.06125178584321596, -0.018123364177059516, -0.05253091622275732, -0.025713354740684376, 9.610941762655931e-05, 0.01540959052920318, 0.03313944903034886, 0.026434534698730954
-0.2274213103479117, 0.06327628573284856, 0.05755290315548673, 0.050561350288232235, 0.041547502289090155, 0.03485439818612187, 0.027213826057355135, 0.019888845213533523, 0.014160852821750617, 0.007347697767765187, -0.0007477747177453764, -0.009072661544656024, -0.01840274836978702, -0.026289217737042594, -0.03446994879504126
-0.0029914379052229058, -0.0010992184444091517, 0.0002903970516134942, 0.0012651225368003921, 0.0014698371019383678, 0.00118722329592284, 0.0008975019963822943, 0.000326921220103322, 0.0005401258153940934, 0.0004351892903131791, 4.027968776384532e-05, 3.746126143355367e-05, -0.0003051579468211516, -0.001162875253841757, -0.0009313697073704355
-0.0001748672570100744, -0.00045210652988235346, 4.647099555175121e-05, -0.00012720803904134323, -0.0008129210453392188, -0.001095472127287564, -0.00025395568075689355, 0.0005982603762642687, 0.0017942701982892918, 0.0013618561437201923, 0.0020590905480723184, 0.00033450453032677333, -0.0005931600165449379, -0.0006290122778854175, -0.0020557498184767737
-0.015767523318736914, -0.00746056418823231, 0.0013277365334914304, 0.005636570062225577, 0.008916540342612782, 0.0010113319199188454, 0.009847313659394619, 0.01742473410629261, 0.011511522634417515, -0.003840528384671427, -0.010594658917483707, -0.015526761969345187, -0.005748671352633655, -0.008631716501552344, 0.011894675374302433
0.015295582416345538, 0.013831761361552269, 0.00323165233866938, -0.005102065589680941, -0.0038180303348783083, -0.013007953313009388, -0.009625779389291092, -0.0033826162477677084, -0.0009136603102800012, -0.013683164466976308, -0.01358956903310038, -0.006653388849530237, 0.00913583417239312, 0.00927283244077882, 0.01900856480477527
-0.0015227482786221657, -0.0009255081545593227, 0.000702980052858451, 0.0018792270143089412, 0.0012223699465098133, 0.0008054966994203896, 0.002773478505125569, 0.0007704445520941448, 0.002055937108879398, -0.0027928662671464098, -0.007727976086004981, -0.003261219351381525, -0.0012029845985265855, 0.0019189547304096816, 0.00530441412663456
0.012130620914704654, 0.006097590321748051, 0.0017487107552373708, -0.0006131054775668013, -0.0028608204393741924, -0.006628672466379384, -0.0074247576713893345, -0.007263302558927365, -0.008474092072748067, -0.004377287896314237, -0.0017246466813674692, 0.0009894709413087884, 0.002918552627282735, 0.005993760641599823, 0.009487979062185879
0.013746027146506879, 0.007382027327933383, 0.003946347168574916, 0.00011626569516389376, 0.0004946348815609948, 0.00033700370743951143, -0.002240354492200452, -0.009969755443952772, -0.02277240875527018, -0.020969864806064654, -0.008980416320660952, -0.00167020619745573, 0.0041614284381418735, 0.016779121439445224, 0.019640150210837815
0.026221226578248553, 0.012722376971743912, -0.001932627359980986, -0.010839765035938503, -0.01646563362758214, -0.01613095984565039, -0.010906069900971323, -0.006735252533417041, -0.0015839251398948497, 0.002346603542087429, 0.003926064042093992, 0.007259617183224878, 0.005804834993445476, 0.0028489282392987368, 0.003464581893292104
-0.022620322759804763, -0.007198605636506242, 0.0016113867766654505, 0.00981951870676883, 0.015366875599419471, 0.011854469049576512, 0.017768094980286142, 0.012190651765903554, 0.00290847541321035, -0.02342150051332682, -0.01869539227446367, -0.012154565318815366, 0.0016471262555492936, 0.0026844078039819303, 0.008239380151555299
0.10692449118473724, -0.01400983273251899, -0.02943394826278236, -0.02323413282143982, -0.014466203876209446, -0.020533535365230032, -0.019745546890500242, -0.013075760799299646, -0.012803543801193801, -0.014923643681643787, -0.008516078571506634, 0.001682496199708696, 0.0165697941192309, 0.02024306555773408, 0.025322379740913514
-0.01421193898957865, 0.0041766205630609935, 0.0038677400560025495, -0.0011822822675588468, -0.003362399379856627, 0.01692504036904503, -0.004724932857607103, 0.009424731073628088, 0.0052934184595324184, -0.0047138141556156985, -0.008930899387468378, -0.008306467016009237, 0.008748669866380301, -0.0006575024859293365, -0.002345983848025515
-0.0013510747553435918, -0.00026758788321313296, 0.0002848769786330856, 0.0004082977256608428, 0.0004016694335045577, 0.00015452088556545867, 0.0004137935244500506, 0.0003422649786228565, 0.0004331916398405378, 0.0002297335181338944, 0.0002147924197461745, -0.00010239680035425372, -0.0002052650890363795, -0.0005189615499422493, -0.0004378550262678496
-0.012798391844382322, -0.011332159122393637, -0.007095942281883673, 0.006721363979586946, 0.007252276101299061, 0.007288689502828467, 0.014911007650233971, 0.012146597343869076, 0.001870570401409848, -0.005859730197538972, 0.004099989055279868, -0.0007509246676540198, 0.004014989928784814, -0.008825284624275063, -0.011643051225164236
-0.02097695091510376, -0.011755593431439648, 0.005296439229613234, 0.004483681306531811, 0.006204370903021789, 0.015243255331764127, 0.012343273664535274, 0.0022264896567260133, -0.0022015166505559014, 0.006391819000060754, 0.001777410077931855, 0.005332341451830085, -0.006394286303659918, -0.009010448793366566, -0.008960284527889209
-0.01673692489454239, -0.005529317747484085, 0.0018805871848896279, 0.006024391876729254, 0.008508453209952182, 0.0007704273466713967, 0.009315206816440876, 0.01406413872176843, 0.009254823332022363, -0.0029518378009030116, -0.00866454710697321, -0.011740102432176089, -0.004565861024931804, -0.009385814638616109, 0.009756377157152473
0.007771905886441802, 0.0030738056815601835, 0.002400508361511182, 0.0005251212514617152, -0.005643054779920852, -0.005997723157205943, -0.005528602045529922, -0.0033325320576669784, -0.002349416736131279, -0.000682741252054058, 0.0006470244764018979, 0.002122027027627337, -0.0001882329328005957, 0.0035505001614588665, 0.0036314101148466125
-0.020033577977457473, 0.0016658060117241333, 0.0039696993218593345, 0.0007896949090022684, -0.0014613395513971659, 0.018889981349621193, -0.0022002840612796947, 0.010779406071919876, 0.004470079272929366, -0.003915787890251569, -0.0056096153198654675, -0.004904757041226608, 0.011387882546699599, -0.00362299785174287, -0.010204189790534963
-0.014094082342924471, -0.0043353507842993815, 0.0009854824305554552, 0.003902311400444848, 0.007702304883912142, 0.0066419294621434515, 0.006216621639074527, 0.004572828100900327, 0.0026204536528277996, -0.001470655875209232, -0.004501778059133598, -0.0019882480015700602, -0.0011914476855222464, -0.0016323763206679942, -0.0034279925005317384
-0.019903525861344706, -0.010479338601643743, -0.007820732748433368, -0.0016225819259731579, 0.010321235251005022, 0.013174538661145574, 0.008742944961570357, 0.013382139109505283, 0.013897553428043104, 0.012337688346087693, 0.005659915707065247, 0.00022929998342725963, -0.007685132054522705, -0.011854836840552864, -0.01837916741537872
-0.05015937702567803, -0.0396808434229876, -0.05213227202303289, -0.05502693741292201, 0.056737150375388755, 0.08254665006488944, 0.06656600091204568, 0.04918245129484442, 0.03718340091770464, 0.023369891754629512, 0.007760550246031666, -0.008020608166693546, -0.02150408963581621, -0.04205276351308974, -0.05476920436531411
0.34165099329397935, 0.22398697405450402, -0.14176287196638876, -0.17847134527761863, -0.1295340461715066, -0.1322385273023864, -0.10406341483623907, -0.08272875235258752, -0.05346021394959236, -0.02526843783252444, 0.0037637414435349056, 0.032555654014045206, 0.059929236957123294, 0.08101355655042813, 0.10462745337522861
2.3162678069786315e-16, 1.8867082879396035e-16, 2.229956730092353e-16, 1.8276839068752837e-16, 2.0065983104965777e-16, 2.4182839560573944e-16, 2.597112715236244e-16, 1.797650180949643e-16, 3.1404142093567444e-16, 2.6422431767039365e-16, 2.7253473307919987e-16, 2.3230696787771175e-16, 2.3306337876205396e-16, 1.5867047355883155e-16, 1.6630502726180847e-16
-0.026730536897731846, -0.011721912221251246, -0.007387275586021791, 0.0005772998965374607, 0.007428413134172418, 0.01832843893528865, 0.018823629886405933, 0.017483514837282586, 0.013660195565244051, 0.009284950439350662, 0.0017164592299462491, -0.0035863874604448436, -0.008094010273092086, -0.011608920677170046, -0.018173858808516175
0.5420021077326447, 0.3404753692547167, -0.2279208674977546, -0.20453430424258273, -0.2561018334142018, -0.21462291729329624, -0.17197617122665712, -0.12912702622928157, -0.08603412798727832, -0.040367944804995864, 0.002269828926277142, 0.046356239558399265, 0.0900704566910217, 0.13279713545933214, 0.17671405507365645
0.675446280812285, -0.19431989448469036, -0.1700311903787716, -0.1481993249546562, -0.1256217565142498, -0.10382862208027276, -0.0810585024878416, -0.059515629860015004, -0.037542343392337876, -0.015303150483085306, 0.007129260407804273, 0.029623135448235353, 0.0531338623804708, 0.07434578879584175, 0.09574208679128332
-0.028013797525178654, -0.022283593763448573, -0.006487619979906955, 0.013761392800971693, 0.020493286790828468, 0.020728417605389703, 0.01728583237545714, 0.009434372296453044, 0.006394560226035708, 0.0027997441481877666, -0.001760721879689692, -0.00028683139919279046, -0.010177071372926933, -0.01156844584505531, -0.010319524477924653
-0.016299706782772844, -0.009930402889497838, -0.022257751325536746, -0.00619750525496051, -0.0024673347620104524, 0.011607875655712804, 0.012354656163911884, 0.02662131879933878, 0.025687798775431626, 0.019162133216009975, 0.021157108264743985, 0.006322896809311519, -0.003326457306322675, -0.01930897556158043, -0.04312565380177864
0.007678235059748807, 0.0038908535879695707, -0.005208126799209931, -0.015747771124058136, -0.008520441994431225, -0.005053756543122092, -0.006706725144056803, 0.006960726273495853, 0.0016082800176458838, 0.005947049708940894, 0.024871850634427137, 0.01910942151422096, 0.009782324132227726, -0.0025016814499396437, -0.03611023787385873
0.003961310599906275, 0.0013820185428045965, -0.0015356376969952368, -0.004058751068356381, -0.007879401079174253, -0.006770797610874229, -0.0019203069351156482, 0.005664864249954043, 0.010679629022810902, 0.0076625336690591545, 0.0025095246977386225, 0.0003919318869760338, -0.0032343067833482233, -0.0020468036857736534, -0.004805807809611887
0.01668500231098536, 0.006652984142458033, -0.002618526740242008, -0.004851271887185055, -0.007236532973126421, -0.010328800648143198, -0.00782911906929298, -0.0038838779012774186, -0.00336711869512391, 0.0013523443351414882, 0.0037704382332604753, 0.003398514707682018, 0.0036698748735920395, 0.0006760625557904797, 0.003910026755480748
-0.002532295510426171, 0.0004000271656297133, 0.005910276301618676, 0.0070556643478628745, 0.005781981090471969, 0.004981182621190374, 0.0017927602212465023, -0.0044945587316702965, -0.013194347286069406, -0.01677411342500762, -0.012845277440122465, -0.0017357885303147644, 0.003293073539811745, 0.009224514516417565, 0.013136901119361447
0.006464582881702492, -0.0013991993194072455, -0.009814616004579954, -0.011915902981118935, -0.007876663071019982, -0.008792045837959004, 0.0025362366858551638, 0.01449225422810449, 0.022664344390593342, 0.021971818529915713, 0.003209670968068332, -0.00717781761111259, -0.011503061750799258, -0.0014491407064933545, -0.011410460401749593
-0.04998981169073387, -0.014160149684745514, 0.020534992590365512, 0.01495861643810626, 0.019911589766684987, 0.03524169487532152, 0.04139108539839386, 0.029459669604311258, -0.009858335600814313, -0.04250211232270367, -0.0438646929863349, -0.044980996272374375, -0.005901065044980576, 0.013201561777165409, 0.036557953152338354
0.19071156358029512, -0.06935709154667144, -0.028353568482301687, -0.08800368737256035, -0.3612962097675907, -0.42307208412217495, 0.27393760189073313, 0.20080010619935762, 0.28949979949838817, 0.2306911248564148, 0.16677532408726312, 0.007874528721919913, -0.05413771242542999, -0.10943089981385645, -0.22663879530378578
0.00039426580082550593, -8.591580298627431e-05, -0.00011136342590915726, -9.912035165039547e-05, -8.449541851064934e-05, -6.122279175672616e-05, -3.6810251362014965e-05, -3.674826681259758e-05, -2.4972232105261437e-05, 2.7769311930092416e-07, 3.3366684188792873e-06, 1.4711790271073772e-05, 1.0668629322845743e-05, 4.1174019730210056e-05, 7.621393940519426e-05
0.004924785062166511, 0.0024419190648538405, 0.0003922663829468157, -0.002470433893365884, -0.0041284114692073555, -0.011729540617066714, 0.002330474296341336, 0.003404521650695969, 0.0016216387131906859, -0.0019887225217957746, 0.004675814988267792, 0.00291069242218803, 0.0009870933032971583, -0.0030455716580947813, -0.00032652572441808176
-0.003159276393603951, -0.0038130768598389504, -0.004984337057778453, -0.0036729243337416994, 0.004851580921300637, 0.004408127836210848, 0.0008265802917176846, 0.003701792865314581, 0.0024783799268854405, 0.006416165172600284, 0.005542253138125904, 0.0026199455472511596, -0.00036959486936592755, -0.0029408359568247797, -0.011904780228252747
-0.002553629788984256, 8.871876815407952e-05, -0.0029605802810628587, -0.0009705951041498568, 0.0013808464942351604, 0.0027891624358741566, 0.004428459796583049, -0.0010941319355269284, 7.648268999587403e-05, 0.004613912951940983, 0.0011539423981003856, -0.002927250213025283, -0.0022304990819269053, -0.0007801808001681046, -0.0010146583300395635
-0.008134428612073022, -0.0021154153536103552, 0.00443708851447187, 0.0014879890285061659, 0.0030642788710160277, 0.007805348175152862, -0.005462041541350047, 0.0004042194667217719, 0.0019704960905787927, 0.0020108876927964095, -0.005486574872859277, 0.00023850273060239713, 0.006909348105542726, -0.0027199874629718775, -0.004409710832524468
0.0021544861916418865, -0.00107919133658639, 0.000954023681229447, 0.0024999621288638975, 0.00041055606461179125, -0.0028654596589765924, -0.0036951087827249225, 0.001193228508563765, -0.0016419876672521677, 0.001984174335199909, -0.0005847254943283135, -0.0031265420747136944, -0.0009033041033059049, 0.0012668508224828465, 0.003433037385294223
0.0004180315305049856, -0.003373888725198753, 0.0016092728321185797, 0.0024918087716203703, 0.00046397950487931565, 0.010266842618931642, 0.004783005993773489, -0.0012598444680866577, -0.014340850120105808, -0.006850139261304822, -0.00046874993978254136, -0.0031427345097370424, -0.0028765916309771147, 0.0021526098119631805, 0.01012724759140134
0.005035283468168471, 0.0012706859905970082, 0.0018546044458220875, 0.0010443788311385676, -0.0023560366054302027, -0.0013011129141815513, -0.0012887348883456565, -0.006191067521971323, -0.007158722553783158, 0.0007669501766934939, 0.0006423684906128488, -0.0005823919177913935, 0.001069233729378299, 0.00431824588938865, 0.0028763153797037753
0.012316340808225598, -0.0059327736325641735, 0.0029588423877054924, 0.007169170540696072, 0.003963819807235859, -0.006245005304649037, -0.012357080164504335, 0.0008444503961617079, -0.012801814068737254, 0.006734611545705534, -0.00545378975478559, -0.014962572056875682, 0.0009259300213325857, 0.00783148135143874, 0.015008388123614472
-0.014198779885997815, -0.00559411478634923, -0.008881674747897176, -0.007385753723787521, 0.00351313297972376, 0.016049726527267154, 0.011491452252363862, 0.005735177640079891, 0.019299339272162413, 0.01810212912632498, -0.0030909335010874442, -0.0077291553404224625, -0.0033879726122722597, -0.016306467493612087, -0.0076161057064961435
0.0006439790246687544, 0.0007335124393220818, 0.0005431459771345046, -0.0021353803828228326, -0.0028965155270581217, -0.0011105371310626772, 0.00019266860001640872, 0.0012646160955026573, 0.004553123336966638, 0.0032103753729279326, -0.0034644399676763485, -0.0032407775104714063, 0.0015603602617261596, 0.004075147402609147, -0.003929277991783127
0.0003454546489016605, 0.0005746804334794167, -0.002554290776852516, 0.004131396601743625, -0.004964590716572306, -0.006341315264544318, 0.002716385690811555, 0.003194742338355696, 0.004833419964091108, 0.006065384766145597, -0.005797933429115016, 2.2196909445433037e-05, -0.00014424555281705964, -0.0003914308866820646, -0.0016898547263907544
-0.003976252267706926, -0.004930238201392017, 0.004233022502446491, -0.00263722527083518, -0.007502390164450797, 0.004345643582906326, 0.004088722357228581, 0.010941094744366575, 0.012218332462344151, -0.006536473245813586, 0.0064562903333702, -0.009196439178451928, -0.0028449273020823935, -0.00858411409317844, 0.003924953741248951
-0.011392741880328124, -0.004608666828323772, -0.009370719253353888, -0.008853774902079581, 0.0023346827723217845, 0.014839136921263945, 0.011165347088189892, 0.006682122452160155, 0.0186300569059014, 0.01609395906144105, -0.0033296839881840493, -0.0074303854748900946, -0.0027411551509775424, -0.014903417892560855, -0.007114759830580317
-0.023706348619973058, -0.0077011912256549, 0.004636380367210158, 0.004887380128656063, 0.010519939328268394, 0.009154539165810513, 0.005036703488367992, 0.006877981972485239, 0.0050184541896761675, -0.0017637736171595088, 0.008059986982471158, 0.002458419361845406, 0.00010717247616390665, -0.01454453471792858, -0.00904110928023884
-0.0017910963491600974, 0.0004668234537423384, -0.0001795786954716498, 0.0011311736215278544, 0.001353394647541967, 0.004404208550634989, 0.003054940258557292, -0.0005252255754247112, -0.0020067015457699232, -0.0017008626337095866, -0.007929166300356267, -0.004453297053118904, -0.00013068748689027578, 0.0006663658045537375, 0.007639709303343165
-0.003678874544237585, 0.004239223595416723, -0.0011279911994659959, 0.010512769603666278, -0.0028373964203417014, 0.004710274226565477, -0.004187314916935117, -0.010017908747361458, -0.009093495938459298, 0.0037313597883069697, 0.006473622787798248, -0.0028820808266634664, 0.00042241367520383784, 0.0017062430311207916, 0.0020291558853862135
0.009686509631135704, 0.007240106566068066, 0.0036497252065695856, -0.0005114492143990642, -0.0036897391883177855, -0.009099826881384646, -0.007622752246922034, -0.005985143594562249, -0.004589619904894144, -0.006003786887369154, -0.001505786483075382, 0.0027967844582406634, 0.0016457258406569128, 0.005668570380197519, 0.008320682318055909
-0.019402971806131923, -0.0033375436792690088, 0.0021263870689169793, 0.005950697331332531, 0.009559641517602135, 0.0004086505133668986, 0.01015444671082248, 0.01632452953503326, 0.01160614583305426, -0.004746883230913348, -0.011658299091652906, -0.016189799189572467, -0.006220671044718325, -0.00898471540244957, 0.014410384934578606
0.019068198836946982, 0.009144515727382134, 0.006076170534744688, 0.001424469857272606, -0.0006922615081761984, -0.02559509050145477, -0.01538448198670232, -0.010954644689604165, -0.007542297646187422, -0.007579936525121189, 0.006066599418561603, 0.0007838218478190028, 0.004456063904138824, 0.010243572772289532, 0.010485299958090378
-0.01302265949006383, -0.006545266921315363, -0.0029080184913557595, 0.0022209127716062613, 0.003928470320891113, 0.0041435751993832886, 0.007091148325693264, 0.008328358717414682, 0.009928451495503218, 0.005656504439104547, 0.004680911444555032, -0.0009920188721410843, -0.0034749869421645116, -0.010383539830226288, -0.008651842166884617
0.0024909712538646505, 0.005570643350870443, 0.008063134524733822, 0.004732725830129727, 0.004444383998723399, -0.005845859435791895, -0.006305926095578575, -0.014510364337143138, -0.01099056794386141, -0.010189593151608604, 0.0021460943399158492, 0.002266536988467667, -0.0006261432119138706, 0.006838966035839952, 0.011914997853351568
0.019635081271539685, 0.010563085421581405, 0.007141453735957978, 0.006053779814991226, -0.006574735029737916, -0.021919278813416574, -0.019654662580588143, -0.017439841193926088, -0.015153285453022355, 0.0025057346966853218, 0.00837398591250302, 0.003857943466685417, 0.0021873757002596667, 0.0067832913259218515, 0.013640071724565378
0.020038264444005076, 0.0014491598347356046, 0.004671013956447005, 0.005783421717152355, -0.0011423796355515302, -0.007413255511998529, -0.012827340366338829, -0.0066584490747194965, -0.011454487350665924, -0.008951127496056291, -0.01975204816018214, -0.010030209103790403, 0.007409930459279094, 0.01608789660139782, 0.022789609686286745
0.009755517992130792, 0.00028289267605736805, -0.008617133118604904, -0.008050402367097744, -0.003028510749531696, 0.001016598747465734, -0.0026973261966009993, 0.00384266723941388, 0.004488432195260508, 0.0028454187610915246, 0.0066666942278071125, 0.0005345249607396833, 0.00021829069035696937, -0.0023437957033893815, -0.004913869355098919
0.0012891213171996939, -0.006816868672630465, -0.006690222728782912, 0.0007585537125467716, 0.007314570579606566, 0.01597833470326368, 0.007353411901140875, -0.004646199118686746, -0.0071519214789506, -0.005062408438970351, -0.005012485312275368, -0.0056517694562369086, 0.00021318891968488194, 0.004057999554020754, 0.004066694519070234
-0.027553621964300477, -0.01809406744859654, -0.0086045754984822, 0.005073013951064959, 0.00990172826990211, 0.01959547355177637, 0.020548046876349976, 0.026478520382964915, 0.02064873753472592, 0.00489085027537337, -0.008814952747074825, -0.009565487699010682, -0.013209661796731397, -0.014656304410957643, -0.006637699277003938
0.014183763865406008, 0.00043421299269018413, -0.0076072507366052216, -0.009561563065994042, 0.0012613173746169276, 0.019913910916944493, 0.006046169224345682, -0.015279028018332226, -0.01833181711154722, -0.007047495528099631, 0.0008923136465579909, -0.0009877802939038034, -0.0011650126011388377, 0.0059447016869666434, 0.01130355764809264
0.0064489748662776535, 0.0026814773667738043, 0.0035397844299771206, -0.0012653624600828467, 0.012130364095259423, 0.022256851133874062, 0.003732974805832499, -0.020162697082616546, -0.02294345596881082, -0.023446167053452396, -0.030612542080191145, -0.009193561329558213, 0.00981821448324227, 0.021242494402514956, 0.02577265039096006
0.04489136438394478, 0.02854665045476149, 0.023952044330400164, -0.009681132169941802, -0.028201005505891646, -0.04896090280119602, -0.02482240093815593, -0.019289954137124504, -0.010765432303447134, -0.01889948862762293, -0.009495158117876714, 0.0054864988857243535, 0.015890671324802947, 0.024579261475755815, 0.02676898374586707
0.010590159863845275, -0.009385414785762936, -0.006363592109471673, 0.008054636937870174, 0.012079094979699537, 0.03375735310544541, 0.011738991660830544, 0.0029329694070410715, -0.015166643904401993, -0.05077080110174466, -0.056837761001175845, -0.01889156040040397, 0.00993981120901944, 0.03146037795924624, 0.036862378179963164
0.01717581963306125, -0.013581183101151488, -0.01962895601673177, -0.026289036099374843, -0.016386906106985843, 0.008883598237687577, -0.00014264361539426934, 0.009146528219235516, 0.034165666384970685, 0.036903686166467546, 0.04302969349534934, -0.004417459825216147, -0.01902021979061433, -0.02848548100149282, -0.021353106579810772
-3.239250625732917e-24, -1.5913375496661383e-25, 7.477746626943858e-24, 4.483260607439296e-24, 6.0455333659134714e-24, 6.089155796250383e-24, -2.9791379417325824e-24, -9.010124712553778e-24, -5.930007841787475e-24, -8.923689223168712e-24, -1.0398720276412685e-23, -2.761839894502213e-24, 3.1827855398590075e-25, 9.472993581857638e-24, 9.51661601219455e-24
-0.020280079098028737, 0.0057372078321930075, 0.005412707689253976, 0.004717083964124974, 0.0037114338432875935, 0.0029727116130642524, 0.002368941240746476, 0.001424399212162198, 0.0007711538399878856, 0.0001867316689944979, -0.00015252438496946583, -0.00040998001681686095, -0.0010421657386786446, -0.0019302900013045995, -0.0034873316640165438
0.0027190822437050846, -0.00030662161447546365, -0.000181668147650386, -0.00010156548729484252, -0.0012073033968615888, -9.080471512405849e-06, 0.0006584463243508971, -0.0019912668470109377, -0.004187174575668256, 0.001942799113930636, 0.0013851530939193142, -0.00046513287860528774, -0.00044425178613628703, 0.0021945649716222895, -5.980542312754647e-06
9.871611076495515e-05, -0.00015782676542670606, -0.0003383392942928877, -0.0009111432499249636, -0.0007130887952129628, 1.924989853389897e-05, 0.00033109991236444567, 0.0005633754142393813, 0.00060555469392825, 0.0018653115604217152, 0.0006799987468962805, 0.0002910227855763926, -0.00023130469722502025, -0.0009727585682821394, -0.0011298677523606641
-0.0006609504229127365, -0.0012934907294103667, 0.0010033713225357718, 0.00249032150491613, 0.003898717054018893, 0.004234689613498214, -0.004226309588585737, -0.005163798516805072, -7.470093110456197e-05, 0.004857507336144824, -0.00671480032474794, -0.00581551198930513, -0.003335892962584054, 0.006630574341235058, 0.004170274293106964
-0.0005352858499037402, -0.0005253928514786894, -0.000807785230093949, -0.0004112514520100202, 2.8914101616208355e-05, 0.0008770828395191023, 0.0005967456862033596, 0.000700954581643007, 0.0008126645639839494, 0.0006831480388194305, 0.0009175608639003205, 0.00021459192429731312, -0.0004957610495573276, -0.0009364611392282806, -0.001119725027710665
-0.003990976703139699, -0.0019244331409767703, 0.0003000687993548397, 0.0016140802743035067, 0.0022285279399242024, 0.0018376028218613357, 0.001647516435711136, 0.0010754594302708749, 0.0006573059892196534, 0.00020893174541359764, -0.00022427360421254584, -0.0005452337611218693, -0.000708031267658213, -0.001036092653375671, -0.0011404523055743583
0.004229339743845047, -0.003798798990092264, 0.00030252149398483225, 0.0032871189679841983, 0.0025842849475673432, -0.0022202698412051025, -0.004354125531417591, 0.0017810133732911598, -0.0037315872136171532, 0.0030840762337996583, -0.001881101541600913, -0.0066021977241456226, -0.0006969281608903768, 0.0025845513885260282, 0.005432102853970819
-0.006136115852960084, -0.009001374014572485, -0.0019845692509149263, -0.004029731210364005, 0.004149683841325178, 0.00740087449365349, 0.005078073069185295, 0.016236274849487475, 0.018279257533871114, -0.004872683516612937, -0.006047953355427152, -0.007619187311811397, -0.018290653875763833, 0.007000696588341843, -0.0001625919874383582
-0.01832486897264196, -0.008044624513086296, 0.0017897372011399793, 0.0058143352720669075, 0.009790952896967714, 0.002166527068203892, 0.011241228301831462, 0.01911509264098263, 0.012861219460629146, -0.004405635244405209, -0.011990833046001903, -0.016784653737980333, -0.006409269153065521, -0.009453306442018847, 0.012634098267378158
-0.0091683206963636, -0.004023813542838589, -0.006466245948233976, -0.004531670216669187, 0.002813808591001955, 0.010278705460286558, 0.007790739167844293, 0.0050202452631460375, 0.01147564906879913, 0.011209761780464445, -0.0014106588172278934, -0.004518027350074592, -0.0028182619101382554, -0.01007413784491662, -0.005577773005079293
0.09443857433949765, 0.05359047177244312, 0.015643121577840403, -0.016817690775823003, -0.039406863725522503, -0.045826112789141685, -0.0490401815663241, -0.0497079195993519, -0.04716770629924875, -0.039821110212522534, -0.02145707715462898, 0.00146601325754242, 0.02123316452606481, 0.046317236540661846, 0.07655608010851347
-0.005833438011305595, -0.0036051320468617745, 0.0017352893238649699, 0.0029859383033369507, 0.0036539830650728186, 0.0036494972367569845, 0.003784134183744394, 0.0014377300611283198, -0.0014948141976548314, -0.0014869493857122224, -0.002552631942457334, -0.002290014539978561, -0.000563847113106659, -0.00024453640453043417, 0.0008247914677030076
-0.004886165936031273, -0.002863130820248758, -0.002366024214635792, 0.0004661673684022877, 0.0015892360470294148, 0.0031162113460208845, 0.0030571514663313842, 0.003472263789560909, 0.003423573751295642, 0.002475279738272971, 0.002279615930406671, -3.8672819176583024e-05, -0.0011060736806608202, -0.003517986653097368, -0.005101445313469554
-0.015003963033248042, -0.0057289026438257645, 0.0033189904168306915, 0.006164294462909536, 0.006281692507898737, 0.005149230508991959, 0.003909509418313829, 0.00454483486840509, 0.0025150617886927507, 0.0013291076136501354, -0.0004656024675717401, -0.001419424420023257, -0.0038308674607597784, -0.00330731709255743, -0.0034566444677066625
-0.007235792390944661, -0.0016315911115246551, -0.006376091325895099, -0.001033251059944805, 0.0038697004377544787, 0.006076474346287379, 0.010687590980426032, 0.00033540336744701245, 0.0019853913670063, 0.008940785940677765, 0.0011963905195318692, -0.007117233050072052, -0.004487418788696289, -0.0019184926724343447, -0.003291866559618971
0.008464322830143162, 0.008372873109207549, 0.0020050655855835733, 0.006885207843098238, -0.010784167958166838, 0.004448734547354097, -0.010294000136662793, -0.017904234801446425, -0.019844666506663874, -0.0002918815939718447, 0.011609593861916616, 0.002780697601765857, 0.004180138112305727, 0.005725432548385838, 0.004646884957150513
-0.08234036184617904, -0.02554644236163762, -0.007163727022106478, 0.031907207613472065, 0.0431402842637752, 0.00833674977968278, 0.054471970653903724, 0.08136470113687466, 0.009595942141608542, -0.00880080085477792, -0.05846757936170284, -0.005538367596129662, -0.005377408219155399, -0.04423941868161843, 0.008657250353990464
-0.0034845975701531464, -0.00034708310305860384, -2.874344941116607e-05, 6.824814841878678e-05, 0.0006243497860638354, 6.632790248212281e-05, 0.0002051022142617341, -0.0008206931977903401, 0.0010921217747761175, 0.0074607023517624105, 0.004633983208641298, -0.0011617486961859643, -0.002619684609391473, -0.0035133361649983454, -0.0021749485954171994
-0.019203093534670607, -0.008354659426186038, 0.0012315478600542426, 0.006018996679159318, 0.01246325178570877, -5.2754573504412705e-05, 0.011798201182033154, 0.016383116008189896, 0.016717897139037305, -0.002901501929932021, -0.010976838725667966, -0.01740725721969648, -0.005815867701292617, -0.01479781519495462, 0.014896777651722266
-0.022969065959975436, -0.015760431703607615, -0.0013551958322520867, 0.006885279899033356, 0.013715754994995874, 0.0019839428919313194, 0.017221955099364618, 0.027460659964229778, 0.03089342000788184, -0.0036879474332221322, -0.01630562997274704, -0.022719718830946006, -0.016515969321548966, -0.01854365769190891, 0.019696603888771414
-0.029317430692969066, -0.010528381112437007, 0.00035848562346177046, 0.00846752078925389, 0.013693851589846713, 0.002878204278968472, 0.017890469620392657, 0.027991774696058673, 0.017525042612255005, -0.0013775920260801974, -0.012093037180479695, -0.022843428652641426, -0.008305444791644932, -0.016789077524818216, 0.012449042770833224
0.010531057264989225, 0.0018395848788510718, 0.0009850989432374328, -0.0003972809294800258, -0.0027885425071410806, -0.004270704355040662, -0.006611684965831442, -0.005147038198690923, -0.0042065317054491985, -0.004735739763227177, 0.002785836417175714, 0.00228052012035161, 0.0026479703860468745, 0.002081051401762915, 0.0050064030124457575
0.011002604279481125, 0.002524849362677389, 0.002776167065732974, 0.0056838165034406776, 0.007488802820513423, 0.0031401753360925317, -0.009639793393890754, -0.015843361543595946, -0.023248676877390656, -0.015725490504156586, -0.0009144588013510939, 0.0011229648194101254, 0.0036240325193586205, 0.013337173265729897, 0.014671195147948377
-6.844230719152736e-05, -0.0017050352453447026, -0.002987542043442532, -0.0008079933891450306, 0.005054215324102188, 0.010791052810978053, 0.003320472673158948, -0.0017850696805751794, -0.005469241595654189, -0.005049040935269329, -0.00534144714758161, -0.005299695584456713, -0.0013444731751730051, 0.004146636075311392, 0.006545604220283023
0.011344781547170394, -0.0006957422694960531, -0.008677156722596517, -0.013560111789889306, -0.0018014299136760205, 0.0036605873470326837, -0.0012920534208894947, 0.001922785119891194, -0.0003165264033160621, -0.0011821142931756727, 0.011595372459709034, 0.013470031365700644, 0.0035557062431369954, -0.0006425037920884426, -0.017381625477513186
0.01232174758222247, 0.0020298884289172217, 0.002323424846835301, 9.732298815311874e-05, -0.00556858150036192, -0.008947312153923836, -0.004667044523160104, -0.0022253430304082725, 0.0010598656642621645, 0.001860732973235529, -0.009776087440130843, -0.007309730117818481, -0.001181234509092216, 0.009013865308741997, 0.01096848548252835
0.011004893907610211, 0.007217637988839264, 0.005593375164985306, -0.003398283912544804, -0.008681239485430921, -0.023752059748272936, -0.017913629287414252, -0.005122040004770212, -0.0006894151558707838, 0.01572003044622163, 0.022977872624985716, 0.012175936418702144, 0.0001913773380048233, -0.0011786563097557316, -0.014145799985289483
0.03389496011430036, 0.006475637757873527, -0.006499923369689582, -0.012142931935170322, -0.012640938954069408, -0.010347546616070971, -0.013531138254605588, -0.014591364725775376, -0.007276558591847351, 0.007806426537126036, 0.014543910833194174, 0.008203129088434801, 0.002034444238707366, 0.0005578672631512994, 0.0035140266144411264
-0.006163421804528774, -0.006372435397265388, -0.0046186136113304035, -0.001478345200990615, -0.0061069278242880075, -0.002736663102102671, 0.005879347908628284, 0.013767571023042696, 0.025965070254485283, 0.020185175534642684, -0.0016453930504991103, -0.012075949359680729, -0.013494299891388953, -0.003812087430117895, -0.007293028048606811
-0.31776989762785135, 0.09009937762085762, 0.07990762065901882, 0.07099650295522672, 0.058905777112370064, 0.048274011323870894, 0.03685233507143484, 0.02867937489582912, 0.0187735653528248, 0.009387436887314284, -0.0027786643657095045, -0.014134367144533849, -0.025920713912078733, -0.03568389041069502, -0.0455884684178788
0.02219162327619329, 0.008147175084735659, 0.003153460624614249, -0.0005489317900740044, -0.008068562443353931, -0.010189215205595337, -0.011739136556450666, -0.021882389279050465, -0.030699443097196827, -0.013836126948813931, 0.03589919718107929, 0.020761413844091206, 0.011146522510170743, -0.0037176830336558483, -0.0006179041666939337
-0.03208691253565082, -0.02095096604452408, 0.016741323946477756, 0.013809338547091727, 0.02186994689616104, 0.004780335118904424, 0.02181426040753696, 0.0542934895960852, 0.03524162717684948, -0.041787871399491326, -0.06350490263805672, -0.04312707476254306, -0.032900129685326, -0.0008195846155910694, 0.06662711999207654
0.1861782146665579, 0.14501557205666063, -0.0737496235180278, -0.09887460711892457, -0.08977793099219042, -0.07371452569474023, -0.05976473059034565, -0.047272994672946884, -0.03554666932830228, -0.01661870455787022, -0.0004629716841381571, 0.011301615215496299, 0.032453986150285885, 0.050570174612723215, 0.0702631954557626