
0.0035330093542647162, -0.0001003663481270338, -0.0008216994373898614, -0.0009989739433659453, -0.0006192726157344405, -0.0009052729474241807, -0.0006082635016178661, -0.0002478972194774699, 3.333877950377847e-05, -0.00012927605302956105, -0.0010627731845859912, -0.000801746222612562, 0.00010682084840278696, 0.0005223467225976263, 0.0021000257685960064
-1.0237888807709659e-20, 2.4969646557771564e-21, -1.9229480948316792e-22, 4.220358555499971e-21, 1.051121679924732e-20, -3.991690833720405e-21, -1.9796675916061477e-21, -2.6528741254912642e-21, 4.564491430142143e-22, 5.552714410343616e-21, -2.645348092923863e-18, -7.624627309629842e-22, 8.925496438283478e-23, -1.9574316779757647e-22, -3.935783697402168e-21
0.29096505734165257, -0.08438655504814652, -0.07447446934217586, -0.06443255015136488, -0.055064010858015475, -0.043456562449104945, -0.032622607403843845, -0.02411042551896837, -0.015113050014714084, -0.006847980631392313, 0.0020700305059051676, 0.0126384893539332, 0.02234762888174534, 0.031496460495855645, 0.04099054483863422
-0.01565670999376162, 0.0041590793361556775, 0.00339855844829669, 0.003253174915191839, 0.002841665508333993, 0.0021769964240431574, 0.0027181024996187175, 0.0017702358763190098, 0.0016722615118563114, 0.0008532347959413119, 3.2681177027136843e-06, -0.0008608962421561453, -0.0016420523390179964, -0.0020338330520936927, -0.002653085806429976
0.0005159631787866833, -0.000695896264086014, 0.0009549642689320229, 0.003064937091074965, 0.0027221071427084662, 0.002755734683194639, -0.003832034989761732, -0.004275528761544892, -0.0009380683826270265, 0.003567710126508235, -0.0066976209749150814, -0.006623671984245662, -0.0036727341196800467, 0.007008413129146696, 0.006145725856508862
-0.42442799633658584, 0.12145958683204926, 0.10627763394544348, 0.09458720904102176, 0.07855819804827917, 0.06554194645132808, 0.050262157428853704, 0.036992332969628054, 0.0225256147302789, 0.010634599952431668, -0.0022145528162886554, -0.01787710840353864, -0.03376547956618245, -0.0475828681996661, -0.06097127407705242
0.005329247657815856, 0.004609354591961642, 0.003295313156763675, 0.0011210498561866889, -0.0028083288947577324, -0.0015580531349252797, -0.003023647217132418, -0.007273549924962726, -0.00865220899893839, -0.001969627579662273, -0.0027753276396169442, -0.0009866661612099497, 0.00047045715756901445, 0.005685197788465662, 0.00853678934244348
-0.0017487434592975376, -0.0008874170370111549, 8.351309182430497e-05, 0.001333011463835035, 0.0008403905938495329, 0.0005501229501192238, 0.0004455907291255071, 0.001357300705193137, 0.0008208853348993181, -0.0006369686969248653, -0.0011582228276645124, -0.0008849454603092872, -9.679919426719133e-05, -0.0003264389963419979, 0.00030872080297051024
0.007273350660117503, -0.0033615430252224875, 0.0023308123746223985, 0.0027861003564355956, 0.0006313181654293787, -0.0028629370788428926, -0.005465375919657995, -0.0011505850500952007, -0.0045536577397950325, 0.0013828702885745165, -0.0029146423054094185, -0.006093657083742698, 0.0007131819083066193, 0.003407424085357124, 0.007877340363922231
-0.009752026495476313, -0.0058358101091802415, -0.00656583744073783, -0.007170140635812936, -0.002901459442153988, 0.006081777984645036, 0.012744742101479984, 0.014613623673830657, 0.01400206942779886, 0.010934358036726034, 0.004832818804436937, 0.00148331724087377, -0.005353035541593405, -0.011678573937718307, -0.015435823667118343
-0.02530041193017374, -0.004953149495248923, -0.0059150609206955465, 0.01129945069621923, 0.005746202313034432, 0.009976330024809459, 0.01709939738462987, 0.018998327971664546, 0.018890508011396898, 0.001990962008913546, -0.02311176464478122, -0.01125798053556176, -0.024830924762904452, 0.0008360072169519695, 0.010532106661745524
-0.01837994407296666, -0.009351010453509381, 0.0030095113907064697, 0.006539272019236371, 0.010750297400078379, 0.00028842486462919416, 0.009907656203183577, 0.019196349554250466, 0.01422323165473696, -0.0032947367560003265, -0.011243819060623867, -0.017013448294614267, -0.007989975623999586, -0.009768404044672144, 0.013126595219565015
-0.004403639467515251, -0.006220659382066409, -0.005080958886024097, -0.0031573865915534103, -0.0017121069862214664, 0.005827115339100668, 0.008207642723406424, 0.009287352909209234, 0.006390051803559368, 0.006291552761918974, 0.004192096713632743, 0.0002507611422823879, -0.0035667031914737115, -0.007958635219335762, -0.008346483668919713
-0.03199170876808799, -0.009293258615602014, 0.005791146990121755, -0.0243073575876393, 0.01693632770445367, 0.03612412615095631, 0.012155921756390487, -0.005899722883428914, 0.028754326262593676, 0.03509940717851695, -0.004455672375772331, 0.002960166065593577, -0.04861138588879529, -0.025704302315883675, 0.01244198632658302
-0.13288281904889784, -0.019568796017552504, 0.027053911888691783, 0.03752393223093305, 0.04656112827720658, 0.045469089824252594, 0.03374893518064631, 0.019913621990715627, 0.010305417594359422, 0.013756355275167664, 0.008506827711045844, -0.0027507990108632547, -0.017541542419107815, -0.028182419777703156, -0.04191284369889414
-0.060766385723112194, -0.009876593417386286, -0.018063018072572413, 0.03276292612002895, 0.009073834500299674, 0.02715497583420654, 0.039107220292915905, 0.05087030554107101, 0.04819038129499608, -0.0005495024266491719, -0.06414517286776575, -0.023608276551140027, -0.06587704878453506, 0.0041709585152859266, 0.031555395744356805
-0.02061934505211542, 0.0058420021250365365, 0.004960175759646842, 0.004604587386732749, 0.0040051209744103485, 0.003488729469359816, 0.002600289306812954, 0.002111571657834658, 0.001048858276972174, 0.0003391621899206203, -0.0010984933623216866, -0.0009945028161942283, -0.0014538914237512495, -0.002184554159433095, -0.002649710332910935
0.002700418894417511, 0.0038181928517895675, 0.003972861479021921, 0.002740000669538738, -0.0002792788023662931, -0.002074609979616967, -0.0016801042747103527, -0.0019218157659978122, -0.009383759692913938, -0.011239885849122765, -0.0032492060042175574, -0.0006609202283128533, 0.0040686353491940505, 0.0024454070981017027, 0.010744064255194922
0.016654758462794142, -0.0015322556329753162, 0.005621221865349844, 0.003296558976744072, 0.0007250621307667571, -0.0017252112569104922, -0.006486343743427953, -0.0033272344740016002, -0.017428912077931166, -0.007889707646901127, -0.01835891651226569, -0.013989700916589999, 0.004651910006689645, 0.016616524378684914, 0.023172246439973822
0.0067572394331102, -0.0074346476156560625, -0.00012334417104522847, 0.005526788656408508, 0.005080774665397031, -0.002292303245052509, -0.006425719865161373, 0.0034162955961047447, -0.006733443916546925, 0.004052306260917702, -0.0028084492207506055, -0.010332556587040352, -0.0008350244402830952, 0.004089841791479279, 0.00806224265811889
0.00182218172409196, -1.59019784288086e-05, 0.0022027363275867323, 0.0025492818665546206, 0.00010506786835497603, -0.0016426935174128235, -0.0011471934004717208, -0.006077487836010908, -0.005754517297866361, 0.00031479247905814763, 0.0011872631817845926, 0.005132907378371478, -0.0005009142119806023, -0.0005180348982220403, 0.0023425123145908913
0.028483982099561943, 0.002083334116650372, -0.004162704218191981, -0.012364889440142862, -0.011320685748859643, -0.00919742491463047, -0.00447877827427258, 0.00034805712342024476, -0.0028747973864087085, 0.00018762773962572386, -0.0015309610075019445, 0.0014659766673988128, 0.001098489086570778, 0.00532423107505868, 0.0069385430817219765
-1.0508217869849049e-05, 0.00018461088010242178, 0.00014144459630077258, -7.393894439823901e-05, -3.833425930279385e-05, -9.597794626630798e-05, -0.00010461190556824203, -0.0002459840289497962, -0.00013089504973262547, -5.373412350657463e-05, 0.00017686372939256374, 0.0002410649888588616, 0.00013161818759444143, 2.9249054829888e-05, -0.0001508669614845202
-0.00790707980074666, -0.0008615560654801421, 0.00026493921406350564, 0.0009055214263912129, 0.0026676910637900408, 0.0028734017397877604, 0.0030254820115309645, 0.002087258138617303, 0.002129185281771501, 0.0012572669522178859, 5.5603716840354195e-05, 0.0002377085405145436, -0.00016969726171452108, -0.002250441973124699, -0.00431528298445917
-0.0069654258837892205, -0.003247269351374574, -0.0017376557528071036, 0.0003662614939836635, 0.0019141133933589152, 0.002569866547993558, 0.002593177724462371, 0.003503817472610243, 0.005353461046313869, 0.00457860883781837, 0.0032523347772546464, 0.001921905851970439, -0.00014138699677761947, -0.004494713567068573, -0.009467095593949058
0.007894986616710732, 0.0033977828098390966, 0.0008690222332221761, -0.0019377612107516593, -0.004569025330478351, -0.0050771345730146345, -0.0026388626554551924, 0.0015992763902224242, 0.0003430239966956531, -0.003193270755627436, -0.004952372834247142, -0.003368359674385038, -0.0010219227938438205, 0.003353174077536581, 0.009301443703576422
0.005760124564601801, -0.0005778982697488255, 0.011856587877873264, 0.018641023581038706, 0.010478414935303144, -0.0002499397092967106, -0.0033950022244086755, -0.029462850537928558, -0.023082034492661534, -0.016830858048963688, -0.0033016325679297814, -0.015133568457961237, -0.011782473063162222, 0.015224578240527102, 0.04185552817271714
0.013699853157522427, 0.0005363966030103875, 0.009288608995616452, 0.0026387274123578853, -0.00839952247893537, -0.003487003881749244, -0.0039523930732415875, 0.01021151652819418, 0.0031571447264098947, -0.029584985506912524, -0.024648628783132624, -0.01632887601143545, 0.0007775107434668407, 0.01126455994189429, 0.03482709162693454
0.23516524154922852, -0.06893351696855778, -0.05984086836982117, -0.051872272184308545, -0.046198708137718376, -0.036758057861903705, -0.02730954686348233, -0.017065862492384398, -0.008924665308437519, -0.004872751848401302, 0.0048630933369879, 0.008997685524794005, 0.014896125107126219, 0.02492883881221076, 0.03292526570466757
0.6147527084441252, -0.17598676188479412, -0.15682101819244407, -0.13478156641676117, -0.1149435513778923, -0.09371297562360632, -0.0732474133503698, -0.0531228681795021, -0.03382074432037824, -0.012897648239503387, 0.006514082638371633, 0.025827191942258524, 0.04625817793200405, 0.06778955850464168, 0.08819282812385042
0.05408847377410074, 0.04252116620372347, 0.010623512175193403, -0.01038064917827126, -0.02421592100396423, -0.03891721511715079, -0.04407596453383709, -0.056298389648749954, -0.05523442046498296, -0.015508073161082811, 0.04500866292410568, 0.04725574476092008, 0.04175946723302831, 0.019427859428865484, -0.01605425339189816
-0.02212468574821494, -0.0018408108358373906, -0.0104982952268169, -0.003307058274837896, 0.008257110326300101, 0.01359373580967066, 0.010207816832445472, 0.009231844436339124, 0.017731367455930843, 0.012818393797207017, -0.0008378086413673265, -0.00014723436687358627, -0.004064208513184709, -0.013725665207220638, -0.01529450184353989
-0.024200597936597984, -0.02009730417908759, -0.011721179059912752, 0.005523553129207794, 0.013857027210369605, 0.019090735126803232, 0.022127154369259723, 0.023941853702250233, 0.016434820388683193, 0.002595838581333493, -0.006059355986282116, -0.008056053718136568, -0.0160027767871199, -0.006205685941566405, -0.011228028899204111
-0.030833196112119078, -0.012421999102642757, -0.008635062944719803, -0.0008227246648284468, 0.01115750102604294, 0.022552233586265916, 0.0171430993188791, 0.0063196679918098575, 0.024985420806071107, 0.025948485832365236, -0.0017837504897283754, -0.0070373559120104606, -0.006263272737933714, -0.0289874613041907, -0.011321585293260716
-0.0170567544214765, -0.012843671144796657, -0.00605863608403708, -0.0021136058356040995, 0.004952806113815955, 0.010417007682454668, 0.013871280053308885, 0.022535589944812043, 0.014589626869932492, 0.0061412123653191725, 0.000858108327352634, -0.002418332706928261, -0.00670507214836096, -0.011296030275384592, -0.014873528740407805
-1.4037919386492882e-16, -1.5275481332146922e-16, -1.4018981513019533e-16, -1.470587396545912e-16, -1.4129731070873033e-16, -1.1348386936859952e-16, -1.0773055410675971e-16, -1.5807108187286653e-16, -8.740151817890861e-17, -1.0335536145010263e-16, -1.1251397206331192e-16, -1.281477483321474e-16, -1.4154114474583599e-16, -1.6172130348803678e-16, -1.685985645998609e-16
-0.0011067352136529143, -0.0008114568893782372, -0.00033018357328783003, 7.005881733364716e-05, 0.00039843501150344505, 0.0004718738306774079, 0.000755008433303174, 0.0011117043975538046, 0.0009430204307806745, 0.0005089303039706396, 0.00016133092623525237, -0.00016859969608188488, -0.00027023646578274325, -0.0006202501882587409, -0.0011129001249157284
-0.008049146842525246, -0.001982208742913964, 0.004406715620066955, 0.0015701638097888164, 0.00292818691440431, 0.007510873234160203, -0.0052931348057097035, 0.00040473927330824674, 0.0018942921484136962, 0.001885746938895224, -0.0053704249833934365, 0.0002625032932633688, 0.006707488691258837, -0.0025787195279028583, -0.004297075021114459
-0.0009900987264267762, -0.000612472373251387, -0.0005680657566134364, -0.0003385048218121719, 0.00015637845040444116, 0.0008512151335518463, 0.0008953603117833739, 0.0011619248019140629, 0.0009467835766425312, 0.0007813533582185056, 0.00025882861065635443, -0.00018303096958076045, -0.0006823896097798441, -0.0008661222374096054, -0.0008111597482971366
-0.012985882510344101, -0.004091483262211409, 0.0030106025614108764, 0.004555119204308791, 0.009583496993695177, 7.77241936606823e-05, 0.006728186403913349, 0.010858157936697387, 0.011829307326727075, -0.00567256826487443, -0.012605052707231983, -0.016268504784544183, -0.006024551982740662, -0.00894716238679523, 0.01995261127832879
-0.0074450008108365145, -0.004532486254888203, 0.001823339992277253, 0.006042999194034196, 0.00520248053993012, 0.0035843605246763284, 0.0006189590056574155, 0.000949497664296627, 0.002781829368139531, 0.0016438458221253642, -0.0022806460639500257, -0.006645063633284604, -0.008083679114269656, -0.0007680161284359938, 0.007107579894528745
0.008283739855242543, 0.004996206931330358, -0.007050420589508999, -0.017719597157050643, -0.010751516937941817, -0.005847731628931871, -0.005600886817336533, 0.010865171504232256, 0.001973153140500266, 0.006349583840310591, 0.0258073235166284, 0.019529683311892004, 0.012985388899917205, -0.003882744076731527, -0.03993735379255209
-0.02224434002875873, -0.018487820446511424, -0.0016394485403658132, 0.01000638596423487, 0.012439548634200248, 0.014540943296365034, 0.010190515057828184, 0.006385860272884489, 0.008438180313423723, 0.007271110086108318, 0.004967456524337171, -0.0007967755704821333, -0.00558420421346795, -0.013419278567078068, -0.012068132782717901
-0.011126203167681061, 0.005759641222978475, 0.0030786729931184197, 0.006069750461404022, 0.003993356869908741, 0.0048047503117083865, -0.004353430852110077, -0.009232824472197287, -0.004805337761492046, -0.0009085382626477523, 0.0026784171079630424, 0.003609494673413632, 0.0026000037432067948, 9.363201743118288e-05, -0.0022613848850046837
-0.042101447726296905, -0.0038784573576266836, -0.021244004730563842, -0.0161661657149584, 0.017236180180963737, 0.02164256064913012, 0.015454031644816166, 0.03233548007296878, 0.0409539131399933, 0.03206825638314991, 0.003663194504613015, -0.001642082720309643, -0.01469350980621285, -0.030933638873315766, -0.03269430964635124
-0.05617412429101461, -0.010304454837170633, 0.004740131623390289, 0.0203808593920102, 0.020112798841401543, 0.0210246734549414, 0.014971662371523553, 0.011492337410447123, 0.00751261489607407, 0.005832564007373161, 0.0011735529300671479, -0.001472295120570877, -0.006503311331621696, -0.012754303297801145, -0.0200327060490494
0.46254090951623145, -0.1332864263809469, -0.11717619047391377, -0.10431290826965885, -0.08647790773828938, -0.07067255162797456, -0.05586502304212363, -0.038986347473072516, -0.02191778144261564, -0.008142981809669912, 0.006463217759098225, 0.020728301575005815, 0.03307161837511509, 0.049404330253845864, 0.06462974077896867
0.02870345007133924, 0.031332625961227725, 0.043722534924061536, 0.05367464602521442, 0.05605269507663078, -0.05818606798402882, -0.09419129111970599, -0.09353906496080772, -0.06478217233700577, -0.040615454173885006, -0.016992997446755448, 0.0021746696259845686, 0.024016387581188334, 0.05237299155059588, 0.07625704720594607
-3.8341285171843e-05, -2.9555969554676186e-05, 3.7684173937767784e-06, 9.56274363988285e-06, 1.5899712253565787e-05, 2.0699081504244627e-05, 2.8958344718148584e-05, 2.4865639598514e-05, 8.037862182248511e-06, 4.590053288140116e-06, -3.98274141106797e-06, -4.980314528482475e-07, -1.1136065688395285e-05, -1.1900931308516553e-05, -2.0966829990874652e-05
6.036584387686534e-05, 9.396773984308609e-05, 0.00018303184836983172, 0.00016205685864771139, 0.0001873076922931301, 0.00022627292567007132, -0.00035032449356564495, -0.00046836151265257646, -0.00034181473170371765, -0.00021908531509672483, -0.00023100754281584377, -0.00010936836131183192, 0.00011133023678565412, 0.0003016729726657054, 0.0003939558389942845
-0.001400066323051335, -0.0007097250999702607, -2.5078522930753464e-05, 5.140102445784134e-05, 0.000661753552423247, 0.0008016815785547206, 0.0007949993024836153, 0.0006641753043413955, 0.00046802561188629327, 0.0005394790113693094, 0.00016138086133584204, -0.0003889021611724177, -0.0003289226280790991, -0.0006055258868509306, -0.0006846756247974577
-0.0017608633876732534, -0.00030786035487192424, 8.1823789435661e-05, 0.00023599182937840413, 0.0005486918775976039, 0.0009911532096356973, 0.0008423997596388708, 0.000458639002026659, 0.0003927585674736917, 1.59291050027378e-05, -0.0001602489455946726, -4.899950509581907e-05, -0.0002615129818944087, -0.0004056689780254884, -0.0006222329870337459
0.00019943390283637107, -2.593540203027276e-05, -0.00041725128218454477, -0.000640254108301041, -0.0018713982149152894, -0.0014056315812600042, 0.0009566365390108392, 0.0016746270788068622, 0.0010063514826215562, 0.001037361787316329, 0.0009526880822724471, 0.0019137296461239598, 0.000780627219486242, -0.0007540328577763402, -0.003406952292007081
-0.002103090857351922, -0.0015132235174909578, 0.0005266599209967117, 0.0010360249782114346, 0.0010473040907517132, 0.001349836453281131, 0.0013831945666464346, 0.0006438083898816924, 2.5960818265129762e-05, -0.0003168840411119229, -0.0006325669391809374, -0.0006091541911812979, -0.0005633281891122457, 0.00011824167309345007, -0.0003927831556984056
0.0019630508809181718, 0.0006436791587914744, -0.0015173670521977998, -0.0004332167313005582, -0.002593232167989458, -0.0049926654183700386, 0.002598730560659696, 0.003259044733123761, 0.0016532160720011161, 0.0005971959733521316, 0.0001833371489291079, 0.0004619892630496209, 0.000402307368114745, -0.0014428073182419323, -0.0007832624708396152
-0.004241354555304012, -0.0021907095437477893, -0.00019681425229287096, 0.001100690943386522, 0.0017595654863005175, 0.0022615994151617084, 0.002785536257574255, 0.0015758195753135624, 0.0005857588797437023, 0.0013456119562121507, 0.00043556094694025015, -0.0005547251830599875, -0.001054935213266225, -0.0013635290655809016, -0.0022480756473808755
0.0037498344701143767, 0.0005335799660936315, -0.0008386959232140451, -0.0011233192709695064, -0.0011548877917221564, -0.0010743056165429161, -0.0011797775856914538, -0.0006763324135522258, -0.0009693015738227435, -0.00028833909249582825, 0.0004241931289601133, 0.0004263228652804753, 0.001109067791649135, 0.00044044517535503754, 0.0006215158705580991
-0.0017539698351248028, 0.00051592411927067, 0.00013514298039211012, 0.00020861797508962542, -0.00037190679755384027, 0.0003886414089729834, 0.0008934694070587499, 0.0006015616371898717, -0.00017148008062213208, -0.0004579633064946355, -0.00027892331408292534, 0.0005408436455145027, 0.003457737983877557, -0.0013089574032402779, -0.002398738420247339
-0.014737241485880594, 0.0008458936245752126, 0.012638526656145297, 0.003429476870476648, 0.013955255424713993, 0.0006572526888410837, -0.01449500623706041, -0.0218235044458366, -0.003952955987207618, 0.010978923764197656, 0.010109461020341435, 0.01488731661363666, 0.008880256556918438, -0.004842239129361927, -0.016531415934499336
-0.02332841066512555, -0.009627341750687609, -0.01662396283738279, -0.012434961263511944, 0.00726221708242825, 0.027134502163718648, 0.01885040601861068, 0.009789216861873175, 0.03197647436927561, 0.030198335932526094, -0.00490881638481267, -0.010897265323114073, -0.005310401849448949, -0.02803779713261952, -0.0140421952217293
0.0017327989012173837, 0.0011486103750839036, -0.0012006997230391326, -0.0018722882844888974, 0.00023084755140169214, -0.0006329049620134477, 0.001673584533755463, 0.005087238811709725, 0.003824426106989425, -0.002386368379449134, -0.006412409399261331, -0.004726574438258509, -0.011916722868249165, 0.0028488614084358943, 0.01260160036616639
-0.001499117741119369, -0.003740820084114173, -0.0012025050441783695, 0.0005534858989365657, 0.005837437345294818, 0.006452225076345319, 0.0010917378238754973, -0.003991891155723711, 0.0021403474289083705, 0.006083223278433733, -0.005952960170875344, -0.006277596789479537, -0.011336919448745889, 0.002785230453816236, 0.009058123128626416
-0.05440207311190037, -0.023088108406936023, -0.0010234120925041268, 0.018510255614105353, 0.021532918095584056, -0.004940349630641178, 0.027717334192525547, 0.05222725377731239, 0.03824921949709657, 0.0036184861363895756, -0.009081362851342974, -0.0324608562687073, -0.0009394134390470534, 0.00024618137526377187, -0.03616607288719824
-0.004289826323770236, 0.012583142039363872, 0.0015757481605470913, 0.010331486680771319, -0.0018807280351516977, 0.0030136411752208162, -0.007375054240182011, -0.016950765993832925, -0.010275208839119284, -0.0013302896513133385, 0.00035226064710048514, -0.004735656723556211, 0.0046632992531433414, 0.005035726626082773, 0.0092822252246961
-0.013932269257332795, -0.010254637423196235, 0.00631114251563234, 0.0066466865371297736, 0.010017353978903024, 0.0008062265678160867, 0.010532389213538586, 0.027002260860084344, 0.018449512883519197, -0.018955609086843538, -0.02951056760774592, -0.023751689617547016, -0.0138338447359376, -0.00014372773147495557, 0.030616772903454974
-0.004004861776166336, -0.00278264999902802, 0.0009696514839573491, -0.002565625137476954, -0.0028561628702995587, -0.0013971288459428202, 0.0009357995970096619, -0.0069998992376375324, 0.0017215918731389738, 0.012580914532848052, 0.01646187424020866, 0.015341953078854557, 0.005153927678079191, -0.0039380756943142815, -0.02862130892323113
0.04017998282863726, 0.039299845156084506, 0.013844602705012964, 0.001554609287031232, -0.02227764656625488, -0.025857927051998707, -0.03581435059225338, -0.045399236877710164, -0.027260385914883802, -0.015424233995126086, -0.0035964661096635547, 0.004805838429050102, 0.009757468158156254, 0.02429048906513894, 0.04189741147877911
1.6408443231592388e-16, 1.3081855860013333e-16, 1.1782088784998359e-16, 7.213133276947679e-17, 5.261569366473772e-17, 6.006480035569695e-17, 5.839385347810164e-17, 6.100869401174315e-17, 7.875134368147652e-17, 7.968248201784643e-17, 1.0256552551712872e-16, 1.0598395119037713e-16, 1.0779520658441174e-16, 1.1171108972503585e-16, 1.3549976092133545e-16
0.0005769634272381446, 0.00027249751475332223, 2.938878022019894e-05, -0.00010090918197495418, -0.00038059827656546525, -0.00023458093571631234, -0.00035641058655244766, -0.0004113638943586742, -0.0002626144190192828, 4.709378309441636e-05, 0.00015872405524266028, 0.0002739814200194463, 0.00018787207320727613, 0.00029305607718715286, -9.30998367754227e-05
0.02817010163471607, 0.01476604951606955, 0.0020148304487114586, -0.003235436203932455, -0.00889329792948077, -0.011736809119528709, -0.014178161311346586, -0.015823002015728248, -0.015815049245223464, -0.01162980786518482, -0.0069053980046652075, -0.0004833316721084741, 0.005951591998086948, 0.014030070071306187, 0.02376764969830889
-0.00046490168580959335, -0.0003155805223684982, -0.000261348501654835, -0.0002234718366621639, -0.00014177520170242466, 7.958961032440679e-05, 0.0004978827738197964, 0.000800244452113991, 0.0006909527501652764, 0.0005557120440809714, 0.00024215521890491476, 0.00013235997176838245, -0.000204953601464545, -0.0005578555253779591, -0.0008290099461378094
-0.0006309060334556182, -0.0005117068563485411, -0.0023209150538270515, 0.001832669336721119, -0.00336427173937692, -0.0033902874102316434, 0.0026957622936200055, 0.004284216174844392, 0.004612340403417074, 0.004548497318021248, -0.0029286639679851423, -0.00018599409317594998, -0.0006791710664042292, -0.001009364670446331, -0.00295220463537238
-0.002167167743946665, -0.0015291376449638394, -0.00144071681015408, 0.001178310886387915, -0.0009067437480155091, 0.0028825351360936904, 0.0016692746331487933, 0.0020534339558703884, 0.0018071918383848584, 0.0018888660170403517, -0.0016426134438662383, -0.00038389615008115134, -0.0008174162009414413, -0.0009878002175259385, -0.0016041205074311712
0.0040028334618493035, 0.0036088465856428794, 0.0009760068021636099, -0.0002766713533608173, -0.002968305141381114, -0.005875167197997329, -0.00764686545284272, 0.0009772363718309213, 0.004109306859125149, 0.0025387708416342073, -0.0013451417498804982, -0.002639127479728508, 0.0009837449229827414, -0.000748781372711155, 0.004303313902673082
-0.01124518531619092, -0.004174545225221479, -0.00918237125437778, -0.00877099431039674, 0.002529669573092478, 0.014481045900898278, 0.010754220276216711, 0.006450543483831839, 0.01791354179662225, 0.01565220291763941, -0.0031677056554133653, -0.007121391815291001, -0.002938845070815204, -0.014272177772889612, -0.006908007527704815
-0.00823015404917302, -0.0025524231034593156, 0.004465923341039368, 0.0010513990306211334, 0.0019523122113632551, 0.007238920300937392, -0.0038079943851927265, 0.0015765190998884787, 0.0025826109502329066, 0.0018219788898254847, -0.005127397750052485, 0.0008587436122906064, 0.007398558192541879, -0.00346721220792915, -0.0057617841329338955
-0.0007157478761606512, 0.0063258676786883145, 0.0005266335377353921, 0.010178878567715106, -0.0023789254730024615, 0.0017589758392677214, -0.006822115757088715, -0.01121311463393023, -0.011981998899596832, -0.0002197927075066512, 0.004346847459902508, -0.0009445204198597337, 0.00180461562920503, 0.005352021513120761, 0.003982375541510543
-0.0106170146223603, -0.0015466839879924247, 0.006071273285632551, 0.0033151339359957484, 0.003421273906063483, 0.009348261212170956, -0.006775109144597302, -0.00044688476129634247, 0.0002069354678871469, 0.0002990084374102307, -0.006587279796278477, 0.0015098446444203185, 0.009778248695078864, -0.0020682467835972827, -0.005908760488537143
-0.0012086305460172928, -0.0008392934201981252, -0.003789609775845531, 0.0026570864420075975, -0.004582091489321917, -0.004482339805433084, 0.004279551361344121, 0.0058562960587655345, 0.00741715124156048, 0.007217326352057478, -0.004375560504126826, 7.916977745880735e-05, -0.003211177003487923, -0.0018919541236576988, -0.0031259245651056125
0.002244811440863434, -0.0058872461987228486, 0.0014737550438394956, 0.004028422959897438, 0.004569399321186313, 0.00016833204241472512, -0.0031759831267100477, 0.002338165633818599, -0.0028557246742586854, 0.0022057354884274876, -0.006093598129886648, -0.008153242936603395, -0.0012307902966489908, 0.0023422238357871153, 0.00802573959659604
-0.006848849747230893, -0.0052604312501489114, -0.005491980702648303, -0.0030506729095861416, 0.0017071095783047165, 0.010522435785458552, 0.006068340702546331, 0.007645948270342964, 0.011688808049522584, 0.005522979468844652, -0.004076833865362352, -0.005978380236705869, -0.0032396853610681987, -0.0071366069622066115, -0.0020721808200627125
0.008478423389104747, 0.0016260002120257004, 0.021265399521156535, 0.01711565135879733, -0.014611671157083093, 0.00820327880106444, 0.00010978405209974285, 0.002172982495944939, -0.018994813474207322, -0.03266545189585643, -0.04490092161094596, -0.018367090237689995, -0.01726737864332598, 0.019441017836418665, 0.06839478935249642
-0.007193925643274309, -0.010959816958802899, -0.002258701003454809, -0.0007865492190307102, 0.0046690860229928015, 0.005580550691862616, 0.004440773544378017, 0.01769387216728538, 0.016904836587087288, -0.0012125231922853327, -0.002722545070194716, -0.0074157339047646155, -0.02525796014187833, 0.01093682165608411, -0.002418185536005698
-0.0038810226854275745, -0.003444583261664437, -0.001965861562525394, -0.0007508605073861054, 0.0005300844388434417, 0.0029747774879599433, 0.0031960080414998905, 0.004149430880060017, 0.004873662896131675, 0.0038524464624792205, 0.0016765390495330527, 0.0001324119326169728, -0.004597927190525138, -0.0021359652474374807, -0.004609140734158226
-0.02184587579267626, -0.013475704007024672, 0.0006213666245690916, 0.006352674371115817, 0.013920662652696732, 0.002250272094912497, 0.01289851748388171, 0.022557189562923095, 0.01607594207946644, 0.0010107886930459974, -0.007639157099278465, -0.02110729423798868, -0.004513690072009596, -0.015460651267937622, 0.008354958914304097
-0.01677308455903966, -0.00785850978058598, 0.0012868490145810276, 0.00643504426468996, 0.0091745433182107, 0.00077122100511876, 0.012636513645334154, 0.014851738513466165, 0.009855689319003491, -0.003231610779817445, -0.00907156352238051, -0.01379482025303345, -0.004655404622853495, -0.008979123018105595, 0.00935251745541184
0.013709807973807808, 0.012379919719476055, 0.0028276496566464145, -0.005206842404690833, 0.002823743822247825, -0.009995207216649737, -0.008798595535046387, -0.012327856686493532, -0.0009628448806267891, -0.014114914765028226, -0.014552713473686552, -0.0036404097677670082, 0.014141484922613438, 0.0060711468602569, 0.017645631774939944
0.012588538582207943, 0.003209840923689823, -0.002053810914512109, -0.004499539480096084, -0.006556157703548591, -0.007797511963183741, -0.004054698027562627, 0.001613279388777925, -0.00017015309851071685, -0.0008235231814622707, 0.0013985877156937638, 0.0033847715397902507, -0.00011927918738449886, 0.0026854336905140505, 0.001194221715586402
-0.0030192351235123526, -0.0023332971092921984, -0.00025491397442197773, 0.0016041086046843912, 0.002092548988647539, 0.0026720010956823746, 0.004219940024001841, 0.003352212722211957, 0.0012933935991350314, -0.0019773338548364694, -0.004291735981102138, -0.004614821652960125, -0.006196901207307517, 0.001348937173670334, 0.00610509669539965
-0.05472219772215467, -0.022318811196536083, 0.006658944750550856, 0.015401898540035637, 0.027051147048386855, 0.004640442803491054, 0.034330793073909245, 0.0543483634634988, 0.033614577481390295, -0.010884740575204938, -0.03286430450399396, -0.038105697499674324, -0.017208133045904832, -0.02750643723842903, 0.02756415462063514
0.042012641265484936, 0.01784786493115317, 0.0062840248869716975, -0.0071204514379354725, -0.030284345817917044, -0.03328408859788113, -0.012441858536289534, -0.008112369530243161, -0.0022246864409921187, 0.004547037820048544, -0.003283503445357504, -0.013233239754290489, -0.013887093426834937, 0.012660005357650184, 0.04052006272643295
0.00994427347782153, 0.006608471690581593, -0.006349626424829783, -0.022567170880074407, -0.019470677654515905, -0.007124462102300235, -0.007052370758971811, 0.004468209232446487, 0.0030259167547996456, 0.019087733171002402, 0.03800991234534347, 0.029511810861695676, 0.01964402629004784, -0.010184427908142486, -0.057551618094903986
0.013355672060215278, 0.010218653019229496, 0.0024694434542275683, -0.0007320420987476764, -0.007192974369112062, -0.008831634989688196, -0.012414023198592125, -0.012495803877917395, -0.007551861816617701, -0.0010731433029115066, 0.0037197172772154776, 0.00296592763274815, 0.009252749664074661, 0.0051892509539744796, 0.0031200695919011276
-0.008954575864325546, -0.007503424667886414, 0.006055857513024881, 0.006600304102437047, 0.01201523611119408, 0.008339028886490367, 0.004209413792714433, -0.000814028614146859, -0.0033264186131043037, -0.009384700547108682, -0.013824456781893455, -0.00913054122167118, 0.0007804423271809388, 0.002464796919325999, 0.012473066657768365
-0.09972385618789081, 0.027744967778788904, 0.026561866682041305, 0.023744899793616835, 0.020151128753351448, 0.013090799899765204, 0.011784849047252022, 0.007967423323568448, 0.004075696335417362, 0.0028623303374997293, -0.0013680467414195967, -0.006447443676388329, -0.009506324213119671, -0.008804797961380385, -0.01213349317110223
0.020638262835926645, 0.01666207277492943, 0.011288316604489616, 0.004033527266557618, -0.0034896164751953137, -0.009798311609649044, -0.024788271691520352, -0.026115417924008476, -0.021626908313120367, -0.009989046264335241, -0.0037625269428279134, -0.001508471536249512, 0.0013409588381821233, 0.015424129180046313, 0.0316913032567745
0.018531186011867106, 0.010346469109833315, -0.001720782516677715, 0.003108329035026167, -0.0021549477981107927, -0.003804762538693051, -0.00543970318824143, -0.010234132452141236, -0.013309510592593558, -0.014016656009393424, -0.014505129084008944, -0.007376659403210014, -0.0099852095620883, 0.013527218993509959, 0.0370342899949221
0.042796508548544394, 0.043144417685554805, -0.00552439278893888, -0.021384937382491722, -0.024875206118283043, -0.029856550307023152, -0.01743536455873895, -0.012908661341109422, -0.01279752787900754, -0.011795485425965743, -0.005376622948573379, 0.003470709472221049, 0.00927638232685635, 0.017107228014348875, 0.02615950270260626
0.033422458205852004, 0.018347220150485927, -0.002570253265227346, -0.012889460849647134, -0.01915646518210546, -0.019955415711876617, -0.025401247391369806, -0.018874517450044263, -0.003174928739866418, 0.0068193421169433594, 0.021435617367023235, 0.017139625859935715, 0.00949742709496018, 0.0014904868164763246, -0.006129889021539557
0.041875048725615524, -0.0035509847901375913, 0.002514927381374174, -0.004103915503852107, -0.018778109803594286, -0.018601348003269583, -0.017971504711075375, -0.018449700564523126, -0.012995663834483747, 0.0017468248373288826, 0.014532227207844653, 0.018017409232272064, 0.029820992896434924, 0.0004059702838831757, -0.01446217335381735
-0.674500445125191, 0.1948372002725527, 0.16863602157629418, 0.14464677853140429, 0.1314983385885402, 0.10126357963690336, 0.08287358221294566, 0.05695973898561438, 0.0339766643740088, 0.01781126671098569, -0.006130131078745219, -0.025572817583774558, -0.05450560212771244, -0.0753527662491388, -0.09644140872468743
0.4205360494743107, -0.12024853797142605, -0.10502241440754304, -0.0948332227075596, -0.08007388176512722, -0.06663947859639402, -0.050038475653277036, -0.0336908398995052, -0.01951367208900374, -0.006779351192740538, 0.0030653047154011173, 0.015642335395771617, 0.02982178566293329, 0.04794552532637245, 0.059828873707787444
-0.1315645214322922, -0.08297355524162275, -0.03712127648703946, 0.043543795925378694, 0.06938764709758043, 0.0805239707937607, 0.06787685730893989, 0.0659787661184945, 0.0629767676684293, 0.04180105219069033, 0.008587326854257608, -0.012276317167279435, -0.03231931707945536, -0.056172937282445635, -0.08824825926739661
-0.0003348702001843173, 9.998649474082333e-05, 7.57582113987242e-05, 6.265944262971222e-05, 5.934132998122984e-05, 6.737174507373601e-05, 4.436754296903572e-05, 3.240455018461637e-05, 2.070993357203852e-05, 8.218042348053935e-06, -4.142973452426491e-06, -1.4316184640534704e-05, -2.682404160136294e-05, -4.370651751963397e-05, -4.695737549952284e-05
-0.006698957151110395, -0.008187389809387467, -0.009206523581753594, -0.008402529181541007, -0.00597865445026961, 0.006786365352688477, 0.014853678381913394, 0.021684438341313353, 0.01564349840887983, 0.0072910575842875, 0.005878908977051546, -0.0004899560751614987, -0.0046449827604048595, -0.011855748037050255, -0.016673205999455105
0.0007511455595342674, -0.00019221392310807077, -0.00010792261874053725, -9.302658866710389e-05, -0.00019089281988726183, -0.00018524467850925707, -0.00016058471247010922, -9.724318769077162e-05, -4.304302215213424e-05, -8.189412691755684e-05, -1.5304650221433317e-05, 0.00012049521395769981, 7.468680657343673e-05, 6.070549956837048e-05, 0.00016033724873046876
0.024501951394618617, 0.014279101189068166, -0.0013691214390829723, -0.033991472571905754, -0.02993622249557243, -0.011152924183176212, -0.016500200308553675, -0.004873359204371694, -0.0017991957366137942, 0.016728363969309178, 0.04687943802900769, 0.04215250312676593, 0.025639138677395534, -0.010566504197225539, -0.0599914962496625
-0.0006020921490356081, -0.00027371625859519985, 5.107721737536621e-05, 0.00021102341415356275, 0.00028285163998812573, 0.00025540426456531246, 0.00019247206608525615, 8.147397240261229e-05, 0.00011475527806985175, 0.00013644773385023683, 0.00017212478296602782, 3.933740496145221e-05, -3.592549241809628e-05, -0.0002892625320094456, -0.0003359713423594546
0.003950206256233303, -0.00413686261965613, 0.0018032776139522977, 0.004278238307098406, 0.0031974880481912965, -0.0027231446135199816, -0.006289135227318117, 0.000601382336660343, -0.004496987514345102, 0.0035390099586121576, -0.0014257797199103903, -0.006147153090532265, -0.000255115370704502, 0.002354884410099685, 0.005749691225138999
-0.011795994184786432, -0.00494176280303078, -0.0064291229171411415, -0.007082614604017889, 0.0027395207147821784, 0.01366653799053499, 0.010368583109771432, 0.005219570598708194, 0.016577224073993462, 0.014222661161287632, -0.003731883218088464, -0.007291329011127936, -0.002612474625811906, -0.01398481854850406, -0.004924097736569537
-0.009232862120143365, -0.006736491789213334, -0.004906619569411139, -0.001094892705523296, 0.005658255219534256, 0.01007014873094462, 0.00749073327814623, 0.005596500315636951, 0.008000745757927127, 0.00435029559070341, -0.0008593587602857273, -0.0035715515393947247, -0.003867017623039192, -0.006427369268676609, -0.004470515517205208
0.004778433242931458, 0.0003396561078103104, 0.0008675903289304767, -0.0010272374835464649, 0.0010497489559551797, -0.0025120113483481712, -0.0021781862565683845, -0.0034816679372217454, -0.0020867644016124647, -0.0018427443062505413, -0.0008925103068293679, 0.0006857310611133463, 0.002111549492673742, 0.002506768757509329, 0.001681644093453285
-0.027505526475324886, 0.007950185398711888, 0.0067813191346921394, 0.006598642114273506, 0.005375005222200043, 0.004367482365659918, 0.0024607741607027044, 0.0022945953154358562, 0.0014386036575990031, 0.0004643527983697916, -0.0003269046834762498, -0.0012290382195849947, -0.002084712208849087, -0.002830914535717465, -0.0037538640446921558
-0.0036971963334071533, -0.004661616078910514, -0.0070585467641236296, -0.005752350872365853, 0.006847761462433281, 0.005051858037627114, 0.0009872962521168514, 0.005881736379643768, 0.003668172835910473, 0.008214494578916098, 0.006705459909766251, 0.003539140758180397, -0.00038175016671064543, -0.0024319546686015184, -0.016912505330474926
-0.016136504350831596, -0.009320318235460964, -0.00023729416983660212, 0.0013494297659530363, 0.009590693660007539, 0.002978061963989427, 0.009543221651119344, 0.018331624291436387, 0.018284565364530762, 0.004512183511054216, -0.008740342772140412, -0.01845927757863522, -0.010173074727356853, -0.01388059340307736, 0.012357625029247733
-0.00624755429223468, -0.005057325984660195, 0.0024812030069576675, 0.0014139962633085276, 0.001120509980425765, -0.006205402232441303, 0.003795771559472077, 0.010312288715196061, 0.013910126425574387, 0.004211875080122789, 0.0020593665213535567, -0.012721337988068388, -0.012066980284334727, -0.00048569578905488303, 0.003479159018383014
-0.01688449098440311, -0.004596646290232183, 0.00340728418395541, 0.0045425734934446595, 0.00803547422496288, 0.0009656409803643681, 0.007842154393707992, 0.010313258393981107, 0.013652372566109523, -0.0018610179941642557, -0.010226248792943274, -0.008704861851401225, -0.005015499696256611, -0.014250563368478835, 0.012780570741353647
0.004918127575558781, -0.008277052133256902, -0.0016081372622703729, 0.00443793114202788, 0.006848298426927945, -0.0013230798515695957, -0.003283059073623881, 0.0017255274614699188, -0.006415596559908893, 0.004267915368512639, 0.0006331240050752081, -0.005761106296883757, -0.0012731752355857554, 0.001289986871414999, 0.003820295562111775
0.015151382210647012, -0.004414159973234822, -0.003450095110718144, -0.0027452354411344887, -0.0036819236393041983, -0.0030788918363630667, -0.0027198950209008123, -0.0014103716979530774, -0.0006169348884391859, 0.001327543660062901, 0.0016463208729827483, 0.0005162384681746791, 0.00042451137414215137, 0.0011053542428606945, 0.0019461567791776296
0.0036154671653174323, 0.00114568348331122, -0.001578186423015491, -0.002663389387556249, -0.0023092487327956157, -0.0017520809923255215, -0.0003296530209012569, 0.000671955053251993, 0.001216478007908214, 0.0007655026894176512, 0.0010831945322699369, 0.0011303369944064788, 0.00024484004157515615, 0.0001799991051601342, -0.001420898516024025
-0.0024886632111133927, 0.00010194068077750042, 0.0005336743538955671, 0.0014841396891584922, 0.000517419467578788, 0.00023956273923976383, -0.0008788500474310281, -0.002045101681060915, -9.470371087678156e-05, 0.0017984474784135834, 0.0022420387555323155, 0.0017412520650214756, 0.0014751403177824074, -0.0007635268836465765, -0.0038627700132711318
-0.0037954985253343095, 0.000475408351281628, -0.00010963900056025364, 0.0008792956603002194, 0.0009067574325626732, 0.0008936288405664821, 0.0014149146206002938, 0.0006460710979259306, 0.0007818989303860443, 0.0012154395358858648, 0.00012583819870645865, -0.0005768932959637728, -0.001647607485853195, -0.0005980112065424995, -0.0006116031539615159
-0.01643910579041563, -0.004474187522494266, -0.004630146205327161, -0.004642823269912276, 0.006202544640000793, 0.012400783435613627, 0.009705500215086961, 0.0037312128636732503, 0.01546599372610633, 0.01488624395434021, -0.003675974326795832, -0.004719235873562403, -0.0024303633800478834, -0.015955110236104336, -0.005425332230161092
-0.014926266247811348, -0.01425653455234467, -0.008755194658127564, 0.00037165347223595976, 0.010296933238345856, 0.0052084681375416005, 0.004580412156383787, 0.012139339920752624, 0.016028277372526097, 0.018737651923336478, 0.006412908674938621, 0.004107466779976306, 0.0029042701452619514, -0.009827897146943364, -0.03302148921607238
-0.021586752681125893, -0.007181445486817869, 0.0025109984142557325, -0.01872709563062842, 0.012896249593286616, 0.024915048806608917, 0.01134287145894773, -0.004055778510518259, 0.024023216221407906, 0.026755415746592577, -0.0020384145124746535, -0.005711248462416923, -0.04053995431590354, -0.01566012145251684, 0.013057010811302752
-0.05042772635889767, -0.01753698789610291, 0.06044321834729753, 0.030541365534123878, 0.025660035401179088, 0.015124704626895198, -0.010119282142721559, -0.015406840788278486, -0.020180267473696622, -0.027909019644762237, -0.022525968998964384, -0.009329654048630644, 0.014479185530368211, 0.01853598778384937, 0.008651250128341084
-0.008845191290617378, -0.002676284215229233, -0.002180250973261091, 0.0018259879888467005, 0.0048550951636299605, 0.0059831332517989114, 0.0055651259536028015, 0.008449294870851224, 0.0036252984190423333, -0.003461181678967931, -0.00654430928272355, -0.007417112330406581, 0.0004995480133145581, 0.0016198900172423134, -0.001299043907123053
-0.02053120073810179, -0.016899686544585853, -0.003271576417875759, 0.005024303457156587, 0.007848659475816377, 0.011468853729320546, 0.012178724401072715, 0.008090382948624816, 0.01576667809740715, 0.011704703742381856, 0.005338361365621276, 0.0017985625949574853, -0.003976629599427819, -0.016563901117031644, -0.01797623539533611
0.007404408762703088, 0.006971102333522862, 0.0015905444753661815, 0.001989459130153833, -0.005357853844972903, -0.0052413146345337246, -0.007855252672636221, -0.002762757857127837, -0.0003573478551877306, -0.0025944063722028194, -0.00850863819348944, -0.004568054680776647, 0.0040020617116432716, 0.002525771776928566, 0.012762277920609029
0.001207073820037824, -0.0005009853671120571, 0.0014978198209494443, 0.0024685982158198505, 0.0008150565834211068, 0.0015645985940680599, 0.0005426621208355713, -0.003150444944331938, -0.0033770032755197034, -0.003229173155413434, -0.004511583135743775, -0.0030887780406454075, 0.0015681252939547014, 0.0005495240365171305, 0.007644509433162477
0.006751793132066441, 0.005183057179097823, -0.002881430144532686, -0.0038466041092956866, -0.005574490479779987, -0.006392507874041524, -0.0024411617155430257, 0.0025503847389785417, 0.002288962807693299, -0.00059959717459295, 0.002506894491179535, 0.0008378561066992615, 0.002194073721610926, 0.0022739512738798933, -0.002851181953419599
0.004320307184534786, 0.0029226592478442323, -0.00362491806995259, -0.010451754660278072, -0.00623180718613018, -0.0035106013709437466, -0.0027112485959827105, 0.005177300175483634, 0.002636647912375157, 0.003929673200054613, 0.014451545270080836, 0.011192268560451274, 0.007492318660895152, -0.0024840585216938382, -0.02310833180673883
0.012967351998590398, 0.005669165680424792, 0.0025168562994445126, -0.0030140857748041125, -0.0037723824435407435, -0.00844193985506229, -0.012151792831877985, -0.007865181968405443, -0.001657875360660384, 0.0012576147103658102, 0.002039659943248125, -0.00014537936350744003, 0.0021798306481642833, 0.005259501301888119, 0.005158657015732386
-0.0010146064365368001, 0.0018105891823700785, -0.007428643329719877, -0.008424419919464934, -0.00598131469844268, -0.004122800182395494, 0.01336097069160568, 0.010431415710644005, 0.005713818072331478, 0.008463171142722175, 0.0030015238543315004, 0.002519141638722711, -0.001020444934345084, -0.004631551682313282, -0.012676849109509392
-0.0333403384530782, -0.015201397865582703, 0.0008146492031717225, 0.02205000287616459, 0.004389109328808611, 0.028639119101389603, 0.028705072377094902, 0.02150314763334643, -0.008215638929293924, -0.01606177379814551, -0.011993024929398846, -0.016881964288139446, -0.017804837986147664, -0.005918318010177222, 0.019316193739987747
-0.024394518016863705, -0.005927305736161639, -0.004554608835126536, 0.008948549144531104, 0.009828928367594044, 0.009435573916284818, 0.016122025472914414, 0.020274286306089576, 0.011040866798027684, -0.0047109210184160515, -0.009527681392494138, -0.01629814638236521, -0.016018829251191753, -0.002953937087206737, 0.008735717714384113
-0.0015204638634406095, 0.00045996061815250323, 0.0021521779596051036, 0.00304276793658422, 0.0028789775188812813, 1.7214454814920848e-05, -0.004587520010835861, -0.011046562047659327, -0.003879125637869874, 0.00402791254698413, 0.006988523456087024, 0.004235981733303462, 0.001999390325021346, -0.00043381620934937254, -0.004335418780278992
0.016249373619703952, 0.0065293715926059755, 0.0004308941737372141, -0.004394592979915077, -0.005811385722245448, -0.008237558756184541, -0.006916372198339003, -0.006589870519978169, -0.005132062982787029, -0.0021972716504153112, -0.002045245391552932, 0.00047966091673204946, 0.004061983231668889, 0.004905457070638809, 0.00866761959633083
-0.05059812132199885, -0.02274464342280199, 0.008371898921586927, 0.012953469399501354, 0.026635242136110925, 0.004059135504291302, 0.031985378169419196, 0.05702183977200456, 0.03662493569521834, -0.01066853193524899, -0.03599155926934852, -0.052101967230127805, -0.02021410442007962, -0.022524038995392348, 0.03719106699686556
-0.026463516826459754, -0.020117778804252036, -0.002536372419534355, 0.003392800572567504, 0.009712496320909167, 0.01356312026042803, 0.014630371413738815, 0.014075290759837461, 0.011939835395475332, 0.014201641701333135, 0.011806486511172744, 0.0070078266100471465, -0.0022046912482581596, -0.01611429367766795, -0.032893216569337136
0.0371786570254615, -0.009120263844417012, -0.008930507772507219, -0.010351717246026185, -0.006161746883815741, -0.0038161279556059064, -0.004572518765552209, -0.006478396099064296, -0.0027646949680597476, -0.0015323760225410903, 0.003549372316619448, 0.0012809268274832312, -0.00035419912800363756, 0.003906936281956227, 0.008166656234072537
0.006904177095032938, 0.004484614833730605, -0.006561015343583275, -0.0059190986444590445, -0.009084727447217746, -0.007746104533018076, -0.001470261492309141, 0.0010657956730657507, 0.0069891301125793144, 0.014266558580105799, 0.013928850892022872, 0.003623923787905467, -0.011100216342746522, -0.003906781282874105, -0.00547484588823439
-0.06362051896014184, -0.027817999146199944, -0.001576419123748965, 0.008070369345840435, 0.02483348031258677, 0.011192358953021954, 0.04140419777878942, 0.05936718210396614, 0.046046954144644645, -0.001831595928122055, -0.016498162844415493, -0.0261461401099422, -0.014884326879172863, -0.006329689399237438, -0.032209690247868364
-0.0020864234778094695, -0.002138657623256615, 0.0019030648777306203, 0.002300428623416211, 0.0005731234009946819, 0.006581240814817856, 0.009907677375726696, 0.003565113759628624, 0.0022241914485309384, -0.005944242252754844, -0.01907475680711637, -0.010978336000986195, -0.016551866223047225, -0.0015948020150949246, 0.03131424409921954
0.03127769865672051, 0.015692686899298716, -0.007571960341684981, -0.01684498868683274, -0.020719774542636377, -0.021583890071871253, -0.009045950319473608, 0.006137428981367377, 0.004954640569881269, 0.0014399854970716594, 0.0012780422431764252, -0.0016214155287915108, 0.01055795331332744, 0.006832444612203403, -0.0007829012817557896
-0.05042301507319927, 0.0009347902394390398, 0.024880645114352114, 0.01308889176222589, 0.011613479432214921, 0.02416678683401559, -0.027620151635297047, 0.004095419891999415, 0.01746303225247816, 0.004703361798327905, -0.02090215715461536, 0.01023176690423428, 0.02895569090329305, -0.023411271241874018, -0.017777270027594848
0.05420277657441158, -0.03903106440829408, -0.030445914337437447, -0.020488264433625978, -0.008683097759340128, -0.0011936970499591137, 0.004003310143066888, 0.02383212384623154, 0.020960571006118103, 0.020286104889602037, 0.021616922977429544, -0.011512024513451525, -0.015638757939343682, -0.009838303915323142, -0.008070685080084785
0.07307193428899214, 0.06531076824917827, -0.06108125564192322, -0.05474169781602989, -0.058491115986492745, -0.04906563334169875, -0.012845939204734785, 0.012893642570180764, 0.030418127856749192, 0.028214790848527693, 0.033935415825725554, 0.017881223216285155, -0.0010021673545854252, -0.008863167644689404, -0.015634925865484265
-0.006202418424437498, 0.00620598865555885, 0.012367089166844194, 0.004495716938201815, 0.008214314606793467, -0.007914523577107226, -0.016982693185116627, -0.02342924552450455, -0.005357895410436427, 0.006921100336487727, 0.008289719144916484, 0.01538228823634045, 0.009342517524223602, -0.0031970261809484697, -0.008134932306815628
-0.010062200063329484, -0.003923340012610957, -0.005331616310553507, -0.006350492031862054, 0.0010975364361839842, 0.011545830038098519, 0.009101118448659214, 0.004401129451254804, 0.014962437996225656, 0.013902822543742055, -0.002993112476695377, -0.007724467129672271, -0.002220423782970804, -0.01249770115942661, -0.003907521947042946