
0.00923227698616974, 0.0006295488951377628, -0.002190228744897925, -0.0032477962819931526, -0.003119472329578257, -0.0028253671083820074, -0.0016288376177200467, -0.0007238193585742049, 1.0887485830327876e-06, 2.5758966901373596e-05, -0.0005861756471234232, -0.00010147586573571882, 9.745397691744138e-05, 0.0016118492263936996, 0.002825196153901662
2.692192814935034e-06, 1.1841721772949038e-06, 1.5929934307456895e-07, -9.460054302140681e-08, -1.619076127182142e-07, -8.817544106062935e-07, -1.8813706887391973e-06, -1.929997309325837e-06, -9.587076369662092e-07, -7.688613861410681e-07, -1.1641295291286402e-06, -1.1508256669211411e-06, 1.5183768679054224e-07, 1.5617611363316342e-06, 3.242891625128612e-06
-0.05920939723377902, -0.029654460186492433, 0.004882007004834263, 0.024991377904879222, 0.035422516343833324, 0.002791063569471085, 0.028559300772861878, 0.04820919829117009, 0.03361666290957822, -0.009637953405019786, -0.026819594378547897, -0.040513806450808626, -0.004089154431434306, 0.01915466819808249, -0.027702428908628472
-8.174944642725562e-06, -1.8268900726645384e-06, -6.619771543925517e-07, 2.1097413438097324e-07, 4.75389411412186e-06, 2.4288021253418192e-06, 3.310475869169023e-06, 3.3982619496365754e-06, 2.3872208519749266e-06, 2.56495304905345e-06, -4.795280000889372e-07, 7.736983445369674e-07, -7.228780103719393e-07, -1.9533119225739104e-06, -6.008750635423479e-06
-0.03408852086921649, -0.014305698756807912, 0.0025330058125115525, 0.010448077086074358, 0.01159767494752092, 0.014575973828915574, 0.016149044732928643, 0.012459095471473496, 0.008477305237335362, 0.00663328911198233, 0.0020163479787756737, -0.003284024344999268, -0.008691567005736313, -0.01053854364117328, -0.013981459589584848
-0.015863129889938828, -0.024696123003813915, -0.0007056930599007378, 0.0025543128893865245, 0.011178365707978671, 0.019450263043830334, 0.00949003642533909, -0.0026336757370873324, 0.008840597770294875, 0.029167030179153314, 0.023280322658761263, -0.0033795604164126706, -0.03499697564701863, -0.03268368888238209, 0.01099791796181058
0.011527772755241214, 0.005018993134496554, -0.008303622644242448, -0.018300861094178122, -0.011877983070000507, -0.006123072123769096, -0.00675213010333784, 0.0028906830284203284, 0.003004825074222023, 0.012646443064467975, 0.027216104282959674, 0.022786957075282215, 0.015810612462346125, -0.008120725163323565, -0.041423996678584235
-0.029052639519263276, -0.007310736638712692, 0.029476183591029652, 0.021834368322973252, 0.029515868011528574, 0.011331114989950061, -0.016068644467461184, -0.0327949527962727, -0.025564872456087233, 0.0068245847424269175, 0.0264468777366745, -0.01165121156801803, -0.037241967057036474, -0.008224245887531338, 0.04248027299579989
0.14064152199981625, 0.05832913925278026, -0.0017488301430618315, -0.06046074136680045, -0.09139160643817397, -0.07786189428294366, -0.05011511210489347, -0.041392405850406586, -0.013348375419622145, 0.01340388346919916, 0.02583117932546009, 0.024729502430131733, 0.035843236860323056, 0.028005986047060498, 0.00953451622113144
-0.0017055145183491663, 0.0009689808716803236, -0.002906957643343172, -0.0030584999370215256, -0.004668890200055916, -0.0032705480827867977, 0.007272639952774324, 0.00629760769134606, 0.003904010899575598, 0.005020641360308141, 0.0011517194885534326, 0.001772554255702579, -0.000897426741214386, -0.002990055201465018, -0.006890262195704521
-0.0070363392021471766, -0.003942952998916062, 0.0002710018877030992, 0.002050205309853883, 0.0037183469744374465, 0.0034699236265280167, 0.003884366743975845, 0.0026519802428559966, 0.0039385133030221744, 0.002463257804074587, -0.0029305494935558023, -0.004077355217216992, -0.002180448883109361, -0.0017209287261989734, -0.0005590213713066713
0.004934935699098086, 0.006292978498433174, -0.001025578617680524, -0.015162203429158715, -0.018039702391153434, -0.007588756400372723, -0.004262197129533053, 0.003927719008750462, -0.0004384927302021266, 0.015123191489266961, 0.03032000948788876, 0.021896042459149237, 0.016354822823698566, -0.009170075685714887, -0.04316269308246991
0.019402995216646436, 0.0037319129786303053, -0.00036810858238909986, -0.0030191832465501084, -0.003754872981696048, -0.009484346111872296, -0.008007074436847148, -0.005531600009773841, -0.005882667981979491, -0.0026697809275703366, -0.004656332415372475, 2.1490781813471153e-05, 0.0020022539960001, 0.0063584191862598016, 0.011856894534700794
-0.011639959572907673, -0.006233894919196071, -0.0008549500731717867, 0.0050287282108159885, 0.007262796573528949, 0.006622750753881721, 0.0033913960164795656, 0.0014436637472813629, 0.006457199716489393, 0.005347166461670037, -0.0004402809890326154, -0.006614513071756251, -0.004755351582636041, -0.0048897426243038776, -0.00012500864714263236
-0.00733424572520535, -0.004032013132276608, -0.000871279222424392, 0.002381255689494652, 0.003751392152088547, 0.003525390451908907, 0.003703299212204501, 0.0018633824444908343, 0.001935920077793217, 0.0016683374742426213, 0.0023421048863226865, 0.0014106074977592686, -0.0012831596363506866, -0.003546488043854552, -0.005514504126193624
-0.010825216745760032, -0.003983583728459081, -0.004936368656736475, -0.0033092445223114647, -0.008400736151770288, -0.0025804654595574504, 0.010371743092253005, 0.014827397020126113, 0.015595214391096821, 0.01711176522618423, 0.016910501968460674, 0.0013207631823731008, -0.009428582739055351, -0.012433681108668937, -0.020239505768175004
-0.03835868856633113, -0.01841292280763687, 0.003021526052554413, 0.013352656059984024, 0.002534915747167419, 0.03158397410569247, 0.04751839653347538, 0.038005843666116056, 0.008790096358554328, -0.02583131148155196, -0.04162763793192385, -0.023593684576147474, -0.019934052475742307, -0.008965205552027618, 0.03191609486781712
-0.012606210352879847, -0.02431545239253632, -0.002002404138096039, 0.0009081635131246243, 0.009338100033036367, 0.015934058911130106, 0.01473097802211348, 0.003197789426372294, 0.00954970945591221, 0.01621585768792285, 0.013866113397773114, 0.0023125555111548858, -0.023488922606798433, -0.02419482372202253, 0.0005544872537935555
-0.002770590463712593, -0.002054379841790491, -0.0009548539614112723, 0.0005587385967789179, 0.0021057949833223153, 0.00172731543543137, 0.001547565915875656, 0.001040293767470592, 0.0013342416749928564, 0.0014520839110571473, 0.0008235909878507048, -0.00013902326808513683, -0.0008501997598205546, -0.0019018092765344062, -0.0019187687014251347
-0.004135540494759919, -0.0006361986054325226, 0.0014647653279892942, 0.0020005298441887432, 0.0045811777742818145, 0.0005370377780950053, 0.0006836215364982241, -0.0019179488596753015, 0.0014182894720408887, 0.0007001585753300409, -0.002411282844928632, -0.00621272958736047, -0.000594706142963584, 0.0013588912742095783, 0.003163934952486835
0.015636319184544837, 0.008103147907847762, -0.0014611806932107558, -0.018057256664031428, -0.014271124222195722, -0.014116307194824668, -0.015488844933265522, -0.002820760911070449, 0.0028004644999703324, 0.01198674593098564, 0.03459701739759426, 0.025625691417615226, 0.012635149657651949, -0.011943266757057104, -0.0332257946205548
0.16621001481413472, 0.08668768019802726, -0.00231199833311032, -0.04681323402044486, -0.08227676575453113, -0.08747391776190366, -0.07782523846664863, -0.05751549755367291, -0.048850910252656234, -0.023653353243350654, -0.005769566911567718, 0.014793635630062594, 0.032617913550015774, 0.04888657365006185, 0.08329466445558377
-0.0024470334368715397, -0.0008059194067644836, -0.0008817705528381075, -0.0012084832926357008, -0.0006453737543670019, 0.0013480497693858474, 0.0029606946317064678, 0.002706006441262248, 0.0024350823627990186, 0.0021346501337708873, 0.0002347340726963559, -0.0006759988238747057, -0.001156892072003657, -0.0015772297869025775, -0.002420516285363021
-0.054199601124367995, -0.015370435793628042, -0.015535779642048941, 0.03742106435900788, 0.01618409137861537, 0.026442335984217313, 0.048908523263408256, 0.05800537915824248, 0.04143288410704663, -0.02614134790989542, -0.08626401024682395, -0.04082679414028128, -0.07059185440145525, 0.027109518072991584, 0.053426026934971366
-0.0020799542908920506, -0.00031464930208713354, 0.0003910257163754439, -0.0007681707464879924, -0.001912529790213765, -0.0011682836718210842, -0.00044788165956648716, 0.0020520173822528923, 0.003458614209789389, 0.004124720153514752, 0.00410970066754113, 0.0011750114196015626, -0.0013430580593282468, -0.002826853672849742, -0.00444970835582867
-0.003966844929577947, -0.0019390236889187864, 0.0002359267834681217, -0.0006758198509104877, -0.0010077704101590583, 0.0007965069450473868, 0.0009801226067316416, 0.0032304307720771464, 0.005209356202318916, 0.0031979427945257807, 0.0034031477920302556, 0.0007255769299110283, -0.0009062877528876583, -0.0034214183724170324, -0.0058618458212393275
-0.006180347094266625, -0.0026794626384966796, -0.0010051794498037523, -0.0007491227296071702, -1.6828636820358435e-05, -0.0009112765405399135, 0.005274985588113047, 0.00490997144264739, 0.004417419560076918, 0.003983602512541845, 0.0029252342291685046, 0.004646823892369599, 0.0025243783772923305, -0.0036522277983973366, -0.01348797071427768
-0.0011087359340673005, 0.004251841276420539, 0.002453782316083134, 0.00986950606781453, 0.002963349727090933, 0.0035354366980957044, 0.007301714221731054, 0.007140306675149577, -0.004713468754324148, -0.029078598966990585, -0.03342832240938288, -0.014100864242190266, -0.005796229811729704, 0.013672273239311106, 0.037038009896988335
0.024489306236630343, -0.0045691132903867, -0.012378882460282467, -0.01880621720269224, -0.016485526446608976, -0.008212768507452126, 0.0019345006601504632, 0.00661698126189562, 0.011636467528826938, 0.015114587417478993, 0.01556732253826478, 0.009378400641510007, 0.007649178782242648, -0.002156120768539845, -0.02977811639103764
-0.07719215497787182, -0.034720904152131936, 0.006004462632798985, 0.016900711229284354, 0.03021186107522082, 0.03655931028977651, 0.038415726674449376, 0.029019459279462683, 0.021063041294276497, 0.009116323600846998, 0.006674795979224428, -0.003151181984331996, -0.015488895182812781, -0.025741596527996496, -0.0376709592301957
-0.00046385048524286913, -4.5841032783357216e-05, 0.0005683383348288821, 0.0006053362766183782, 0.0004139111881954337, -4.92942881896593e-05, 0.0003557365049470464, 0.0002652002401129014, -0.0004557149312301813, -0.000745239557204368, -0.0014092166364441747, -0.0015042714217536125, 0.00037017225039059996, 0.00108314783388054, 0.001011585723874486
0.00355293311679436, 0.002603861810321418, 0.0014888237312634092, 0.001514286794009846, -0.0006386956883980406, -0.0029201468427154363, -0.0004776487474335513, -0.0026132016152242725, -0.005180521540933281, -0.004494968870950692, -0.003393292810210395, -0.0009566586313548372, 0.0015022491310968007, 0.00366419554895554, 0.0063487846147792645
-0.008047665833573693, -0.0021965845837027885, 0.000719190033660742, 0.0004951496133347489, -6.077058153056857e-05, 0.00030486775276224745, 0.002003239034053357, 0.0026680716349565202, 0.006137725250342097, 0.005425742179674401, 0.0068921244665193565, 0.003525777574892607, -0.002752728668557655, -0.006287958223184963, -0.008826179649646437
-0.00020746670774184002, 0.0027321222180807497, 0.0018125762926681083, 0.00046543398350463056, -0.00012529287002180768, 0.0006814081120874432, -0.0005116218293307652, -0.002024250724038522, -0.002904969109292689, -0.0021512211196663324, -0.001358186939222821, -0.0034426058596989484, -0.0018673403839879164, 0.0015804074951656392, 0.007321007441494964
0.007241942628237166, -0.014014813987673659, -0.003005073610767093, 0.01946541302262828, 0.01586409391486007, 0.0022289940738603213, -0.012478663318020793, -0.004553904049867658, -0.009036075031307473, -0.015100843872029772, -0.0023220340874676223, -0.007650569823882897, 0.002896546821283354, 0.011918895931575114, 0.008546091388572844
0.03808959016104086, 0.02483619133464116, 0.015234799292929419, -0.011866008084721748, -0.02548749137698251, -0.02182580842676371, -0.018166989515559503, -0.026021474424086633, -0.015668582583876614, -0.012574288616596917, -0.0019306396678898336, 0.0007365029308325689, 0.006795161767227976, 0.019182839446510416, 0.028666197763295112
-0.02071374578847399, -0.014239035997518934, -0.00736378317232301, 0.0178248971635072, 0.012302993696260095, 0.015323830401181763, 0.02874975452188477, 0.03489242728610408, 0.015660567333420146, -0.02613666695285455, -0.05225956932192575, -0.02501903863533338, -0.034486726659615705, 0.02199077780132275, 0.03347331832436468
0.07178086767496307, 0.05064913335489396, 0.0068534301378491, -0.008326312576542429, -0.0269868419150854, -0.04501659989600692, -0.05036797552655658, -0.04482871940876331, -0.03079682840902702, -0.02632633569237053, -0.009402203358763886, 0.005222367554204247, 0.02268647387391849, 0.03072146585400345, 0.0541380783332835
0.0916402846629294, 0.00782838909065891, -0.01758361854587238, -0.0325951754733628, -0.005138845560593585, -0.017574434091854826, -0.025860547050137864, -0.010075678858246218, -0.02265057781849464, -0.033196529129317025, -0.017758844234070866, -0.01019121033558275, 0.01929912523918046, 0.036686670161556106, 0.037170991943207284
0.09378218463712583, 0.04982491550084216, 0.014497966223725857, -0.006840179567757943, -0.0429568790104394, -0.05221417054993016, -0.05468755754932559, -0.06538191319000769, -0.037257477803198616, -0.020204843191397225, -0.011484711878113714, 0.009667803342032466, 0.018433923472462425, 0.03989874522594838, 0.06492219433803269
-0.0032077719250861365, 0.0005130130617407817, 0.0006213440459894549, 0.0010085821624907089, 0.0005040912198833287, 0.00046966948274048396, 0.0007443253463815065, 0.00034750022685476825, 0.00022082533020257043, 0.0004201402733195754, 1.9359023092048976e-05, -0.00024335637109383504, -0.00014575085951730801, -0.0004474557010940053, -0.0008245153159039504
-0.008789738255286422, -0.0025806299771632723, -0.0021714587236282513, 0.0018808968357245403, 0.006361754886169057, 0.00566615198982581, 0.004483147625940581, 0.0029862230317386934, 0.001532670627365754, 0.0008744678954753712, -0.0021388895644475605, -0.0025920283216743435, -0.002100556612931947, -0.0024451010250107433, -0.0009669104120972251
-0.01348255881706421, -0.003676390190728926, -0.0011433485168574247, 0.0020372879078254216, 0.004342787357669989, 0.004319704639022805, 0.005591391019881757, 0.008450169174165257, 0.0082280492372559, 0.003840676126138009, -0.0028095495549230317, -0.0024271211153152673, -0.0015043555345611193, -0.005372019990996427, -0.006394721741512677
-0.022843708119847962, -0.010950611442187654, 0.000933103134556057, 0.008450012254970099, 0.011461778193865069, 0.009581367470249047, 0.007563824042413276, 0.0070252861100552535, 0.0072406061958082465, 0.005438846181505025, 0.0019877607216931352, -0.004497454022398305, -0.0046950209365022285, -0.008221701302565587, -0.008474088481613457
0.03088181192619338, 0.00751713786679047, -0.0024355085487539146, -0.006817835490149878, -0.009646628813536126, -0.013225876611726927, -0.009500471126779328, -0.010080649083873633, -0.008049101773589747, -0.0063849597886081935, -0.002233734384069199, 0.0027856031966596918, 0.0032513406179386284, 0.01051648027896714, 0.013422391734537843
-0.002302804117714015, -0.003915579244947953, -0.004372933222117591, 0.0010931355892131226, 0.004673759015316645, 0.007309344535721811, 0.009485244954501992, 0.015064778713778126, 0.008944831511616683, -0.007926374448616644, -0.030656421262461986, -0.021159213533001188, -0.006552952271602011, 0.014907506774699352, 0.01540767700561362
0.02379831754066585, 0.0027151402595778306, 0.006160947104283226, -0.014102445477917438, -0.019118899843008436, -0.013872212894333321, 0.00823124902806297, 0.012404316629911632, 0.010643772155598766, -0.0004000326178678182, -0.023538186205195315, -0.026015867398146774, -0.016351909730350413, 0.01912266853873137, 0.030323142909988433
0.11974084369938243, -0.023869285678684883, -0.024353710068293833, -0.030226794390321853, -0.02314666705339131, -0.02336867341681883, -0.020386070679322753, -0.02054623303806845, -0.009034720504081195, -0.0003279184327398342, 0.0021050156431126885, 0.0031390572352193316, 0.016126021649766592, 0.01312372674150666, 0.021025408292735595
-0.4653800605220555, 0.07856444105909256, 0.1149433679870493, 0.12591960682075348, 0.09714983269944509, 0.08786176367489029, 0.051217121995995075, 0.05651081467909026, 0.03836011153863056, 0.012844563378215578, 0.012408283496150741, -0.01312846636293088, -0.03637234254361561, -0.06990639205380454, -0.09099264584690661
-0.0447315105943657, -0.02269880388369444, 0.0054163860895414355, 0.01956690824055683, 0.03277442092138325, 0.0018448691253073715, 0.0254769639440211, 0.037029301700344214, 0.026029769829218903, -0.02509533785420221, -0.02989037251236341, -0.0350948038635972, -0.0008003521048397398, 0.0294687964379711, -0.01929623547528149
-0.00043325732422761057, -0.00020871120579393857, -0.0011542426836740397, -0.002343744256435744, -0.0032400087292581052, -0.0005394138172168175, 0.0032436466754972807, 0.002154014090275813, 0.004532859332210908, 0.003937941959352992, 0.00015246870657442216, -0.0001473118090805966, 0.0001250170993381743, -0.0026663525367484273, -0.003412905500814122
0.012365826101172178, 0.007443544412700747, 0.0010613899944738072, -0.001582775535357843, -0.006018982072725436, -0.009517470560737333, -0.00814979047504888, -0.004871121643755039, -0.0020689460964101428, -0.003496325778724026, -0.00026955059033600303, 0.0005255979708498191, 0.0028722862316863155, 0.0035815807117988447, 0.008124737330412817
-0.016416737322961342, -0.009960857673002402, 0.0017110311830013086, 0.0077266449910668505, 0.010474080881455464, 0.005999369973824864, 0.005250109953707799, 0.005813594269030815, 0.004504713212780295, 0.002335019231054196, -0.0010962286928342842, -0.002694139523640866, -0.005481830283078482, -0.0029035564426550253, -0.005261213757749392
0.01289845074601887, 0.006811225795648117, -0.004659461626272004, -0.023590504374498562, -0.01896300975416006, -0.005580500746211846, -0.013002337084688497, 0.002213305475929942, -0.00039535200081919353, 0.018302892798058683, 0.041800093269713755, 0.031180320039087002, 0.018204637148529865, -0.01162795502799143, -0.05359180465834485
0.08802655449314195, 0.0520603114263002, 0.016879356160824994, -0.022070536540108203, -0.028211320622678775, -0.045620114173273156, -0.04826727581222447, -0.049734433998290355, -0.04550886988581816, -0.02977723255399329, -0.01929237646500638, -0.005135149992476714, 0.012748354336077303, 0.04705892408764599, 0.07684380953987835
0.03936785596690129, 0.01596570343489125, -0.008620601294427883, -0.010543491153041025, -0.016790130133960367, -0.017352527790266383, -0.013873835717769177, -0.012045484418590506, -0.007247927193345906, -0.003521005528429766, -0.00018817962472702756, 0.003427582017806053, 0.010131351129105392, 0.011404479140174957, 0.00988621116567934
-4.177235396605005e-05, -0.0012294695591979826, 0.0014237189803775674, 0.004626501655269275, 0.005091405839322441, 0.004580105156168457, -0.00011736629003371668, -0.004689919074452348, -0.005075848488172764, -0.003015007623916066, -0.009739871647255264, -0.010234943923078825, -0.0004109302216160858, 0.006241438145406671, 0.012591959405144511
0.0025364003571682397, 0.0039545910110309924, -0.00274224028028685, -0.019713911524712295, -0.017411988861096222, -0.006103683162750253, -0.007744869899823568, 0.004563959883420263, 0.003740788382104355, 0.02156028541134198, 0.045542389020152965, 0.03104349138841653, 0.017348679962954344, -0.018338648439223924, -0.0582352432486963
-0.013545982765024243, -0.0029148652030759697, -0.0013523733774029748, -0.0011003161891058372, -0.0012828715414486993, 0.0037590457988823395, 0.0029772745489430887, 0.0043442150788653485, 0.0075640062762954525, 0.008579807434572852, 0.013728666336190454, 0.012004337257406995, 0.006603809577200106, -0.011779804861747753, -0.027584948370550907
0.03593774483762597, 0.006951871672430005, -0.0103323551685836, -0.008877646646751476, -0.005921460593951766, -0.010551413566460222, -0.006803632995823813, -0.013222137487693396, -0.002763478617509676, -0.0045234012261563435, -0.00731996094292239, -0.005536024224554948, 0.001335111629486059, 0.011716541109242588, 0.01991024222162312
-0.0736657774005324, -0.030479789875040495, 0.016138736099712645, 0.021703874502960466, 0.004070327455853239, 0.0361434471159758, 0.025207141518979896, 0.013234012233173421, 0.017696881496005012, 0.038459674340018825, 0.03752344264409671, -0.0036004259761851527, -0.03459503375301798, -0.03372090295042486, -0.03411560745157522
0.01913186603551174, 0.0032590318170564766, -0.0046722228530301875, -0.007282308235007263, -0.004576973520255496, -0.006381077920129923, -0.005499777839569663, -0.010933714821721464, -0.01466678111768359, -0.0007521571013899152, 0.01699768312414843, 0.024487673561527423, 0.0004031984934459319, -0.0008064883001447303, -0.00870795132275824
0.07165988021168673, -0.004580893903452229, -0.014248705588584746, -0.01023261247105045, -0.017338059387074712, -0.022749875837827404, -0.02057960989274181, -0.009701984373918837, -0.008355155393174987, -0.0015038238061918046, -0.00018176414568853315, -0.0019856163821080166, -0.002237840242221265, 0.019346385799932017, 0.022689675412416857
0.018817607635132738, 0.009978775549959224, -0.0027780870933827675, -0.0003071193130133752, 0.007944512775038624, 0.0021111832708177614, -0.01319623579312015, -0.021965817044144482, -0.01511049254232579, -0.01782136083101342, -0.009028794334078796, -0.004420735966723575, 0.010590742933272033, 0.012395255767605057, 0.0227905649859773
0.055609160470244695, -0.0037140300696852924, -0.012557229761978678, -0.015105542135656867, -0.011573549872464953, -0.015315939892442974, -0.012125270466481201, -0.0062083561818433814, -0.007223062501597769, -0.004754898297093139, 0.002138654688831016, 0.00445152176381125, 0.007810801528714027, 0.010223559110718391, 0.008344181616926231
0.08130619149087363, -0.005146856483145982, -0.024622752367121057, -0.021686925263644945, -0.01974545499864642, -0.014223139267090765, -0.019115391483738968, -0.009358389523741406, -0.0044005458373669315, 0.0006811924028542409, -0.0029790718689358367, 0.005195170655296313, 0.006829723233109621, 0.012214963694158464, 0.015051285617139476
0.03786552587524441, 0.018906428024996806, 0.0031848514887793822, 0.002938243706740661, 0.008548325331307251, 0.006427384830717565, -0.04398413392596287, -0.045301467919280324, -0.035645553348239226, -0.020815538184506363, -0.013334332309781285, 0.0007488902791578193, 0.013496806255184417, 0.021261861738508966, 0.04570270815713341
0.05686346795838647, 0.0060362276573699475, -0.02833026148644628, -0.028046334194452547, -0.019273862209420088, -0.003733852302058508, 0.00841537840765348, 0.016151766570982377, 0.011686030564359502, -0.024116547771314396, -0.028734314325575352, -0.0135323800687273, 0.0033672072772554795, 0.01913774099212174, 0.024109732929865173
0.05869001538013458, 0.026561783108362116, -0.0026212135879346257, -0.027737261484119004, -0.03721872607110923, -0.029502332323511644, -0.016138845143865974, -0.01790921395563712, -0.010891735274943581, 0.002257415634265119, 0.01016942041646056, 0.019135502822275177, 0.002866632912359631, 0.012030431633963933, 0.01030812593329971
0.07854750138613202, 0.04058289292079093, -0.004286318784950782, -0.04359808854600698, -0.06833890943558468, -0.044482477675683224, -0.029249267153103733, -0.01374357500280387, 0.0011265201398210078, 0.019592405187457758, 0.04192418847742202, 0.015111072950793336, -0.005991944113292674, 0.011935496419116565, 0.0008705032298931146
8.788128865083432e-05, 9.38631937978283e-06, 5.044754982460228e-06, -2.024422842323218e-05, -7.513344323484449e-06, -5.948944404442463e-05, -3.5606796235785704e-05, -6.375057681788013e-05, 2.710162653414784e-07, 5.957469346242197e-06, 2.2755007038652757e-06, 2.82962003333476e-05, 3.6719065450604814e-06, 1.8688245836400578e-05, 2.5131687801765155e-05
-0.0008218062372656686, -0.0002769750275907532, 9.664055389206813e-05, 0.0002834053418833113, 0.0003043910957003311, 0.00034760958236186064, 0.00032234272565765835, 0.00010270106966790785, 0.00019289494235383945, 0.00014099026874742188, 4.1461356795626425e-05, -7.615071461269631e-05, -0.0001053311569814975, -0.00023028118546033607, -0.0003218926151490731
0.0003739817187320379, 0.00021180787852734863, 0.00022042655404307625, -1.5773018710697718e-05, -0.0003178812515543337, -0.00041015516651976704, -0.00016617067688989916, -0.00011689470755886866, -0.00010240120453163509, -0.00018653961361930998, -3.283246279656103e-05, 4.8041937021738165e-05, -2.3458371933456233e-05, 0.00013820153572354844, 0.00037964685006678473
-0.0004372264600781252, 1.5818569903543265e-05, 0.0001688542605919517, 5.566254106609503e-05, 0.00016022312979713796, -1.2710161297365986e-05, -0.00021669002415011871, -0.0005168004429722765, -4.3844673394935e-05, 0.0004951695173388898, 0.0005507267044576449, 0.0008778248796202963, 0.000238900192855505, -0.0003866879874982113, -0.0009492200462400188
-0.00034322170271070896, -0.0002705662808792157, 0.00034036441350423737, 0.0008926886818453759, 0.0013842524752950521, 0.0003088410931179102, 0.0009527772141655481, -0.00017439965270979577, -0.0010855969882767125, -0.002111042212989545, -0.002111682046273933, -0.001915702549335852, 0.0005494697078879754, 0.001558691703598305, 0.0020251261437614506
-0.0012471837596001666, -0.0001506542428374275, 0.0001833899373153994, 5.739631480526896e-05, 7.230739761396906e-05, -9.859284766842584e-05, -0.0005170911060759323, -5.9593711534627804e-05, 0.000952945554267471, 0.0011163028245404544, 0.0016201166934581308, 0.001057051573854897, 0.0004939051223733597, -0.0006334336255788974, -0.002846866124933474
-0.00044444552276681824, 0.0008544689010359704, -0.0002732379629943475, -0.000544380957709616, -0.0009586147528060605, -0.00044691526191105126, -0.000675791114622201, 0.00047743048480926753, 0.0005948568235452118, 0.0015322656759344231, 0.002207107966437266, 0.0006179631071255445, -0.0003157059485087298, -0.0012274905064730574, -0.001397510931095802
-0.0004777491725215506, 0.0005789762206615454, 0.0014295103786436613, -0.0007373088205791588, -0.002524388907685084, -0.0014446987380369748, -0.0025620991322949167, 0.0006097735169989161, 0.0023160461574406313, 0.00319926517734302, 0.0028339937040073662, 0.0015008564963906376, 0.0006357023940489629, -0.0024099257367591782, -0.002947953537657867
-0.0015941694181861418, 0.0031197038813591013, 0.003436001826654434, 0.0018551475567061353, 0.0017293531890856004, -0.00015703763748154635, -0.0026890362745203983, -0.003504800779826049, -0.0025002878895119757, -0.005094798589989041, -0.004924784698462154, 0.0013331945963644385, 0.002253362835748001, 0.0019578284750171567, 0.004780322927042498
-0.0010692900162587319, 0.0012367213795652842, -0.004414259745688584, -0.005257526428733821, -0.005827789563725665, -0.005500834224763813, 0.010962741945547905, 0.0068501960114126185, 0.005446300664912352, 0.007102832496400612, 0.0018419222177437147, 0.003601881577464202, -0.00012915805038929765, -0.004278298000597748, -0.010565440262888984
-0.0048426011195551715, -0.001739807786852389, -0.002847058837682219, -0.0008337043847237596, -0.0012418263479990498, 0.005513347699681668, 0.006102441311875251, 0.004802988693678203, 0.004742399155096852, 0.0009997443163545562, -0.002202418817954197, -0.0026533950460506284, -0.0017276514245357366, 0.000879100765793971, -0.004951558177127322
0.0036687422250460053, -0.009828391493226292, -0.009006975575889552, -0.0024759418799360014, 0.012804805505883192, 0.0037924856418868266, -0.001019246014092326, -0.0032640658556393892, -0.01240548587718425, 7.641134040538289e-05, 0.02413735910350928, 0.0216989629855964, 0.003900576561775712, -0.014848850815629006, -0.017230385852505865
3.52527208937408e-05, 0.000330480690707873, -0.00045507706878957725, -0.001794230555314546, -0.0032631082659780025, 0.002660429751583696, 0.0024691998078801153, 0.002561081810482829, 0.0016578065175361903, 0.0001651418005926918, -0.0020044065973809284, -0.003685074941869591, -0.00036007537823286046, 0.00043417148474391093, 0.001248408223144457
0.010746466784443517, 0.003992103198997338, -0.000958462958024345, -0.004369080946751931, -0.006703318649549652, -0.0053310999159727895, -0.002586999192747006, -0.0034183931942147416, -0.00025222129368780407, 0.0002800526015344102, 0.003797634136734067, 0.0009915258444778098, -0.001205537879494836, 0.0012104274151950862, 0.0038069040490609886
0.008887778185737362, 0.0027260812056838744, 0.0014657542059616918, -8.730435263013675e-05, 0.0003637860696699517, -0.001567011736153135, -0.0034912377734793755, -0.005664333251443582, -0.010233219705749405, -0.007512882650971426, -0.007783222324186658, 0.0028770899887285567, 0.006894298292984782, 0.009225581243743005, 0.003898842602104706
-0.018671986130970278, -0.00788147495796456, 0.004261926323487351, 0.009077011015897527, 0.004346936911535409, 0.0054418894594330715, 0.004314211299215916, 0.0011393955602438822, 0.005439314359475825, 0.004719221850550133, 0.006112189592704771, 0.0035779159540825145, -0.0027852703174643047, -0.007903051343028331, -0.011188229577199012
-0.03689419432357361, -0.01498506650354139, -0.0013169012349527132, 0.014495937332758009, 0.010311355954719183, 0.02886326983934982, 0.04352371698447549, 0.029031817359831152, 0.0018262579346866028, -0.024047711501245836, -0.03454948724178099, -0.024070226962953318, -0.011387683930303597, -0.004158348646098552, 0.023357264938629746
-0.019919828894392384, -0.011003749448851937, -0.007924642156141673, 0.006162668367374366, 0.010424724778247837, 0.01129678287321818, 0.01360834630350758, 0.009227409207029675, 0.007633194055710972, 0.006348451595706177, 0.002433154295286394, -1.925978452350062e-05, -0.004806747587636684, -0.007746992294660469, -0.01571351130987486
0.0015754900562370252, 0.0012289510749273142, 0.00098657246371386, 2.2728663267346716e-05, -0.004864414405378696, -0.006211358762571509, -0.00630210754907079, 0.0006756593823469064, 0.002760681155188965, 0.0027827821366310677, 0.006753738329328648, 0.014019305751796392, 0.0029754716603711063, -0.005390303496547125, -0.011013196460240498
-0.03028840536750027, 0.002038529450344203, 0.008088651712762955, 0.005593741148986322, 0.007766060870888891, 0.011627146019597384, 0.0064315685770529145, 0.006517090584464339, 0.002944315224285796, -0.0012330596040828583, -0.005430128407558711, -0.0035644631873247793, -0.009239934096214023, -0.0010421084350777455, -0.00020900449062437928
0.001545188200434277, -0.0006101909492151308, 0.0028424470792062623, -0.0017510858488032877, -0.009253394384452654, -0.006593120706188442, -0.007699767104941663, -8.700118971246684e-05, 0.004159927700712151, 0.012026514570155057, 0.016217117319343347, 0.013729901864286244, 7.352456368486804e-05, -0.0057657607648301775, -0.018834300349678524
-0.0006265755691555169, 0.004097811070119578, 0.012762233006646459, 0.0037001090890861434, 0.0013982968764900553, -0.0037408708045376443, 0.00380282560565923, -0.002356668148666515, -0.018955859284350375, -0.016963512343112552, -0.008386946829752856, -0.002240648888734243, 0.0024204229630829877, 0.0013930641489618084, 0.023696319108263596
0.010659959435423624, 0.005534718012720916, 0.0035600111371619815, 0.001347548093842136, 0.0029366466129653705, -0.004276220542089034, -0.003538140265315591, -0.0067922160311618095, -0.009877629005735356, -0.012126698533228057, -0.016188202509656958, -0.010825736974834067, 0.002686637916400142, 0.017992235981177118, 0.018907086672329553
0.03285018028210086, 0.007203598564298128, -0.0006102298849665552, -0.003053348663298608, -0.0005746140798252378, -0.003897669773389442, -0.002786264485163545, -0.01197903468408023, -0.018755668848756298, -0.031596940887800934, -0.025640350516613286, -0.013215292726957428, 0.009980539267766347, 0.027093735302557567, 0.03498136113412857
-0.02050698047867136, -0.012537086236872443, -0.006237637803349706, 0.01135053891694205, 0.009308322738963183, 0.015899781664723295, 0.03959886455427257, 0.03756240902455944, 0.00959418115935351, -0.022873918098933216, -0.05126054498679728, -0.035133374911642326, -0.032473398994003394, 0.01636013756500499, 0.04134870588645073
0.036180530756363516, 0.014155093376721772, 0.006323639876718367, -0.0006035881943785466, 0.005186845952110955, -0.02679194570776726, -0.03771828822765971, -0.030390756661476614, -0.023931296414406195, -0.0006627892373054223, 0.007542533001164479, 0.01123309094052264, 0.003504137152449214, 0.019976846973321073, 0.01599594641362171
0.030814419749669825, -0.002316865368541983, -0.008202244063205806, -0.010161339838241391, -0.01578258164835385, -0.011881780750462093, -0.010998919954312514, -0.006058414601264744, 0.0034275566536663277, 0.009535648285216941, 0.014874245154298592, 0.02263298112495527, 0.006512115604046426, -0.004582591192391405, -0.017812229155079518
0.03691094886853455, 0.009189726980409263, -0.005874068540172403, -0.00042644921447591855, -0.021960140970907593, -0.007143246446019824, 0.001254485173280126, -0.0003395225376105482, 0.002902858550340226, -0.01193735524863037, -0.0361733933891693, -0.024674467232482386, -0.027840239605708708, 0.031858512443435016, 0.054252351169177204
-0.04500033954930355, -0.03513887713914578, -0.016528014007387147, -0.04461548733713663, -0.008599538533011252, 0.02110826846304365, 0.05794699825385679, 0.11026632667262351, 0.06549663881459586, 0.051168927586364515, -0.033375065502111986, 0.03159837280533862, -0.06012459295643186, -0.05337275959430767, -0.04083085797698707
0.29450122634025144, 0.07084638391137472, -0.018942296163588335, -0.10437133288713196, -0.13557189250966856, -0.10821184333038208, -0.08093417542005304, -0.06233703573354835, -0.043223993261902426, -0.03403379020114736, -0.006252444673673967, 0.014765324658478941, 0.042343910177646396, 0.07036911961663148, 0.10105283947671392
0.6237653906834246, -0.10738490240274014, -0.1584689764254281, -0.15033886566757867, -0.13474409886382593, -0.11033777358390669, -0.0878873656709009, -0.07198746883130372, -0.06561937334088415, -0.03358006335513269, 0.002344089065019675, 0.032731515124335094, 0.06502169321375562, 0.09013792795630905, 0.10634827209885744
-0.00025987026481288304, 5.2446468559752696e-05, 0.00023074782795327642, 0.0001624412905201469, 0.00019650801872517432, -3.3592716368550044e-05, -0.00022522449009948698, -5.388933410814231e-05, 2.0672190396744386e-06, -5.844772369629647e-05, -0.000119081725111642, -0.00010678649580441647, -3.373896193143262e-05, 6.082662052688755e-05, 0.00018559426660794224
-6.245772139693278e-05, 0.00012006123774320006, 0.00010616389905002671, 0.0001056951211196433, 5.9508348446684206e-05, 5.638938088433928e-05, 8.374324327310965e-05, -0.00010951136680939654, -0.0002806333887821338, -0.00022901142583989703, -0.000149947702821337, -0.0003081009689907891, -5.191637046343396e-05, 0.0003278285181107967, 0.0003321891964761016
0.00040279918068618744, 0.0005715532300692767, -6.836460299944958e-05, 0.00013677723498648582, -0.0009417059700581343, -0.00032295818228921414, -0.0015133510210133538, -0.00010845462437142517, -0.00021924282510349193, 0.0013015421253259522, 0.0014430320037169349, 0.0006685503778602707, -0.00035580496707394863, -0.0008223038797835853, -0.00017206807995250473
-0.00138473693036982, -0.0009254016722620717, -0.00014414325090336428, 0.002307648321349299, 0.0016667400452287358, -5.507248618705008e-06, -0.00011571334047449165, -0.00033743113424050203, -0.00020592847978920695, -0.0009548858173478102, -0.00012020560441366294, 0.0007677022215579608, -0.0005744476554680773, -0.00023137328126573124, 0.00025768382701746604
-0.008702783051507566, -0.005671258392859019, 0.0004242597220536832, 0.0024494082020476886, 0.005058304221775197, 0.005284177927286556, 0.004343532557476707, 0.0030026033290701205, 0.0022212300064581567, 0.0007625468899064544, -0.0003243241893639078, -0.0006148492049125152, -0.0003300507384773362, -0.00371458102466439, -0.004188216254289817
-0.004461352387375077, -0.0017927752744239963, -0.0016181025899609362, -0.0012537036414012792, -0.002240929813806363, 0.003076886414662819, 0.005181166523864883, 0.0051956101041211195, 0.004811607538311525, 0.0031923996003758587, 0.0012839282413804056, -0.001774770001298203, -0.0029990559382746342, -0.002773233704786948, -0.003827675071389238
0.003056847786396012, 0.007561755305362288, 0.006887975558251734, -0.0013590064883841947, 0.00015368550759370145, 0.0016140610234831082, -0.0010036110254551553, -0.0113558954696083, -0.011956647630037018, -0.013274470883651556, -0.010170645437150563, 0.005470401511494146, 0.008447639556867054, 0.008139767196430609, 0.007788143488408017
0.01035783184177214, 0.0034042816823242547, 0.0006908996861081849, 0.0023670274361878513, -0.003365719865207788, -0.0050007808943627234, -0.005096298303863031, -0.005949773603998459, -0.006541695925746309, -0.002897527577512909, -0.002147494856747762, -0.0023139651877401844, 0.00030817529677337405, 0.006142960512554553, 0.010042079759459008
-0.020366706982715702, -0.00988898645979812, -0.0007401829374573191, 0.0014930106809819042, 0.01534416615062072, 0.00875714967005793, 0.00251757470414175, 0.007459416768174633, 0.0077573386301787745, 0.0066081279257840814, 0.00728696178258123, 0.0029948046801483072, -0.003498217704408126, -0.009183221224949214, -0.01654123568334084
0.0072275086979256085, 0.0011268026861981173, -0.0016073615673249952, -0.0010544755277023061, -0.0026488200372885994, -0.004335219420724257, -0.005832691578252754, -0.0019186218069465971, 0.00024014309812075453, 0.0028528002245133298, 0.00611920621450093, 0.0003211855868693345, -0.00042303909021939353, 0.0003519102056795165, -0.00041932768534871104
0.014531273930789587, 0.008427608731366868, -0.0020826789089245907, -0.005097573119291119, -0.00621344055151511, -0.006546619241743121, -0.00653794443987158, -0.006923235180003389, -0.0020555256132881827, -0.0006490813516708767, -0.005892758023137553, 0.006580569580533312, 0.0032158843328078707, 0.0028649982737268265, 0.006378521580220999
0.007308200590293071, -0.010322685504838123, -0.0011194765665349699, 0.01573687798206331, 0.01318149442334501, -0.005372945752422967, -0.0156928894516054, -0.0061931536388385045, -0.009892688916297774, -8.612645891250706e-05, 0.0027823921523201472, -0.00016680932484673474, -0.0011166108901348012, 0.009035769855456883, 0.001918651500952408
0.008847080617971398, -0.0026247169884619065, 0.0008100888725605332, 0.006697554289473466, 0.009104026215468231, -0.000606342080821847, -0.009553645714817165, -0.010043726996692232, -0.009656827261394487, -0.010224533621100842, -0.0029807376300857217, -0.0019414274993427274, 0.002621209305524332, 0.009588545892756165, 0.009963452598962034
-0.04156481363951131, -0.011494137047351962, -0.011831759475127225, 0.024727102630290328, 0.02035338692167233, 0.021062329214860932, 0.012279598592504607, 0.013025431632598021, 0.013846423817437475, 0.004761561912584208, -0.013451264799191068, -0.006521579894244103, -0.001998448281017275, -0.010715142007640835, -0.012478689577863883
0.013218884565550636, 0.0010145606365822132, -0.0006429044320352009, 0.0059674272903540515, 0.013582708174349605, -0.001846405265764838, -0.014414552693293515, -0.013640905473645068, -0.011275080977218811, -0.011023916024599349, -0.012211397686089785, -0.006253648799772887, 0.005345077263523167, 0.015099254910442724, 0.017080898511617093
-0.029347096999888817, -0.019121777376329203, -0.004521264820221687, 0.016068802110089386, 0.0225890404542684, 0.01447458659938818, 0.014146626572471219, 0.011796704731015115, 0.009292474942630627, -0.0023256572974424167, -0.004617616468685556, -0.00943396100084462, -0.004786151073226215, -0.0027527232564955495, -0.011461987116728757
-0.04490985310571032, -0.01842577602083389, -0.008892104751667155, 0.026958206892400895, 0.011525176439547275, 0.02387542468510954, 0.04661044707188582, 0.05362223507034553, 0.033487666024897, -0.02722226103812469, -0.06956404813647316, -0.03209159010792135, -0.05479951316981234, 0.019383502575940615, 0.040442487570416304
0.2734541500461793, -0.07875387577651383, -0.055794540916919155, -0.04683427963681829, -0.03910011363493563, -0.009471008197084765, -0.0643913883614275, -0.05611460376474542, -0.036303523991105854, -0.02035999705389005, -0.006991396705799969, 0.008714808068103394, 0.021362379074255426, 0.04304492851041751, 0.06753846234028413
-0.01159115338272881, -0.001894899262294383, -7.36256544607126e-05, 0.007124885325680681, 0.004699033795398252, 0.010818199278827004, 0.011079017608676727, 0.013329091159127376, -0.008263918943711378, -0.012850928389357322, -0.0166595513687041, -0.011988931599590108, -0.0044968147229043, 0.008566481920794998, 0.01220311423524672
0.055310455983692455, 0.028137213293484363, -0.0036176850733323656, -0.010054239226259924, -0.023250875548202713, -0.023805644736051516, -0.023871310109552717, -0.01710830815042795, -0.016798013508313565, -0.019305618873852213, -0.019723513377897985, 0.002055911662721161, 0.0071613030233359425, 0.02708677971366605, 0.037783544926991326
0.019579122951877383, -0.003353149521795979, -0.008924225074079655, -0.010526752775547972, -0.00659945758339978, -0.007147031746984865, 0.001738807066357349, 0.00032900520155841405, 0.004737272529136678, 0.007850693710421797, 0.013531922921027712, -0.002426218641321111, -0.0023559309330199135, -0.003341705128894796, -0.0030923529753352458
0.06954979841260019, 0.01361248024758599, -1.8196185470482312e-05, -0.023013706153409315, -0.03381148519139023, -0.025604361313342594, -0.02579028337697708, -0.01080974146333472, -0.00869517883431951, -0.0053463253069530375, -0.002346534869051719, 0.0035814317753778036, 0.007174767120735577, 0.016449271360557634, 0.025068063777391493
0.10915031933777965, 0.010412545212570281, -0.030944101783421007, -0.03785338298859907, -0.037370153041563256, -0.028934386865294405, -0.021035518906416518, -0.02050386727055973, -0.008213218187224338, 0.0018834534692880006, 0.007999824026850733, 0.012540797132241762, 0.010891440884686687, 0.018628582635248525, 0.013347666344412461
0.06926236660529554, 0.01511077212597355, -0.012011126236288241, 0.005011805975887367, -0.017373792295187724, -0.0518474185875507, -0.04606443393203361, -0.021953120224192903, -0.011304429353232956, -0.00486312086189599, 0.011731856496518454, 0.03138551104607903, 0.014136541826007003, 0.008227619906907489, 0.010550967507713402
0.0809309225256538, 0.05030440376110483, 0.031657369395782946, -0.03148193112496453, -0.05681619070231021, -0.058003804474467645, -0.03389633123589341, -0.03092059468652786, -0.034823756046480144, -0.021578039671527997, -0.01329285381342279, 0.010067104237708999, 0.029197475877573733, 0.038641490779787575, 0.04001473517798239
0.03134294159536931, -0.012613831029424634, 0.0019310474048954696, -0.03088257892240292, -0.016057598080696973, 0.014445226417491044, 0.028746531190120612, 0.020308520684236768, 0.0081204535758254, -0.018058963473113303, -0.04600141206062748, -0.037542805535829164, 0.004088792604411259, 0.030180044625749376, 0.021993631003994603
0.13487413732544765, 0.048232772917057846, -0.007823628264631002, -0.02808403306109602, -0.04847057154077678, -0.050556529142884325, -0.05179683182679843, -0.04572490636486959, -0.03991664141936756, -0.03927467176477585, -0.020716002902941257, -0.001690165993047808, 0.02009806699616448, 0.04531899217047495, 0.08553001287204372
0.111595269506169, 0.03574343548331493, -0.0019155804278063737, -0.02310938374066766, -0.025036184975833424, -0.045512368493168164, -0.05330158858799346, -0.05614249205114574, -0.0386341740596346, -0.01885707540697865, -0.020989693272782613, 0.014144459673298674, 0.026447442835160477, 0.04429600096398607, 0.05127193255408088
0.007663346361069158, 0.0011624283513949657, -0.011376153132067182, -0.03473265825940584, -0.06418391527646036, -0.02400721880983109, 0.019485146514332134, 0.06686853167519659, 0.04773496383268106, 0.05033926245380725, 0.010956736880658981, 0.033668179203711214, -0.009195922414051736, -0.034427846543572956, -0.059954880837462546
-0.14702894203659797, 0.04816025368706819, 0.03817670665899509, 0.03214166908396265, 0.025163446699034232, 0.021709663043710775, 0.016668486988411946, 0.010570209314965785, 0.009011251602100954, 0.0015674331457539911, -0.008430873972104172, -0.009355070479190295, -0.012495137294924756, -0.008843438172378565, -0.01701565826880775
-0.0010862698305305735, -0.0005148324232025896, 0.00011724484810493646, -7.809368954073094e-05, 0.0007364453120714989, 0.0005149691429542994, 0.0006459541197445773, 0.0003034836880855335, 0.0002088296846304667, 0.0003179309262048272, 7.147067160800505e-05, -0.00011908598273223754, -0.0002155367885277236, -0.00027868654509506955, -0.0006238231337751841
-0.0007725283837400438, -2.1568052540316428e-05, 0.00012354386429026687, 0.00015250989143224283, 0.0006409952261250742, 0.00045811903675056906, -0.0002781736429186299, -0.00036023092759566723, 5.973746298763941e-05, -0.0001311432164983069, 0.00044614969219217566, 0.0003046451981208471, 5.9082551275271466e-05, -0.00036977923845643985, -0.00031135946142468864
-0.0002065537304613747, 0.00019004402407222753, -4.1902775457557474e-05, 8.398653644442275e-06, -0.000774338856906223, -0.00010232535020702104, 0.00033185198978549855, 0.0004662869689561713, 0.0001153729975109018, 0.0008272565286462918, 0.00019122005419070715, -0.0005178505779379589, -0.00022796891513369262, -6.7912321078619255e-06, -0.00025269977859451774
-0.0013797885955703071, -0.0006955437420514261, -0.00017403534969466863, -0.0004039910698161109, -0.0005444521378068705, 0.0006622043981402756, 0.0012219377807426758, 0.001664154521711506, 0.0014707894424484658, 0.00123018542187667, 0.0002303130010937873, -0.00030310288780061034, -0.0007459042573612222, -0.0005442657444746789, -0.0016885007814374882
-0.005109126887066735, -0.0005612126285140666, 0.001493397962574863, 0.0007946965567028124, 0.0007489674245651177, 0.0022728888798057532, 0.0003678798588400563, 0.0002154572429531419, 0.0009660041324078949, 0.0007044642424800931, 0.0017874304534808867, 0.002334706864275032, -0.0005875516594406869, -0.002532895915022179, -0.0028951065280419168
-0.0017720095790784353, 0.0008094298701028037, 0.00026550805938641974, 0.0002858890858892962, 0.00041153042532449964, -0.0007254112075323017, -0.001129119808283825, -0.00024094704968925795, 0.0002721362861470499, 0.0012667940425426037, 0.001886984513229311, 0.002037091883016046, 0.0004943041837174589, -0.0015269564320121714, -0.0023352242727594993
-0.0033313562762098303, -0.0026534150904313305, -0.0037194271114426836, -0.0029988041199680063, 6.464543508850316e-05, 0.004071861322098234, 0.006902938125424943, 0.005324176899260564, 0.004697250560821184, 0.0026844902021245045, 0.0007375211938378829, -0.0021209160725104248, -0.0033241147119021947, -0.0025776563580531195, -0.003757193998138248
-0.003583355121635078, -0.000644633535863744, -0.0024280705146311663, -0.0017332320195823957, 4.4802074087348705e-05, 0.00416821408545859, 0.004534493263691558, 0.003453990851876778, 0.003297889018636464, 0.0010697142696840401, -0.0012963734176098262, -0.0028812159987649556, -0.0012218091916997714, -0.000529368932675848, -0.002251044830971992
-0.002177879388193932, -0.0010630147071946892, 0.0011140187543740747, 0.00046123274167010473, 0.0009214460954310974, 0.0011571722773150537, 0.0020847940517915602, 0.0013487839192581244, 0.0013228729163637862, -0.0012340976195446514, -0.0033729269806787297, -0.0027872557570097906, -0.00040571852408703875, 0.001017028959559102, 0.0016135432609459346
-0.005192775137429303, -0.0048568559653326794, -0.001704217437817853, 0.0017153504653149175, 0.0031316514700451565, 0.003547449404136668, 0.0022390250792614368, 0.0014890264339543155, 0.0039338900559439584, 0.00323016779926959, 0.0020769217173975244, 0.0001558750276632401, -0.0005370967012743646, -0.0016145092828081017, -0.0076139029283241256
-0.008362716471031836, -0.0010788161732588279, 0.000384266815040941, 0.0024675345573275886, 1.588374207376105e-05, 0.001704663237774683, 0.0035373471307316336, 0.0033678867274766666, 0.003453025227485853, 0.002718953667116056, 0.001106290296039053, 0.0005325431106871538, -0.0023571630835557103, -0.0036476158127854165, -0.003842082971121595
-0.00894713849164487, -0.0027640611746732684, 0.0008862764414663743, 0.0022032923863878266, -0.002933278459352259, 0.002148638693918859, 0.005469751179400868, 0.006650452420557622, 0.008463242193274996, 0.0020486786286807363, 0.0015112198409465369, -0.0003779387114922021, -0.006233265727264778, -0.007462317502773337, -0.0006635517174331586
-0.0019367376248375738, -0.00017673767741968184, -0.0005786851188046881, 0.0007232684401565524, 0.0010001629442216277, 0.0013602720178766618, -0.000866713603426569, -0.0037006475222297747, -0.0002846566316864922, 0.0028306691168129144, 0.005718689082943564, 0.002317352250989226, -0.0006198893367948764, -0.0020380911870674402, -0.0037482551507335114
0.003773652154803808, 0.0005316588061238304, 0.0005030307403083826, -0.0015567713079644614, -0.001038707683456953, -0.00265241763195999, -0.002842408670440666, -0.0020153743536401106, 0.00025895976016504274, 0.00048034963825216843, 0.001088640451594413, 0.002912747906137696, 0.002030746998821146, 0.0013413399435769676, -0.002815446752321248
0.0033445908941854975, 0.0018039772574499201, 0.0018822766642751277, -0.0009109943770723462, -0.0027473523873350687, -0.003148447688032196, -0.002415443176196285, -0.0024828448200698116, -0.0014898981772614131, 0.00044942773236858875, 0.0015235426398803695, 0.0030744680678233324, 0.0007498678668795405, -0.00045440656827734394, 0.0008212360713820774
-0.027968265773858327, -0.012499932079625882, 0.009086126811816026, 0.007069097944349907, 0.011999555707696521, 0.01044830371295311, 0.010439524440648634, 0.008268309332250968, 0.003150181958868622, 0.0038169195913683486, -0.0005078304592521961, -0.002357920648783523, -0.005165793393805984, -0.006712431744058737, -0.00906584540056738
-0.0012810021668646745, -0.0019947899966375206, -0.0005131415503544038, -0.0018626639412648186, 0.0013984565416714737, 0.0017267130444186332, -0.000789810809033102, 0.0013591034334845948, 0.0012834779401264453, 0.0018482793386105521, 0.0002733660767295654, 0.005915952776821578, 0.0017481676994735354, -0.0014868404981923996, -0.007625267888989482
-0.002625863595573394, 0.0022199605644955254, -0.000917940991521218, -0.005029036453502249, -0.005385154142280533, -0.0016235243979972648, 0.003720286834548859, 0.005776881685216433, 0.004154950930327326, 0.0036586575029476792, 0.007496347637076492, 0.001273136834324769, -0.0007616276835450553, -0.0030044483626503016, -0.008952626361866757
-0.00027063347684378364, 0.0019588887914053494, -0.006708450006026648, -0.00802603343842198, -0.0107526762299912, -0.006644229184697748, 0.015639478868710602, 0.01134758345293052, 0.004944059164365008, 0.011567188483943155, 0.00452638287269747, 0.004071893621576693, -0.0013998576104377002, -0.005134802416052661, -0.01511879289315716
-0.013256665398148173, -0.011128885287359766, -0.0044984602862024915, -0.0009408845402602926, 0.0013696724348543274, 0.010302492814131684, 0.008110405516135611, 0.014526495261169522, 0.015181240562506831, 0.007439189734455759, 0.0029106239137105736, -0.0002801626525716939, -0.004409576856166002, -0.008654038978068884, -0.016671446238186765
-0.02573025470580613, -0.016482647046719926, 0.0074148471430350235, 0.012330664160578894, 0.011234110477404158, 0.012434684278747785, 0.0059336842255766015, 0.0037406472502445574, 0.004621875627144306, 0.006271715662857678, 0.003231459652706284, -0.0014579195409350047, -0.0037813510385247065, -0.008103971821366998, -0.011657544324942877
0.02047511864231043, 0.009079211005342647, -0.0024736694094051417, -0.021677721169852743, -0.0176194125924324, -0.00808876777817181, -0.022559699900040187, -0.007134613622723884, -0.0037425045621802453, 0.014275974864860411, 0.03983543747715423, 0.03415661269861151, 0.02166474612859462, -0.011195435006156024, -0.04499527677591069
-0.008547532084184555, -0.005128357621097057, -0.0030792718085960787, -0.0026671465595371146, 0.00910199007668801, 0.004154462432105612, 0.0019033819465993813, 0.0009835912871149373, 0.0018379824642240558, 0.007762434329238769, 0.008156334761653979, 0.005972023957861273, 0.003919999763549415, -0.0061197620063598275, -0.01825013093926071
0.008235581711528106, 0.0024774885447309916, -0.01218842134577608, -0.021611215082759722, -0.011008051310817132, -0.0010662363148479608, -2.4861747854506195e-05, 0.0063952770158783685, 0.00608534974316723, 0.015435509157987711, 0.024714037258489713, 0.02360647830208205, 0.019072788068731878, -0.00992328249635697, -0.05020044150418512
0.02394567609425648, 0.014199793296842206, 0.00571321946952034, -0.00586667022362948, -0.007323911857545201, -0.013706803095297275, -0.014203174672479101, -0.015290044292924446, -0.00878174983130714, -0.011048090391067996, -0.004281165116539876, -4.063626819997742e-05, 0.002315437651069891, 0.013940659422377663, 0.020427459814924335
-0.008473908785468493, 0.00033317770126948073, 0.001963788108910182, -0.0017459628787647563, -0.005424060873411621, 0.00010997499304960662, -0.00030305766736149427, 0.002309997540686717, 0.009916436221655679, 0.008226374531781001, 0.00975661591251064, 0.005776379301424658, 0.0003204568388770086, -0.008178145630608863, -0.014588065314549696
0.0006163820196635935, 0.000733761592786486, -0.0073213644184415005, -0.018444532534856173, -0.013640463411525453, -0.00034184155738163174, 0.00341995429673699, 0.00646685912971288, 0.0007113368501041051, 0.018203525805917515, 0.037174629326892306, 0.024596876939277368, 0.01782045315585412, -0.01398416279431014, -0.05601141440042943
-0.03380918309990401, -0.013603718363368955, 0.007878597494758832, -0.0047875756791625895, 0.03389116587876845, 0.055117479401026064, 0.03140954786041613, 0.010599058454872481, -0.03566868925238488, -0.05395602250263578, -0.008091383715029673, -0.014454925366686822, -0.011801580028875496, 0.030984018237198513, 0.006293210681007799
0.0034239959995737515, 0.0025122255743565045, -0.0061660682532802364, -0.016823118939147102, -0.018705778993332034, -0.0015971702027921901, -0.0032914509709960718, 0.006766647700168715, 0.0008803342660992919, 0.01678991996848304, 0.03648249913381959, 0.028159179046091942, 0.024739535881462937, -0.010268564340938702, -0.06290218586956935
0.006491933350603233, 0.0025833669853039414, 0.0035755000103895943, 0.0010342084916153394, -0.0064193657055114615, -0.007357420395006339, -0.006276912901737, -0.005735916706338929, 0.0011044917358588753, 0.005395501643492405, 0.006025568076969308, -0.004126129875654106, -0.0022483361079081647, 0.0011923604208878373, 0.004761150977035723
-0.017669198865903846, -0.009039771571540815, -0.006619580429226589, 0.0013208640339836687, 0.009710580535876505, 0.00483129099446037, 0.010901866845793242, 0.008605794834689883, 0.01128889917050035, 0.006393282733551804, 0.006826742656310575, 0.008852460778552786, 0.0011486365500740653, -0.014113082340310756, -0.022438785926811353