
0.003449562274149443, -0.00015833726200786062, -0.0008210815144601959, -0.0010031466818683757, -0.00044733046804511413, -0.0007901666940323576, -0.0006288195175276165, -0.00033493272668417336, -1.1464365642334421e-05, -0.0001003432115259804, -0.0010439396280669257, -0.0007551988273541637, 7.81304489789393e-05, 0.00046759074369319, 0.0020994774303935266
0.009252342801046674, 0.00521011062817418, -0.0078640955215852, -0.01883863554989516, -0.011321990354968652, -0.005898248835067237, -0.005570148704734079, 0.008733264637773274, 0.003209168168479916, 0.00921952937306335, 0.026518071256675872, 0.020481040574056565, 0.013073748814853898, -0.004953180089073937, -0.04125097719879936
0.01734682258474024, 0.010190539916182722, 0.0018310684140157847, -0.004741511730681426, -0.00955583833639294, -0.008873617636888579, -0.010249341903275007, -0.008142941777203809, -0.007485064530619104, -0.003128905120629084, 0.0009099886914385055, 0.003935171704860449, 0.004129981987320929, 0.0061170216670044224, 0.007716626070127018
-6.715265281287689e-24, -1.5175626060057436e-23, -3.0401648829857555e-23, -7.856753322029735e-24, -8.45436421442802e-24, 5.925447645560825e-23, 6.905134309120312e-23, 2.3448529872813765e-23, -1.2727488766454069e-23, -2.1454443408632944e-24, -3.5814788997064956e-18, 3.385280759796235e-23, -1.5365756399337268e-24, 2.3046662344954347e-23, -9.339135948179345e-24
0.01591479692338991, 0.005328672285562303, -0.0061821821997053526, -0.0011154290872211754, 0.005676118439229171, -0.00029586251762602693, -0.007894650772637799, -0.010556341976909538, -0.012533583130520814, -0.007760840826120826, -0.0038412178484688495, -0.0021428800683401966, 0.001224950345638235, 0.010678501823290687, 0.013499948610440576
0.06710513539854415, -0.01811613823934322, -0.015931860197284348, -0.013589123106678582, -0.012754824182758506, -0.01162891307551466, -0.008088330443672806, -0.007214325406766454, -0.005535742394882649, -0.0027852351830687867, 0.0011771999359629875, 0.0014392112586260404, 0.006677984207113791, 0.008874187327367338, 0.010370774102355733
0.004210154457973394, 0.003746126865680772, 0.004147457601930029, -0.0008950042308770038, -0.0034779367933099785, -0.005644768057066782, -0.006343854833851893, -0.0037101175480105603, -0.003780175276800585, 0.0015217110379208128, 0.002413727032286473, 0.0033422595895293617, 0.0042872210374140535, 0.0015540531032353744, -0.0013708539860536055
-0.01215215508959483, -0.0022007719981818313, 0.006581131291115144, 0.003804013012251687, 0.003576962579825733, 0.006739191019610491, -0.003198396401098772, 0.0005998955005290814, 0.0008197368154798111, 0.0008011389001864695, -0.0038446468413953776, 0.0007118334080783635, 0.004990635581831186, -0.002774253083251379, -0.0044543146953858114
0.0007631327234280934, 0.0024407153985888655, 0.005919601102609592, 0.0010839553535392395, -0.001215421278942996, -0.0007647175766789425, -0.0017576572375741803, -0.0039743098216672886, -0.004208691333355675, -0.004860188261426245, -0.006018573436211201, -0.0019250357268265326, 0.004769807082220537, 0.005409093270057372, 0.004338289742239255
0.011395749702435539, -0.0004690271712283545, 0.002415255498070108, 0.0015497771737331366, -0.0011793517085118836, -0.004605764099382857, -0.006015854680419589, -0.0068053063318222, -0.006117161778669667, -0.0019687104625191907, -0.0012242599942153085, -0.0021926196806786986, 0.0018171461418471234, 0.0039227479694592515, 0.00947737942190264
0.015238225051594901, 0.012693980792197922, 0.0004903192255763438, -0.0026766677574938864, -0.005216115565928827, -0.00847735699185187, -0.01024611915541959, -0.0038859661710023024, -0.005601557920527054, -0.009666532719741596, -0.01122248623986853, -0.00373976396038355, 0.005904455630742657, 0.009073035331954827, 0.017332550450150867
-0.0037223617302512527, -0.004800215717503723, -0.006983228092337853, -0.005812603935833573, 0.006954817361911033, 0.005545839809762319, 0.0007358398678727102, 0.005344734675307698, 0.0035676528622038376, 0.008463623241832207, 0.00687797594460388, 0.003562895813555574, 0.00011960418296740584, -0.0026711775912182933, -0.01718339669287196
-0.020205450383632553, 0.005539160302603119, 0.0048358063773795874, -0.0004800126658372886, -0.005507755860155875, 0.015526693636236811, -0.0029024794233850123, 0.011389769452765748, 0.005827920079222753, -0.0011141450218773489, -0.004987376504892851, -0.003937825275598043, 0.01211625549255, -0.004919875178866556, -0.011180685026512484
-0.018724060699495615, -0.008066382566864221, -0.011284488813740166, -0.008442568728838265, 0.005571649956216068, 0.020986701981363636, 0.015176381234860165, 0.006298138989541315, 0.02415829820798737, 0.023003262268531766, -0.0036272863703471405, -0.010369140159338923, -0.0040001205178935495, -0.021162188851218334, -0.009518195930764129
-0.020966785655930142, 0.00585651151728842, 0.005952471203674804, 0.004196326189320374, 0.003623785437668237, 0.0032358629058629952, 0.0023697717309864043, 0.0017554706118658046, 0.001228558163661893, 0.0006679009906570196, -6.277944640202075e-05, -0.000434525839283717, -0.0018082928762062002, -0.0023355546081346257, -0.0032787203250291574
-0.045085166358523485, 0.012135859902093576, 0.010923620681240748, 0.007792543175356359, 0.008345672471256673, 0.010132691496844181, 0.011759677574237348, 0.004607489650342167, 0.0006563523527180174, -0.0036923362170936534, -0.0053475217116200555, -0.0010105022093562534, -0.0009437882523772692, -0.0035233321936914822, -0.006751260361426906
0.0046221443592053615, -0.002518435016167419, 0.009992964731197042, 0.006813925032865876, 0.0002582958388559088, -0.004947710138651349, -0.003252815163017004, -0.011011190320569778, -0.006734379960123446, -0.0016565317507976531, 0.0006298111432448454, -0.009864114715586198, -0.004610722487816521, 0.003191651516979501, 0.019087106930380616
-0.04126850417511894, 0.011566646562165446, 0.010846922379656768, 0.009186895180951027, 0.007145657802367727, 0.006503399790088192, 0.005265395919287775, 0.004579960347240838, 0.0027981030772693425, 0.0002718464433963204, -0.0018258584451207825, -0.002401548807815169, -0.0038466209096823046, -0.003942856979591837, -0.004879438185094438
0.03312242369590794, 0.03211103697359817, 0.02886617977026794, 0.006484368177719676, -0.011818680794134536, -0.024718464580595373, -0.03185444220331122, -0.033959320548992714, -0.03244631834354792, -0.04216275738613263, -0.02788662849835053, -0.004772875461075101, 0.01775072594821777, 0.03017953651066586, 0.06110521673976268
0.5065829101221059, -0.1439698586937126, -0.12758842211999766, -0.11153334657471366, -0.09544647576517463, -0.07682164498367827, -0.06089718240640396, -0.04512153378065781, -0.029131082556618264, -0.013055868527723712, 0.005696136030636585, 0.02240872852847489, 0.039713389512848134, 0.056891386535948926, 0.07227286467866588
-0.002384406100196934, -0.0012316185592124171, -0.0032782446681773447, -0.0010017213708295091, 0.0013769153437028154, 0.0029468139286434464, 0.004323438294887943, 0.0022104177975911885, 0.0019356209848625425, 0.001408812846457118, 0.00027270917418467704, -0.0017636253180043594, -0.0018233543520080246, -0.0014113541474602928, -0.0015804038544408616
0.02522254377193266, 0.012315998273756335, 0.022679602110688136, -0.0023626480759979516, -0.018637802634786035, -0.025595838978524302, -0.015063540846673475, -0.018873963490301546, -0.01604493295561783, -0.006198441178848219, -0.005058393749442769, 0.005547641062527962, 0.01139989219384628, 0.018029632552355145, 0.012640251945086278
-0.012048729437961201, -0.011044817457542518, -0.005238122505603084, 0.006865618120737574, 0.015781434376153366, 0.011082768012857123, 0.009664540298167669, 0.0024797686623608236, 0.0024522743827879476, -0.002437384370348254, -0.0055656589961112, -0.006698035657342286, -0.005962489687227929, -0.0008784511945395241, 0.00154728545361164
0.0003751949621093101, -6.571681512669554e-05, -0.00011263722281657109, -8.033544217299193e-05, -8.811632966047755e-05, -7.457444889681982e-05, -2.683622225727784e-05, -1.67745140176771e-06, -5.315584782951357e-05, -2.5175784533737503e-05, -2.5482789917799525e-06, -1.7223050596315916e-05, 2.5542638662552548e-05, 7.128193944273084e-05, 7.597735406946906e-05
-0.0018449728483464147, 0.0004860157021223193, 0.0004617612690877605, 0.0004694710307392381, 0.0003962346730262386, 0.00023396695182700442, 0.00019828997791071062, 0.0001622782733885737, 6.912914232046151e-05, -4.700388108338166e-06, 4.885222779506007e-05, -1.4982144328844732e-05, -0.0001267781975135888, -0.0002723968481838412, -0.00026216882173634153
-0.00040884549480938224, 0.00025731361717093416, -0.002763546347999903, 0.004679255385101678, -0.005540947412148693, -0.0069111949810345, 0.0037190715679185663, 0.005245896995532962, 0.005446493498311007, 0.006347142071027278, -0.0067641288136880825, -0.00038043672579088524, -0.0002538152797187381, -0.0005033310707321851, -0.0021689270091400587
-0.01507073744738989, 0.003794428825057038, 0.0038125630333555494, 0.0034375784783068513, 0.002592285587786236, 0.002246847400023436, 0.0019644140845238587, 0.0016643777516034141, 0.0018906173282195195, 0.0005828501886004102, -0.00048619366592093677, -0.001064769132409803, -0.0015078807206380573, -0.0015149209495429982, -0.0023414607615746402
0.0007641138102527698, -0.0010521518004207916, 0.0005466481219808845, 0.00351617139743114, 0.003991777803785436, 0.0033107393877560326, -0.0043528185632445825, -0.0051025782043067755, -0.0015347035046002027, 0.004357251192086232, -0.007481180642061943, -0.007812762256274693, -0.004227611029861356, 0.007809077098826788, 0.007268027188650817
-0.00948967796818276, -0.0036140710492529263, -0.005706581790588041, -0.0045049343620732814, 0.002756140344019257, 0.01066261143203895, 0.007378469794347856, 0.004005284690982137, 0.012249395050362245, 0.011405227440788462, -0.0031230813853137676, -0.00548810953275793, -0.002216588042822238, -0.009850660136434248, -0.004463424485113734
-0.009105315808757484, -0.010732655724516996, -0.0028340092604526067, 0.002152763863717737, 0.006616508573433446, 0.008934510740123521, 0.007433212450402677, 0.004517691688684395, 0.0041325380360072005, 0.008147505815862518, 0.0052723898353733275, -0.0025086303057779433, -0.0128862873623391, -0.01366242044843567, 0.004522197906674684
-0.008919344753989315, -0.0031661871937049444, -0.001825705942642194, 0.0019787468323684103, 0.00637319283788481, 0.004601412048994448, 0.004739484558677208, 0.0030662814114779985, 0.001636292058429696, 0.00042235666160754884, -0.00039272644991173106, -0.0008316041433950855, -0.0015177237568667194, -0.003179336854943484, -0.002985137313986641
-0.017055402727533236, -0.005016989799283106, 0.0018902176573207872, 0.005362675021411301, 0.007318715366969173, 0.007801667782916381, 0.004938583625838156, 0.004543807993400544, 0.0037054524729219244, 0.0015692453780858727, -0.0016166621622411778, -0.0023175095294452118, -0.002621788509161546, -0.0038092076960144607, -0.0046928048751855075
-0.00019263944951545633, -0.0014660345982465102, 0.006757271194444792, 0.007617041678548864, 0.0003326149897532961, -0.0010900961923098831, 0.0011328921549049358, 0.00834236793841813, 0.005235996450625301, -0.012512303702456288, -0.03040185652248984, -0.013246845149044431, -0.008360883012278669, 0.005120959668316128, 0.0327315145513298
0.0009509052010536041, 0.0009322286197187783, 0.000840299918669112, -0.0002860640125386953, -0.0013414967327179945, -0.0012870011492835934, -0.0009047825478916705, -0.0006306933515446636, 4.7901597083235306e-05, 0.0001833622080996702, 0.00026304292623727975, 0.00028558200902442025, 0.00035658735073322605, 0.00045623870099301535, 0.00013388926236421617
0.004198645043486547, 0.0004422774582073227, 0.0016615429977739986, -0.0018040093940488201, 0.0015689490221689536, -0.0016402192313383975, -0.0018256320162159945, -0.0036007799932403816, -0.003217219299422916, -0.0030025198491696733, -0.0007011827369685558, 0.0010834003059529338, 0.002604965821178657, 0.002918462168553328, 0.001313319703083074
-0.002355681955051717, -0.0015266700222658382, 0.000543624528811582, 0.002277372438566798, 0.0041763233699301915, 0.0007281900789821823, 0.00014553428202854348, -0.00040376745942987573, -0.0013699570791559632, -0.001576020153848888, -0.00214928016906146, -0.0005444205711853484, 6.510292607802663e-05, 0.0007968398216713377, 0.0011928099639304157
0.0012345241369309868, -0.0066689197846237225, 0.0024596357628127786, 0.001984798401167448, 0.0031721912586736346, -0.0005245805963835448, -0.0034863668861376206, 0.0037183588814585222, 0.0010401557766285985, 0.005241718382140515, -0.0031365068011346142, -0.006452846991087663, -0.003398363197342652, -0.0008222885818990944, 0.00563849023879674
0.0010065232566756296, 0.0010404490777919165, -0.0015373989144788528, -0.0003202700688826131, 0.0037160780841548496, 0.003079426312008508, 0.0009224567351167369, -0.002227657852237851, -0.004564251636408689, -0.0038095299046172594, -0.003707191403769304, -0.0012782935778225693, 0.0009658296190425027, 0.0008580740138053762, 0.005855756259621585
-0.013568240492290756, -0.01805101306803524, -0.003008509430892342, 0.0018162362540315945, 0.009879168655430925, 0.013833794745528722, 0.00862883703997117, 0.004249075362247568, 0.0066417704697163075, 0.02030704738417487, 0.011610221010060595, -0.0010331731963060253, -0.02088402944687952, -0.02428717726341951, 0.0038659919766615035
-0.010439569866077268, -0.006815158717337242, -0.0025027289880489496, -0.0007207189318705918, 0.0026502416022736426, 0.0007940711061589228, 0.005347098861731776, 0.009780552668746095, 0.00852561433086409, 0.007489880174529076, 0.007373736248132303, 0.008434754811770714, -0.0024187316136495786, -0.010742851053985463, -0.01675619063323746
0.032945297776009366, -0.00691028996571629, 0.002320491358684007, 0.011361756549200814, -0.015229617334597035, -0.00422067151796777, -7.343668716658369e-05, -0.009425785860233026, -0.013139962974266279, -0.021159676403481438, -0.025685229919219132, -0.006673234159838887, 0.012545623984337945, 0.01493212792212969, 0.02841260723212456
-0.03167985994241139, -0.0064871835087772205, 0.01890288762536444, 0.002402798236941892, 0.005828929042525928, 0.027178871951013005, 0.018870343187042157, -0.0011996176244253754, 0.0025733437476830557, -0.002690589758225101, -0.015735872905107286, -0.018047290355096394, -0.026936663133697476, -0.001906992154466071, 0.028926895591635877
0.0008561709563545431, -0.0007209339213204001, 0.0015297560731307998, 0.004896691161242787, 0.004721866948668514, 0.004097161568723466, -0.00610771713960052, -0.005838326035048445, -0.002444475592009574, 0.0038494115872629285, -0.010430539360358785, -0.010298587796038738, -0.005856346981796135, 0.01055237810279632, 0.01119349042799346
-0.005539436098534125, -0.0025696467450585054, 0.0007346865311246994, 0.0009814366825044462, 0.0014537102293287261, 0.00193119413763371, 0.003118784957240107, 0.0029791558419325808, 0.0014036220189231154, 0.000932498072286694, 0.0009143203069846693, 0.0010414584442759935, -0.0015767049146192588, -0.00308921810574717, -0.002715861358275732
-0.02284677699149253, -0.023068990473487896, -0.0018853388190921774, 0.01516797369880214, 0.013864658944033962, 0.010362447922542843, 0.014861427349422661, 0.01134661675487253, 0.005932440382392444, 0.004067274120444914, 0.0042026054730110755, -0.004522603424184394, -0.002068146785364802, -0.00973557858953397, -0.01567800956236675
-0.00868843861095986, 8.757540560289247e-05, -0.011104543763881253, -0.005087734432916313, -0.0037407723250575003, 0.005538492571989669, 0.0017972925401708328, 0.012980569016748282, 0.018090527300312787, 0.012380184267081804, 0.010353401586758557, 0.0007047118070327617, -0.0068454938284430375, -0.008242608375212972, -0.01822316315922653
-0.019765297631152322, -0.007631064557211082, -0.015518716235835962, -0.010382015018307374, 0.007636236309570691, 0.018433013911514518, 0.01787304759888021, 0.014477596337667157, 0.025877194895877507, 0.016560919157566693, -0.0012696674687273032, -0.0044729137838218185, -0.004312738122557248, -0.021187155034369257, -0.016318440359094372
-0.03317251352165562, -0.016088114844475133, -0.001471889021854279, 0.021436752421960165, -0.006367907473380935, 0.02871191552063, 0.03713296458761051, 0.028015326769245785, 0.0010248993575414222, -0.011327569793521128, -0.0196671088434881, -0.014026001866973349, -0.025807111981576064, -0.009630977375037991, 0.02123733606497478
0.007831773680377735, -0.00948553354598961, 0.0045168809907132025, 0.011525956909572681, 0.007824405358164485, -0.007553616246950752, -0.012882388865633731, 0.0002884555528801017, -0.008739713891560606, 0.005029015449556123, -0.003452497134892222, -0.013040208834651878, -0.00161721048785961, 0.00691566349536537, 0.012839017570908572
0.039137677991917454, -0.011828795316124172, -0.00935416879586999, -0.008846331648429516, -0.007420251902912667, -0.006028155714208666, -0.004443563879336072, -0.003307530945106416, -0.0013666482336083408, -0.001582666041113905, -8.776599383684528e-05, 0.0018786909998666347, 0.004304268470062549, 0.0047833426562145075, 0.004161898352485446
0.006243641990139856, -0.0012510855418945564, 0.022023973007339503, 0.017123017065868152, -0.012618773648437217, 0.006116413003036843, -0.007760577924718756, 0.0023359576623415202, -0.014216949175720008, -0.02809969216779426, -0.030779762979620883, -0.01802506109747673, -0.012095005084287081, 0.020269600861227963, 0.05073430402999585
0.051320922888812535, 0.06401611862049539, 0.07941978781024432, 0.059948160981479384, 0.12169564202243281, -0.18561125118996413, -0.12436079877678943, -0.13170407057946654, -0.09516596258655984, -0.053814714663901655, -0.019235082451428437, -0.0042677719818779115, 0.025390034380004034, 0.08622296355711766, 0.12614602196940214
-2.4459614259225193e-16, -2.040497384407306e-16, -2.8321735425142206e-16, -3.6768515846436293e-16, -3.07136820660296e-16, -3.0663259580045173e-16, 1.396814071992082e-17, 2.5162630216155386e-16, 3.476782146266766e-16, 2.397591580365346e-16, 6.505968933797506e-17, 3.1395106867766283e-17, 7.691156728077548e-18, -3.6577419947381544e-16, -8.945575216757336e-16
-0.011522417751634394, -0.0060147539790975126, 0.005558223241711991, 0.013501176160171765, 0.010917541966437001, 0.005096610541847731, 0.004794242713304271, 0.0008478000407619494, -0.010701360315751455, -0.010555843331250663, -0.013039929235502828, -0.003677814489627785, 3.342160728950698e-05, 0.005074272803026943, 0.009688830028313578
-0.00019864284944320362, 0.00026588778621753397, -1.1161633316908514e-05, 0.0001580806725063611, 0.00017286554351036857, 0.00011832704639555856, 0.0003201582744615547, -0.0002645182930826428, -8.084456395574267e-05, -0.000296966414852572, -0.00015928932609051476, -0.0006721386504686198, -0.0006540678232219632, 0.00014788223704132448, 0.0011544279942994648
-0.021251607937738712, -0.00820732356624113, 0.0008590031595074259, 0.005884348745182233, 0.010773876924605297, 0.002467679365251175, 0.012295028188723559, 0.019973734819269087, 0.01294327875108313, -0.0008542114602733007, -0.00870476949860023, -0.018029454998460568, -0.0053136350549280575, -0.012796311505095014, 0.009960364067715258
0.003368081926009744, -0.0006001770403526714, 0.007331344662285787, -0.001408267136284547, 0.009868372765871065, -0.002650055110565145, -0.0034755639344835796, -0.01038229117237525, -0.008473680291180199, -0.011391738401426973, 0.0007083776324248417, 0.0038282072329571845, -0.0009547081835564989, 0.009203333023776471, 0.005028764026899553
-0.027547907042703282, 0.008709259018273225, 0.007698816060648959, 0.005819186719712648, 0.005187333743281966, 0.00352086838390721, 0.002617917726626272, 0.002609738709320422, 0.0016461096579631317, -0.0003196131232007147, -0.0008775783321091885, -0.0019281102252820953, -0.0017873772188368349, -0.002128374840388999, -0.0032202692372127455
-0.004048674608256443, -0.003927350769366976, -0.002148575617206069, -0.00028627300684123204, 0.0002881790722999557, 0.00099153990881341, 0.0038416757144184746, 0.0053614490717172475, 0.003941701828611315, 0.004473766152457938, 0.0019193827374044835, 0.002154015185187714, 9.287397108024156e-05, -0.0037446503019009122, -0.008909059338419185
0.0008821898271663112, -0.000651937487671941, 0.0012716008631758664, 0.0012169559471939173, -0.002196843634241585, 0.0026282185168322223, 0.003909692931451758, -0.0003350285010944668, -0.00023605903379071529, -0.0036842630484593517, -0.0083310851519853, 0.0005766014173406479, -0.006686357870554746, 0.0016658512712068585, 0.00997046395343061
-0.010074424709072707, 0.0012747599535162693, 0.010000376217896813, 0.0021917289296445883, 0.009788451915423206, 0.001470682087952892, -0.012226368726191851, -0.017584273567770304, -0.004783879105956739, 0.008496553887691218, 0.0072330383852474206, 0.011666595485130325, 0.007813769161827733, -0.003202232594179357, -0.01206477732115961
-0.007212443433783667, -0.008815814081059413, 0.004312497591205791, 0.006633966406905522, 0.00026849867701712497, 0.00531009856239853, 0.0094772858757877, 0.004648783478426458, 0.006814267347344454, -0.007238608479446232, -0.0063647295796995665, -0.0097671441211627, -0.00851951354581923, -0.0008726395436437916, 0.01132549484552878
-0.009836587362738633, 0.0028422356253805666, 0.00910845352469838, 0.004267057932535995, 0.0018122101511651033, -0.00018612759264556144, 0.000634395445337628, -0.004414589849675811, -0.005782561331115679, -0.0027121308517872003, -0.0007565533524908722, 0.000629379022056487, 0.0007733381079194414, 0.0017515149748912476, 0.001869965556468944
0.02681070500491624, 0.00822303261718823, 0.0034566851741096413, 0.003676656741118781, -0.004747380125585551, -0.015727091805204138, -0.014232460513019981, -0.013487305332518924, -0.018932642871185994, -0.011184834945335358, -0.006349092806457405, -0.0015475745191432337, 0.00855833752819534, 0.01555816028125373, 0.019924805571669205
-0.02963095542929282, 0.002466297637720982, 0.0031115468579720204, 0.0054717101495972, 0.005581928660816447, 0.00801234303669144, 0.007968836207887424, 0.007430537188141202, 0.006315541386326598, 0.004423607188151067, 0.0012749514544441436, -0.002464577760743114, -0.004567617062854514, -0.007032813808535212, -0.008361335706322868
-0.02033543112917019, -0.015287347542889577, -0.009990635108410646, 0.0023381456447795885, 0.015735575871321666, 0.012977156665963016, 0.008626254288563593, 0.011753463585060698, 0.016138420170841602, 0.01306427426212411, 0.00663633565575151, -0.0012013091317320153, -0.008894087664522593, -0.015140007270949378, -0.016420808296730868
0.01224443930406227, -0.0056649208461512545, -0.005489368584582617, -0.006196791599992023, -0.019248552122263316, -0.0011741034424181905, 0.007204665358637819, 0.010712132941108333, 0.009751235153170012, 0.008361807826445623, 0.0037113624098898215, 0.0017858121114720192, -0.004201167318883387, -0.0054278512819220005, -0.006368699908572997
-0.027036468859695666, 0.0156215374296569, 0.01252733748489195, 0.005373557831103875, -0.003671975455140609, 0.002132947405094717, 0.0019192211679342685, 0.0031031203669563976, 0.0018799814933072258, -0.0023861946115165678, -0.006261657948041215, -0.005131261704610139, -0.005341353732394669, -0.001784784048736781, 0.009055993181190424
0.03341329608741909, 0.02256827769484511, 0.010065735694390766, -0.000607257064161977, -0.008591631308258026, -0.02083896002005328, -0.022727487866358885, -0.024774440632943512, -0.02262988040054541, -0.020507397911895518, 0.0032642701575283125, -0.015727251327208293, 0.0020592665329649, 0.021747596989108234, 0.04328586337516879
-0.42692804601157963, 0.1228701334424679, 0.10830217303628431, 0.09603938645639223, 0.07953153162669378, 0.06488787332152454, 0.04930955127274279, 0.03557086768135713, 0.021848313312478593, 0.01039806643165023, -0.0033849797023843523, -0.01884189209227167, -0.03278126744868996, -0.0466091602071822, -0.0602125511194833
-0.27031475920062037, 0.07758355105740022, 0.06816358274712193, 0.059601876396225766, 0.047547520098203164, 0.040575013185220006, 0.03227647049988239, 0.024581884068016695, 0.015170298811460052, 0.00799662701808377, 0.00014630718140338597, -0.009468303944098264, -0.019982821513532895, -0.03191804221108542, -0.04195920419368064
-0.2371328932828913, 0.06616741896427127, 0.059658491516637574, 0.0529723463615235, 0.04344120928307264, 0.0376208021867024, 0.030204778065831914, 0.020764037410028937, 0.011574250358972117, 0.006180201826101945, -0.0005086790678683493, -0.01013196427894409, -0.020014007944617544, -0.02678733394616291, -0.0340086574526578
-0.1306343598955227, -0.12572453788650884, 0.07780497922597791, 0.07306051341880299, 0.06746588160813188, 0.05336900757235127, 0.04422725082137425, 0.037196058178203456, 0.02040226909588478, 0.0012904889298588813, -0.010748251596674387, -0.017420541505601586, -0.02312684115322771, -0.030553411322179598, -0.03660850549087072
-0.21242664000893016, -0.16159118389356142, 0.03710553077107329, 0.08235280676360904, 0.09820083148115016, 0.11319388881049083, 0.10136546054183232, 0.09334652498582129, 0.05004840549232539, 0.028077151803724318, 0.0018243156631570407, -0.0001794675611349559, -0.0492727556786141, -0.09048110683715313, -0.09156376233378978
4.179132654082619e-09, 1.0915503181825376e-09, -3.997892112147869e-10, -1.713078317591714e-09, -1.976662987722875e-09, -1.521713103656527e-09, -1.320421179745195e-09, -6.712196298466008e-10, -6.540194532208908e-10, -9.340257347310215e-11, 3.0935947088572527e-10, 3.909353265602203e-10, 3.763296169271692e-10, 8.955022141087957e-10, 1.107496893276298e-09
-4.792248932305841e-05, 4.754731341534555e-06, 6.70507627282905e-06, 4.644735092083059e-06, 1.151848190262996e-05, 1.3269251089531406e-05, 5.385728887149534e-06, 1.2141559480343792e-05, 1.1419228992122021e-05, 1.053978130705214e-05, 9.56855255181102e-06, -2.92655308160736e-06, -8.888013073550198e-06, -1.8067289796517927e-05, -1.2142781641996711e-05
0.0010067268199734816, -0.0012871280171727667, 0.002249618081894079, 0.006015024606247284, 0.005303210993407548, 0.005444735257942574, -0.008253289692953927, -0.00836200243135755, -0.002271750680059831, 0.007639523589454898, -0.012331609491508794, -0.01374671620985625, -0.007963937450038752, 0.01393075602851001, 0.012626838595518048
0.0012516339530346792, 0.0012394886204469874, -0.0045727158555480055, -0.004717029310008249, 0.0022991672972937343, 0.0029305102313394384, 0.0026686820781317093, 0.0019419976839602944, 0.0012915417667010562, -0.0018879951350461444, -0.0005606161799597847, -0.00010716914228107264, -0.0029167852778385793, -0.0010977524220154905, 0.0022370416917891637
-0.0074917483356023796, -0.0025656094020581294, -0.005633427333299219, 0.00010542220393289685, 0.006975773198653839, 0.0038292260788901013, 0.003625558741119691, 0.002525479644851324, 0.0007984863742320834, 0.006296078107958001, 0.0018096646820884657, 0.0032210400774853164, 0.002157944079225883, -0.0037136873623936028, -0.01194020075508444
0.012148197998757484, -0.005737643389505741, -0.0020922211127539893, -0.0015134245905644962, 0.0034136029133522493, -0.0017653489505952363, -0.004564312522613543, 3.605038074173868e-05, -0.005597133858876683, 0.001139108979919611, -0.000445896330431164, -0.0028742900459529977, 0.00034440694139248004, 0.0018880746982398607, 0.005620828888890578
-0.023891618039519072, -0.01007792865970903, 0.0028784908499045925, 0.008296756975283955, 0.011270153343051011, 0.00023070095164720093, 0.01369379572408098, 0.025417729333042375, 0.01702610391200313, -0.004454361484852506, -0.014422333209659369, -0.018299252162050555, -0.008280711614333369, -0.013299108411074557, 0.01391158249218512
-0.0237813794080446, -0.012156720978894378, 0.002396193991356955, 0.009179735951766198, 0.013331794202666988, 0.0021623441228664775, 0.014515426626465492, 0.025611000450069546, 0.016717515652560785, -0.006012494743763292, -0.015829519167439195, -0.022768384691053894, -0.0066643996535827865, -0.01222478436860395, 0.015523672013629586
0.0025176730139419177, 0.0014015671819678332, 0.0017255645409420632, -0.00014545190781852502, -0.0029613448185198746, -0.004228908407768269, -0.0027820845252602452, -0.0013461249381727103, -0.0002074060794092616, 0.0002536478783375881, 0.003369355410002031, 0.002966050116217131, 0.0023814398983763516, -0.0003836791423104384, -0.0025602982205256398
-0.004964579422418391, -0.002406029899030113, -0.0008369592122273719, -0.0014450100312277852, 0.0012857132401161396, 0.0010582180987818122, 0.00289003652393904, 0.004302230091865045, 0.003947163937857333, 0.003763654729909997, 0.002852620665252352, 0.0018011550068018952, -0.0017484549308652544, -0.004714171729660326, -0.005785587069094298
-0.014437538818986476, 0.0005180285866656265, 0.012792477492164788, 0.0034264270125536228, 0.013544889547658924, 0.00046532132897758084, -0.014835361009351185, -0.021521436845131917, -0.003310994620574232, 0.0114918695916555, 0.009921269607073655, 0.014802728709109272, 0.00868713488990179, -0.005174011221822839, -0.01637080424989417
0.0026166317388343725, -0.0024364952653671557, -0.0022374164854222743, -0.000380457769965223, 0.0022544514838923747, 0.0005324131221545748, -0.0009568983432844011, -0.0013588080250801198, 0.0006588112760635917, 0.0012756719656930899, 0.0007380632145575515, 0.0007672149840360125, 0.0003772985231387425, -0.00043348495716468403, -0.001416995462086393
0.6762902432457235, -0.19243933520015025, -0.1703457553316588, -0.14858873667845882, -0.12596235059443495, -0.10429095987126503, -0.08147455169152752, -0.06023071762830955, -0.03830082583347428, -0.01566187337115585, 0.006737319127970605, 0.02850500558981005, 0.052265450673050134, 0.07504582855011009, 0.09845125901377061
0.01492915090345002, 0.005878529565713435, 0.0062746011914127, -0.010062100635191059, -0.016970999739317483, -0.00905206834660098, -0.010360681450853703, -0.006198346692790291, -0.007260365239773059, 0.00614968200923199, 0.017482645513625387, 0.015592881664923609, 0.012268206718087586, -0.0010204724364505041, -0.01765066302546779
-0.02115145373411489, 0.015772009706035248, 0.010542614071114665, 0.0035202792729881324, 0.00952395962207321, -0.004954445584280145, -0.014844117653637294, -0.017401606267621113, -0.002874781990159198, 0.009450601847151746, 0.008078115802349914, 0.012567208588366328, 0.008172557583868326, -0.0005991370538985389, -0.015801804210236376
-0.0016485249536879931, -0.002565677725797692, -0.00025222688975386974, -0.0019176871417064974, -0.006082457761600879, -0.0025032378202364722, 0.0046088913060587395, 0.00570089550224352, 0.007052833016159203, 0.006265160199761263, 0.005870805729877183, 0.0016590652248077778, -0.005639996427532423, -0.003692464777846132, -0.006855377480745688
-0.03217012829145346, -0.01638843324934337, 0.009713314423609915, 0.012308529880313656, 0.01903149564979874, 0.0006303757080971912, 0.01889792276052301, 0.03677040793269242, 0.024267041703441284, -0.014684772557367885, -0.030227344226412517, -0.033749323978530074, -0.015146796730090917, -0.012814194061234657, 0.03356190503595687
0.008573128552669082, 0.0020946921958896153, -0.002455688377508688, -0.005537179771105218, -0.006872812363707242, -0.004321371581477845, -0.00596891890840433, 0.0006207391652546736, 0.0026503832072208512, 0.004541868370714836, 0.0052839315502369736, 0.009186781162741816, 0.004326810602207617, -0.0018122472813326528, -0.01031011652339937
0.01178486562382481, 0.0023311243613825675, -0.0030103861881013365, -0.004494147524770701, -0.004656913518212131, -0.005809173074527299, -0.0036684986891700193, -0.002277826753985361, -0.001447986804491129, 0.002518956812430262, 0.004167500242245683, 0.0033526140574464923, 0.001432554412349416, 0.0009121760410729896, -0.0011348589974941258
-0.009579845068529413, -0.0067819189061448185, -0.0031517858202522353, 0.006762183113625292, 0.011718811661937662, 0.008599095118708901, 0.0033907625372040415, 0.002583944344747835, 0.0012885218080102999, -0.0035208820113753333, -0.00609317443057785, -0.00546887055435676, -0.0022081414473407216, 0.000995380422696653, 0.001465919231646382
-0.008927619938925983, 0.0025021375160346054, 0.006715365714304867, 0.0033941394142767986, 0.006169410892835257, 0.00277640566521403, -0.0014410762164826425, -0.005210355390044093, -0.005014102630648065, -0.004302334756669483, -0.00205423280652172, -0.00115413446448926, -0.0009635333986324037, 0.0010609978387565965, 0.006448932560991448
-0.010040518948353248, 0.0032701368775920323, -0.005001609060732517, -0.002610852516961696, 0.003311602971475338, 0.004422764541674605, 0.003666126305584109, 0.004761878124803966, 0.005558540796580846, 0.005286069603704545, -0.0016017880291630093, 0.002123605070034895, -0.0005473620799190399, -0.007439427356130499, -0.005159166300190409
0.009906031744700575, 0.0023231883528262052, -0.005600477036792347, -0.007618198691712021, 0.00048791519898021924, -0.005347591087469311, -0.003043830782124437, -0.0033126016241029196, 0.0009573983980691804, 0.003426797108855892, 0.006451013094612206, 0.006891417840090259, 0.001598364499344613, 0.0003546316308245632, -0.007474058646102851
-0.000877558229954871, 0.030510165900438497, 0.0009302347807734132, -0.0030681170922374655, 0.009116449531631765, 0.001037398019720639, -0.007466305004674566, -0.021962841980174203, -0.021101974558227602, -0.022987821100952797, -0.008127152669821803, -8.338530017079789e-05, 0.002616105926274199, 0.020286893145193174, 0.021177908632182538
-0.06742688903925344, 0.02149135015616768, 0.01798045679683405, 0.015319646344943608, 0.012561106417494599, 0.008847229256048205, 0.007434973947792516, 0.004149081101441048, 0.001257682703782903, 0.00040086775405565614, 0.0005315487800236732, -0.0030427031618968673, -0.0051897100443109925, -0.005621284147584659, -0.008693356865537924
-0.0901925245068967, 0.027403829065458855, 0.022783370873118377, 0.01923761044140595, 0.01514654926431204, 0.011020909436437756, 0.010066047789510613, 0.009357843813356966, 0.006639351178500486, 0.0040213631590989875, 0.0009021944347730182, -0.0036031650130280072, -0.008097918297377379, -0.011801935639692375, -0.01288352599897858
0.004530734074409711, 0.001947901227639757, 0.008728156651991776, 0.004012665187004929, -0.016185187452224078, -0.0003935582134295993, 0.001558234063535939, 0.004542970749643403, -0.0025274427028902403, -0.0072325576888728925, -0.010715651577529392, -0.0066473951922118085, -0.004143063680082271, 0.005915404713931076, 0.0166087898390837
0.5481773334432894, -0.15799535677230486, -0.13579009079259685, -0.12043054466242034, -0.10385657577791474, -0.08712386086298506, -0.06664240823273138, -0.046395395448902865, -0.029959651937533374, -0.00957997034657067, 0.005675112890043082, 0.02436515281138043, 0.04253182851918263, 0.061059786507256616, 0.07596464066280806
-0.037907848520686425, -0.030061934614051638, -0.014701223358018283, 0.019193137232102416, 0.02536844953424018, 0.02067169987127922, 0.028509043642533004, 0.02563704997381114, 0.02095123950792853, 0.004245063590061117, -0.00507975405619262, -0.012460935659272962, -0.017795718343103777, -0.014095788234560702, -0.012472480566068958
-0.008975268635346803, 0.015602504847492926, 0.028515814181261843, 0.017043079853814338, -0.004932802333307638, -0.013616691979691236, -0.0031038540313110376, -0.00586786662037319, -0.024334572027423534, -0.028407264944482695, -0.01529510084063703, -0.011082454167724496, 0.0012862060047777897, 0.010840809796863294, 0.042327460896087084
0.06684367916612634, 0.019869921260092342, 0.006680157230459625, -0.02374168665879929, -0.051049711485193265, -0.029712135402632876, -0.02127662427016363, -0.0241809412081589, -0.01240888696403036, 0.003448024206328687, 0.0082364222966857, 0.020925961404668656, 0.024695018136341867, 0.01636168894746499, -0.004690886659189701
0.13043706625079607, 0.060574424023919306, -0.04348966287858123, -0.05067210431380958, -0.0485372810653698, -0.04186610427984553, -0.03381854230500907, -0.02983814998703079, -0.023040151944133724, -0.0181753163597228, -0.008030601998729694, -0.0007854650883961547, 0.0212695609977402, 0.02832297442242203, 0.0576493545257506
0.1343472397327676, 0.04344676684780891, -0.022580615424865193, -0.028727225788988633, -0.06881843501533233, -0.05691801372210464, -0.04380529090434608, -0.029596497867990856, -0.021006762508160953, -0.013667986303246941, -0.00100847220657778, 0.011033743364175534, 0.01699184352863501, 0.030691307701675014, 0.04961839856655072
0.049375224818388214, 0.03158286121799371, 0.039199242676523645, 0.012504436659835251, 0.0023663341165629254, -0.015779524815535746, -0.03634800962503759, -0.03939311370630065, -0.052882504021156795, -0.10651942367557903, -0.048275840764258254, -0.020528321606887404, 0.01550192743734708, 0.04869481195861179, 0.1205018993294931
-3.3306690738754696e-16, -3.191891195797325e-16, -3.400058012914542e-16, -3.2612801348363973e-16, -3.400058012914542e-16, -3.2612801348363973e-16, -3.3306690738754696e-16, -3.469446951953614e-16, -3.3306690738754696e-16, -3.2612801348363973e-16, -3.3306690738754696e-16, -3.191891195797325e-16, -3.191891195797325e-16, -3.2612801348363973e-16, -3.400058012914542e-16
0.028979696177832748, 0.015794707908489802, 0.004667408552415599, -0.0017277149052326432, -0.009141549058268712, -0.015255973813081473, -0.017610978552479072, -0.0192766573768663, -0.01740790571062848, -0.00965832760655775, -0.003443913635691247, 0.0008144687678588911, 0.0032201489893307284, 0.014123719543950588, 0.02592287071892753
-3.713186519046412e-05, -0.000932011468577967, 0.0006399460968682597, 0.002444723998842472, 0.002869685488397259, 0.0023667171889010345, -0.0025731413585437703, -0.003399046075565689, -0.0010381320133919622, 0.0023008765416337026, -0.004550562333660242, -0.004750467128148457, -0.0021317200738066202, 0.0038873221066057766, 0.004902940895636823
0.0018785436245374492, 0.0012872428685295379, 0.00041829897037955427, 0.00031335782617887423, -0.00025372759003114117, -0.0005067544141198362, -0.0015250903770203722, -0.0017547349609114459, -0.0017469995643189101, -0.0010864976004568844, -0.0013993515328021174, -0.0005869046084020367, 0.0008697428948546305, 0.0016147611579055234, 0.002478113305677149
0.0006517085050893844, -5.765584464247497e-05, -0.002798213404891807, 0.0036222148913082836, -0.004783503396103095, -0.006020427508266306, 0.0026639283883722544, 0.004230230542206421, 0.005425713552768925, 0.005752146611020606, -0.006142735848408606, 0.00010047773694105101, -0.00020539722193234594, -0.00017906514862417108, -0.0022594218548380746
0.011602478661694947, -0.0014071005536740039, -0.0032575094838181162, 0.0037868735582967123, 0.012795056088109043, -0.008668120424217154, -0.012156761202802051, -0.00628010995006463, -0.007392214779153729, -0.0006186949838339565, -0.009042629597427134, 0.0028758138595288713, 0.00627035679650959, 0.007018619620511812, 0.004473942390339464
-3.057027458808393e-05, 0.0008553357529617959, 0.0007827738237508955, 0.00018311021637241478, -0.0002420272254504731, 0.00013235453026785873, -0.00044775273094525814, -0.00017601218750330625, -0.00037788682077164696, -0.001491925835733455, -0.0010446689253158631, -0.0007765089572600852, 1.539166764686088e-05, 0.0001486787738490745, 0.002469708192719294
-0.023199833971535515, -0.0056060716261745885, 0.0005003436332018923, 0.003911256747234661, 0.007292648796791534, 0.006250914222058446, 0.014318580124900875, 0.021589563500099516, 0.011361202302894117, -0.00024030718187447245, -0.007832397868250449, -0.01775791327089457, -0.00891368653722627, -0.010746616090435746, 0.009072317219210639
0.0023983282724274893, 0.002479588851171423, -0.00048326806540860325, -0.0007667074282358645, -0.003374700067679845, -0.002625641445370222, -0.004151694212121394, -0.00038798445740403876, 0.001813402850129239, 0.002992112727221586, 0.0032352871943117636, 0.0008749037925072352, 0.0009566651896183347, -0.0015912050706757773, -0.0013690881304915135
-0.00367930010090835, -0.002585127134374419, -0.0007485976304154604, 0.0008571972876847771, 0.0009088183453819256, 0.002265693033665856, 0.0029037741580760085, 0.0028269785990534414, 0.002056092946271234, 0.0011488936245390813, 0.0007983903340350548, -0.001055385589129495, -0.002255227523716208, -0.0014255839763988544, -0.0020166163737645832
-0.0020972020416731426, -0.0007298761454028912, 0.002354781046686159, 0.004972469310335407, 0.00497773446639585, 0.0038338766529859253, 0.005308800223752372, -0.000866168485204566, -0.00826259650868579, -0.01122950742647569, -0.007179053278458877, -0.006556617284059626, -0.006335146289939148, 0.001984700295704092, 0.019823805464039765
-0.004530343922593351, -0.003027827413164578, -0.0018060401345714149, 0.0009517632773161889, -0.0012131438442101823, 0.0012026191872997391, 0.005230069267548108, 0.0057203681900671755, 0.005018451323928329, 0.004132082596854103, -0.0013042211801612613, -0.0009430211163295068, -0.0037282481600270827, -0.001854285400779114, -0.00384822267117727
0.0033023957968722293, 0.0061062619421015756, -0.007954475084585478, -0.004515189034340655, -0.00409171608215995, 0.0013467607957158767, 0.003922179417045057, 0.0036640258872158993, 0.004968315215443164, -0.0018857950192505374, -0.0043871151035292984, 0.0011265271235787787, -0.00791368131325296, 0.0008918565760078936, 0.005419648883138585
-0.0006182249129164153, 0.006845926948601462, -0.00018835243088366732, 0.006559378088074257, -0.006305006585283635, 0.0016282146012865355, -0.005055100229304313, -0.006277786771355141, -0.006653206881157107, 0.0012082442609380245, 0.004139816666237778, -0.0011816443459389937, 0.0009508589362267909, 0.0015085808086421344, 0.003438301846832476
0.01522737772675501, -0.004509964360328052, -0.004036639485625238, -0.003495986772506583, -0.0027450103784804098, -0.0023289509976207514, -0.002432627662384218, 0.00011720990033451436, -0.0008210096815965049, 5.467785665925267e-05, 0.0003339023648341309, 5.4820806722421606e-05, 0.0004794001097805312, 0.0015867883021102017, 0.002516012271345616
0.005923499674579245, -0.0004498748127331634, 0.0023236652366401046, 0.000546658125784003, -0.004345986900495699, -0.0029542146846597223, -0.0006989674972073454, -0.0035617001611164124, -0.005025400929443313, 0.0010704088091850112, 0.001274248703152796, 0.0009541937210911368, 0.0018615247904769853, 0.002711333144380741, 0.0003706127803656243
0.003957066495868025, -0.001022289104171903, -0.006875811408509491, -0.006629452723495298, 0.0026863920596223957, 0.0003252459933842315, 0.0015537331101737055, 0.0017202507925224565, -0.007384320055992934, 0.003755813618606362, 0.00489873616860916, 0.01296536307468784, 0.01295765577347186, 0.00018229610439773024, -0.023090679899174123
-0.006700464738009676, -0.0017067702316505766, -0.002306315881590957, 0.0008510759201889768, 0.0016526093864002887, 0.002952673650635871, 0.003889687453077547, 0.0038464181931470473, 0.0037004104480244182, 0.003175491842530502, 0.0007007348961776312, -0.0004761543886409198, -0.0015748222515225758, -0.0031388627123111685, -0.004865711586456382
-0.005206101224305579, -0.0012204227171566722, -0.0010850859981474145, 0.0010448264894504572, -0.00031188334313902473, 0.0005806326673872993, 0.004004958552125581, 0.00520595378644724, 0.003606686406747688, 0.001343524016613824, -0.00019385523516796295, -0.0004164334269745842, -0.0015758998295152427, -0.003490570083030526, -0.0022863300613350005
-0.008583762963745464, -0.008986725469017416, 0.0002472054439633947, 0.00042844085810910557, -0.001299829384042768, -0.0019369102816115334, 0.006485376586739275, 0.01497133704412739, 0.00967393527631372, 0.006063581146305926, 0.008232708453176776, 0.00021123526190739849, -0.005645932683063008, -0.0075652794266886664, -0.012295379862474278
-0.002463856997485702, -0.0034298666273097633, 0.00021406691342067157, -0.002123918696098042, -0.004263721694004118, -0.00035030220006011196, 0.005224191924458638, 0.005075419904435798, 0.004836230817658207, 0.00494324334654129, 0.004564322621538219, 0.0016959426050837233, -0.0028513114838604366, -0.0030310681426206046, -0.00803937229169798
-0.003327949981453586, 0.001190707838051765, 0.0053470185040363355, 0.004784686149052386, 0.004273128195128952, -0.0011939425565393323, -0.0031481494935144895, -0.007077336282355032, -0.0036175230419122116, -0.004182325552280747, -0.0021353936192147613, -6.947596426033547e-05, 0.0024566722664872364, 0.003510502989372587, 0.0031893805494011386
-0.008951393220046523, -0.004502236359172099, -0.0017435364014031958, 0.0033650725152569675, 0.006644009671578178, 0.006140812319389271, 0.005947421422522947, 0.004602915679672408, 0.0028833394406181817, -0.0019763896489917903, -0.004495987851700083, -0.0049527974123451226, -0.003890916152703986, -0.0005458842787821481, 0.0014755702761069397
-0.006075491133889064, 0.00014173416298535278, 0.0005097999572479893, 0.00153911163148298, 0.0060922955593382955, 0.002320483307765645, 8.250386841514965e-05, -0.0019342767500479287, -0.0008084792817897426, -0.0006223806484621639, -0.0002774203857381425, -0.0007576292953446271, 0.0013428858551556735, -0.00010131808618774627, -0.0014518187609318595
-0.01820319275086084, 0.00013568796839456094, 0.005262763706315314, 0.004903004850276248, 0.005525273894684564, 0.004654882701713623, 0.0021589653908703228, 0.0023601288678955753, -0.00023495788768807045, 0.0014858687419376483, 0.002178857596635507, -0.0015289473782916082, -0.0007395304123075349, -0.003613895181011864, -0.004344910108563449
-0.0014693843006665167, -0.002016996077531823, -0.002494951592872367, -0.004608735176191653, -0.005122531992451007, 0.001841549841669573, 0.00025017923035092877, 0.0025054355189259433, 0.008483648378277836, 0.006997801057065303, 0.007366254673566026, 0.007136324615223138, 0.006509655319099628, -0.0072444745891105475, -0.018133774905354567
0.0035212823794982875, 0.0034469763835928307, 0.004706621462926018, 0.004844052635724102, 0.010178933881132966, -0.0020661357914456453, -0.011871001558794357, -0.013106718416175426, -0.009710933042186232, -0.010306044946271017, -0.003531526338758793, 0.00017508711437094586, 0.006711018292359478, 0.009622872259173555, 0.007385515684852397
-0.02957692413760412, 0.0026878508216408056, -0.0188015667367738, -0.006432053557609237, 0.01644102808902642, 0.01625386338743586, 0.0014327597292068178, 0.015499854194880845, 0.028722105509425583, 0.027131923972935935, -0.0047854730425879715, -0.0014872373864241234, -0.010531824708531281, -0.01847484052944004, -0.018079465605581813
0.0069544099552625895, -0.003974570395576955, -0.008230216792763548, -0.0025121966748082453, 0.004430259118059178, 0.001734669670255793, 0.003585119555180423, 0.004740510501830036, 0.0018429208875706251, -0.004094368765231647, -0.004234951523741541, -0.00384527670804689, -0.0005363175415448521, -0.0021121176593374303, 0.006252126372892737
-0.018933834506266508, -0.006478925924786064, -0.0021268269739313254, 0.0017017408409958476, 0.002713192205339207, 0.01182644079042887, 0.011534308148327718, 0.011468041483489885, 0.006399122438525099, 0.00437654521059754, 0.0015742282668550437, -0.0015008544316857792, -0.00224141120917314, -0.007607138230285515, -0.012704628108430798
-0.019958007831195702, -0.015237715856267188, -0.0016811179709660124, 0.00831803312913738, 0.01673926556517555, 0.012227398142439838, 0.01241690359289195, 0.011368925154675628, 0.008758782503255555, 0.00011603736140931398, -0.00901942896407372, -0.014901517916708597, -0.007165920137985711, -0.008198248704473079, 0.006216611932684699
-0.020206166837285162, -0.018572249668855546, 0.002162006235151477, -0.00609900728337238, -0.019223757131314897, 0.01137664447392947, 0.0050023262993552356, 0.030741598523269582, 0.03668089828547228, 0.030190553247994353, 0.012042463491818, 0.0024908653630947046, -0.00514197304285418, -0.016288102221206316, -0.04515609973519678
-0.009610569957120148, -0.0006605427340074877, -0.005452595436626237, 0.0035395382131120754, 0.003941060254106935, 0.004908262031969256, 0.010948232291515168, 0.015223758988288542, 0.007441690293489766, -0.007840192981121432, -0.013332767026514815, -0.009722818275869353, -0.015610193752837575, 0.00016486134213904093, 0.0160622767494763
0.015360558690117411, 0.01271827758054821, 0.00313883230863403, -0.010092471947798238, -0.018067711036294884, -0.012102546905870714, -0.004230712173394846, -0.005387408103706182, 0.0009267847212276158, 0.004591849528243257, 0.0019302511952016743, 0.004999975980921785, 0.0009010464661566801, 0.0010803785178227845, 0.004232895178191549
-0.014939905701177076, -0.015450921738161401, -0.00333828994557872, -0.0009556419767898804, -0.00621712950794812, 0.008127936880326918, 0.019118455429903224, 0.01720476474681789, 0.013225725284706363, 0.027417949632578095, 0.002215741128249237, -0.008290786361853812, -0.009325605287588183, -0.005552424729594651, -0.023239867853890647
0.010783272237143066, 0.0065417015963875405, -0.00805242881357169, -0.022974179175285228, -0.01564737557880084, -0.006316104291092382, -0.008569962320905747, 0.006304181538375121, 0.0029091734690489326, 0.015347851046311999, 0.03571925720321042, 0.02861721291371004, 0.019184950449077483, -0.010206557673563273, -0.053640992600045394
0.023540643793245268, 0.004811937638915029, 0.007021973257802126, -0.0018107571004439185, -0.018280014891145103, -0.012637549398460263, -0.009011019012091196, -0.01016052822944956, -0.007579064733217409, -0.0013410808002374637, 0.0010996291247114308, 0.003470263874056481, 0.006071370962440883, 0.008508132154995067, 0.006296063358878907
0.012259170652307286, -0.016322494188641914, -0.009078329240964796, -0.0010971909388379168, 0.0018145833697764489, 0.004412828528803507, 0.0037894369924089868, 0.0037361836987139362, 0.009537735690331003, 0.004576636719338478, -0.0019553896216942986, -0.0046987051826423674, -0.004414669768448022, -0.0021195699155066704, -0.00044022679494373773
0.01250866461354658, 0.006346481987423409, 0.007784441414061752, 0.00030175659595442625, 0.01101660779273156, -0.009913965178517604, -0.01698786204004954, -0.01463105928505105, -0.015336960787010101, -0.013212422199910874, -0.003862676892851403, 0.0017225613283694081, 0.00984159429123902, 0.011705440770132773, 0.012717397589931347
-0.03887983564896445, -0.008622822471073818, -0.031609557669451366, -0.016225316079838677, 0.023974390867657073, 0.016362886166871836, 0.025209646273781274, 0.04228110298856841, 0.044326797730986404, 0.014821846117816076, 0.01356314574433547, -0.002872521739281349, -0.002699108851534876, -0.050754032198968124, -0.02887662123090371
-0.03469496881378639, -0.011982898375529533, -0.0022625229490856012, 0.0032061974483084273, 0.005447556903538332, 0.01571865372979737, 0.020445692224679637, 0.020778145685437746, 0.020338557928063217, 0.00754897121260978, 0.0015847911964156879, 0.0003050007677129138, -0.011381446525332272, -0.015834142136097063, -0.019217588296732112
-0.006508813801806868, -0.0009740715614708118, -0.018592686886284675, -0.007577428065759291, -0.011089977948952553, 0.007025402007126495, 0.017221031798860392, 0.020379445496994976, 0.018014994477307037, 0.011282701173203234, 0.004867176893840308, 0.008586208218548209, -0.007891430562815244, -0.01645088039651029, -0.01829167084228102