
0.003610414509737998, -2.9857549733269864e-06, -0.0008127632350038988, -0.0010292441941570285, -0.0007270592106739907, -0.000915018422291909, -0.0006377342829800248, -0.0002932264356440965, 1.893989467611147e-05, -0.00015042044113957874, -0.0011210209242281917, -0.0007494766677018751, 3.7105301100191985e-05, 0.0005248397902705719, 0.002247650073009048
-0.005242855350924583, -0.0030425808205422544, -0.005277503165706249, -0.006858959313555674, -0.0009189891584313052, 0.008828534222895335, 0.007471901605884696, 0.005799211304952357, 0.01249572138993975, 0.009560467542199599, -0.0028891592160669288, -0.006193574176180667, -0.0012783621912640132, -0.008987074661207161, -0.0034667780119929433
-0.033517877973494405, -0.004672858239232226, -0.010245299466016291, 0.02215199997491601, 0.012104759054297034, 0.004995099970648029, 0.021249546002947706, 0.029419636617636705, 0.027624057015570563, -0.01676065377226868, -0.024979679132674192, -0.027170522088094458, -0.023805077936868268, 0.014431093417855418, 0.009175776554777042
0.031167977873507162, -0.007456482773883336, -0.006927574573685171, -0.007061650805999981, -0.008011964706813141, -0.006478688905142713, -0.0038077495855694944, -0.002639912361550966, -0.0017367853497942253, 0.0001983175275535827, 0.0007853475632341219, 0.00224937283538456, 0.0027047618942800324, 0.002890961924780709, 0.004124069443698856
0.6146956351576298, -0.1805022008959572, -0.16301180376345545, -0.14262828520131496, -0.12204872540918588, -0.06843998525068819, -0.047920681017947955, -0.06089420059941694, -0.04142301498725876, -0.016687765042996475, 0.0043748514600454435, 0.023407846528252268, 0.04440702278210426, 0.06735439965349736, 0.08931690658669257
-0.0057159701965043734, -0.004198944502657666, -0.007833221936274948, -0.009963611219099616, -0.0006298376098486618, 0.012926965755993409, 0.009760492704107407, 0.007556093621488182, 0.01619173687500304, 0.011726392131371697, -0.00515363701091675, -0.00792711478579392, -0.0018917216163259279, -0.010415711030899725, -0.0044319111796420185
-0.006501989672350442, -0.0012851504668046374, -0.0038842897539329616, -0.0005193964274335184, 0.003354895031255393, 0.00450077451784355, 0.007678908656999005, 0.0012242823672021523, 0.0016883150916206606, 0.00572636782603928, 0.00022532472027803925, -0.005176565926403883, -0.0035249868331013044, -0.0010808746848409404, -0.002425614446370458
-0.01389482919636336, 0.0006523805263671599, 0.012569314107458995, 0.003253530792542699, 0.013014007473056203, 0.0006685460301973432, -0.014520523501813218, -0.021000541794251173, -0.003449570487977404, 0.011059502129001465, 0.009199731213131954, 0.01436430476784316, 0.008508094848077463, -0.005071071098593143, -0.01535287580867818
-0.0023661087643620515, -0.001618623576618155, -0.0008090927926041552, 4.619879223359347e-05, 0.0006123211696388322, 0.0013379797076541189, 0.0015717270977092057, 0.0021645044396062353, 0.0015677311353749935, 0.0014648734012487209, 0.0009263397132365167, 0.00013993276815241266, -0.0008145813251054603, -0.0017485692560934671, -0.0024746325100713294
0.004841594170287023, -0.0003693115357939468, -0.0013161310047406167, -0.0015192612220181947, -0.0010742237894547186, -0.0009908224675822903, -0.0007508720177693913, -0.0006731486496627015, -0.0005330712750885687, -9.687853427828123e-06, 0.00025282647049937345, 0.0002621951715524724, 0.0003862699719745855, 0.000579269450038039, 0.0009143745811866483
-4.809053850408332e-25, -8.751086457106355e-25, -2.0792595895052772e-24, -2.068485853169039e-24, -2.3533298524553224e-25, 2.6102555383985642e-24, 2.0135632533184713e-24, 1.2149246801308803e-24, 4.667972914304066e-24, 5.083179859529013e-24, -4.625931666260056e-18, -6.638443325906664e-24, -2.1734979650575197e-24, 4.701348041482156e-25, 8.858802784177934e-25
-0.00014771196450990282, -4.8471804894224226e-05, -3.290474901122762e-05, -3.0954494171076234e-05, 3.264105602508478e-06, 4.887159318274456e-05, 0.00012434350490800596, 0.00022263743740226074, 0.00012473556835216305, 1.7452137209145343e-05, -3.8084338750996265e-05, -3.941282675206728e-05, -4.337186925756071e-05, -7.059262735293129e-05, -8.979967195684173e-05
-0.024560186812472722, -0.010344363118762906, 0.0025655132826740263, 0.008341364310917207, 0.011576933095863357, 0.0005489270016656306, 0.01421583491340494, 0.026136068688074745, 0.017548208766994578, -0.0041163927619227575, -0.014402620287934131, -0.01923916738397986, -0.008449598651007237, -0.014090773177690979, 0.014270252134176204
0.5104777550539481, -0.1451212288829057, -0.12310159516052882, -0.11253905261264764, -0.09818040327618786, -0.08589266706675325, -0.06136095231984525, -0.04373896281056002, -0.028006561806175178, -0.012197078274734425, 0.006406428732808695, 0.024156432285742987, 0.04057925395571151, 0.05670576249414585, 0.07181286968798083
0.007077929080149139, -0.0020513650895339144, 0.0016935403129293201, 0.0026101007599777957, 0.0012295304326986804, -0.002765884377429076, -0.006424349702261827, -0.0011888785961099047, -0.005758651630306803, 0.0013704187228637896, -0.001942987441273878, -0.0063989802714247675, 0.0005756722301241458, 0.004375112074327476, 0.007598793495269814
0.005623522549437262, 0.002262574591639008, 0.00065328477797781, -0.0008335339142493499, -0.0012452655901776244, -0.003193244745710713, -0.0036103728111287377, -0.003194846616128968, -0.001968382002183183, -0.0012578072841754708, -0.0006845267175354469, 0.0004552849989243499, 0.0013943331577138643, 0.002308351744603218, 0.0032906278609939935
0.007278796792368985, -0.004895432735459967, 0.00013801555519292886, 0.005299276883518715, 0.003659207901873629, -0.003474799475049721, -0.007000866854341275, 0.0026641363383849994, -0.006107885755122428, 0.002800269545923297, -0.0035005972608089533, -0.010946748107942671, -0.0011138546400312247, 0.0055446442577808345, 0.009655837553712498
0.00041439864973535337, -4.0590749156945506e-05, -0.00010968290965184614, -0.00012117025141048219, -8.313886941472437e-05, -8.027625745264735e-05, -7.570445893559668e-05, -6.112255308021714e-05, -3.8732032977066506e-05, -2.1510853326288627e-05, 2.103934822306986e-05, 2.8561161131392706e-05, 3.894468052122293e-05, 5.4751105514941726e-05, 7.423399027981345e-05
-0.004618641245436372, -1.1139821172933601e-05, -0.0036267364120166996, -0.0006817725053726755, 0.002195822093515853, 0.0033965566816275177, 0.0065018451304866024, -0.0008492754924083755, 0.0008133508153521801, 0.005486794510766394, 0.0011542959714364836, -0.0047636190032567804, -0.0024048922217801724, -0.0006015539305436878, -0.001991034571197359
-0.0015872078799492575, -0.00025599781922057874, 1.7534603494787494e-05, 0.00035875435314191244, 0.00027569296015669885, 0.0003395374905622904, 0.00027992492777749976, 0.0006712044363398445, 0.0008319281905091367, 0.000505311869127671, 0.0004801522196354158, 0.00012638000783416698, -0.0002899068738659882, -0.0005964922935732254, -0.0011568161919703766
-0.011669982692820767, 0.0016156189036246743, 0.0031879743168188386, 0.0033367345522960566, 0.0036009056669436684, 0.0020084908458950744, 0.001356946552798722, 0.000728944025414283, 0.0003946048908842386, 0.00010788551028680362, -0.00027783881277163095, -0.00043539147976307175, -0.0008586938051624184, -0.001398854403534239, -0.0016973440709103101
0.004020167747067648, 0.0017720922635017131, 0.0021517215230206386, 0.0020714147254015133, -0.0031064687255314013, -0.003242922590795907, -0.004006466955069159, -0.00207466566527479, -0.0023080450085607614, -0.0013902139972412234, -0.0008527198116505736, 0.0010977647582237474, -0.0012114897473927229, 0.0022395222341076615, 0.004840309250193647
0.013021560302239953, 0.01136362523329232, 0.0037005436210198962, -0.0033595616887497157, 0.0023932493930014674, -0.008647201052992097, -0.009228807497744542, -0.012481135324898297, -0.003965205286266524, -0.013892600819768426, -0.013400816009965254, -0.0026031744236111004, 0.013146351393744838, 0.0059847260026523455, 0.017968446158045007
0.036823830448699094, 0.016570833038836517, -0.002080890193699405, -0.012416060697740955, -0.01711108183787558, -0.01896684190917375, -0.014797692471479995, -0.0112257631713956, -0.00597814077991291, -0.005005790164051036, -0.001385735303064745, 0.003833967161746061, 0.006731914678306695, 0.010842177615951616, 0.014165273584854232
0.09679435366338653, -0.026373340472704253, -0.024548783018056197, -0.022425344315749704, -0.01807961780324858, -0.015209069017951713, -0.011175017782611839, -0.008972189604185759, -0.005626797168911227, -0.0023024923554669273, 0.0015237228868713885, 0.0045250975396297615, 0.00699799103555206, 0.010487005785235003, 0.014384480628211556
-0.6462697352049517, 0.18423353409578613, 0.1614438501825677, 0.14170516568364888, 0.12236416252095098, 0.10056168456078328, 0.0782735905194686, 0.05670830349869727, 0.03412599076742977, 0.01595172456683952, -0.005412826382673874, -0.027689476824706905, -0.0512807217445266, -0.07241969793494561, -0.09229554830436805
1.9256827179332973e-16, 9.270924846836643e-17, 1.0909937633263939e-16, 6.057519820877104e-17, 4.187501990654991e-17, 4.99837268129687e-17, 2.7751622795208395e-18, 1.2243629326872973e-17, 3.78647222503233e-17, 6.114482786579956e-17, 6.954807031217491e-17, 7.087412055855263e-17, 1.0517016191366126e-16, 1.040782456911204e-16, 1.578881514152691e-16
0.0004903717929824152, -8.163673914458897e-06, -0.0008029941675346961, -0.0009004231634075472, -0.001947613620834242, -0.0009025178502698568, 0.0008666435149721327, 0.0019093781357146014, 0.0015694602970056054, 0.0019103221991000447, 0.0009102134419855814, 0.0003303150791556987, -0.0008927915070228456, -0.0017330795108718728, -0.0007991209670605154
-0.0153917690671683, -0.006071889294849866, -0.009012981473694474, -0.007566716318538316, 0.0037045839154191762, 0.017089485677261873, 0.012263326520335696, 0.005643722588505389, 0.020625667444140145, 0.01964428459411066, -0.0035465731044404918, -0.008525239111447633, -0.0035198116462048642, -0.017828690160991423, -0.007507400562437512
0.017659652531002323, -0.00021817191904111287, 0.006102824495619903, 0.0019380066756977728, 0.0004210729759444904, -0.003611642830286931, -0.009190003998604715, -0.0030936451191360416, -0.014117980676308636, -0.008833090592645783, -0.017609040999887214, -0.013977976493947265, 0.004803318944594792, 0.016155528282598194, 0.02357114872440042
-0.001965280699944041, 0.0021171201198383785, -0.00029949994267108935, 0.00901004274181609, -0.010242744396162148, -0.011181466752372771, 0.006515347308843067, 0.006261187192680048, 0.0022846449142865147, 0.005218329831287629, -0.009265378931976717, -0.00015053043782561727, 0.004658603720771887, -1.9165735451811112e-05, -0.002941208933119397
-0.00043794242967250453, 0.0019566886574510552, 0.0014329190984622797, 0.0025234036198810658, 0.00021860444797894293, -6.9961914938199e-05, -0.0017923680348946325, -0.001197313147875494, -0.003759862094221511, -0.004840639087968028, -0.0020450423683993353, 0.0005092939959722381, 0.004269595044104744, 0.0017809869398926197, 0.0014516372742267752
-0.0025513626063491204, -0.001065646233433627, -0.00016901370043856018, 0.0018702397031362917, 0.004883998837020615, 0.003701824454197874, 0.0020746238452058877, -0.000723307723617331, -0.0026551378376035296, -0.004696628604940222, -0.002099737737416108, -0.0020017437853093634, -0.004685711265853386, 0.0005273349275969595, 0.0075902677278036025
-0.0036619080359638068, 0.0007386679009852781, 0.0033229457123703002, 0.005053293805883601, 0.0035317345276025826, 0.000888512389558683, -0.0004956302278360632, -0.003332824629475841, -0.005421884188606462, -0.005209199755951158, -0.004971116855034445, -0.00029771827095957806, 0.00261660256994768, 0.004305027829002069, 0.0029334972284770816
-0.011061515290159418, -0.006489189631147281, -0.0036004511584817552, 0.0012280143005108783, 0.005034436046864986, 0.0048068043936126854, 0.005819209719493078, 0.005569890325546941, 0.0036604197905290062, 0.00763366545458451, 0.006990383492116193, 0.0016893531158503293, 0.0006287500491714067, -0.0046485136130830235, -0.017261256995408328
0.025485624790627853, 0.010866205036406071, 0.0006576199456692527, -0.01649470120795897, -0.018775328919715867, -0.014320253363890275, -0.015042093351066427, -0.01158728468224505, -0.009751315314691974, -0.00060094561903053, 0.023540233405890107, 0.033310403482933515, 0.02743006324514112, 0.0061345198745280894, -0.04085274732259687
-0.00084409326768791, 4.45034300963028e-05, 0.00021832113069810165, 0.0003574089282658832, 0.0003372083737160633, 0.0001565970360269374, 1.4436348572596716e-05, -3.0437045515202078e-05, 7.598915137907125e-05, -2.640147875919472e-05, 1.8554189070967595e-06, -4.900143304927495e-05, -4.491078826483672e-05, -9.100246873064113e-05, -0.00012047333565509775
0.0003458286234066784, 0.0001364132581975843, 0.0001349321189607894, -6.352350120728478e-06, -0.00020816436513625868, -0.00021538847227765473, -0.0001716951405739309, -0.00018518536948069458, -0.0001508777712618839, -0.00011676854990444131, -5.695505510803952e-05, -1.3150815187924889e-06, 4.505234723006816e-05, 0.00015648609997648006, 0.00029398970761086783
0.004157488667645421, 0.001969874589050713, -0.0002553628909488064, -0.001344333319111829, -0.0018749602775346812, -0.0018000307701998557, -0.001766088962688004, -0.0015758875970022749, -0.0011172983575798558, -0.00052590188097689, -9.017532360007805e-05, 0.0003225281074516268, 0.0007580728426036239, 0.0013588856217880236, 0.0017831895511028878
-0.012510089323811046, -0.005250037954228462, -0.008183663586097479, -0.006564706546194015, 0.0033472459016979763, 0.014727461543580303, 0.0102700754498292, 0.0049862523984776, 0.01716404984505754, 0.015642401872000063, -0.0021866708049164073, -0.006778911682578434, -0.0035516036101489235, -0.01428618726019668, -0.006825616242471124
-0.0047332607927867525, -0.0035603255655187404, -0.0035813875031370777, 0.0010907749393436518, -0.003142576878127277, 0.005780828500676662, 0.004825217689088726, 0.007660387980576329, 0.006838401540757144, 0.003944102319870994, -0.005155671093955562, -0.0008721615814375139, -0.002564616319738207, -0.0016806550302245165, -0.004849058205387802
0.004000874739486386, 0.0018141649551496682, -0.00125667229903571, -0.0044696715410220515, -0.005314514151819693, -0.0039105335518395, -0.003521945703864661, 0.002352035822848887, 0.001942277439443697, 0.002756632935551576, 0.007332064180229951, 0.006718893342062296, 0.005310503649339613, -0.0008414512345564188, -0.01291265858197318
0.011619401584661588, -0.00030884587866800985, 0.0027449090039345218, 0.0036326638898278134, -0.0009619270895289064, -0.0049737506827022444, -0.008992736897681779, -0.0006270807855405805, -0.008050171562992618, -0.0020650340287379143, -0.007700956794650232, -0.00817320088575566, 0.002524249631297605, 0.008060781216864571, 0.013271699279671447
0.0590171901718203, 0.02271280981071905, -0.012262448211402332, -0.02500564742871565, -0.022837437565696794, -0.020799241508597358, -0.016659281664542336, -0.014240893323871887, -0.010660958923856479, -0.007574485531683538, 0.0005509041568559573, 0.0049195435895516395, 0.009684933058029295, 0.014738433815074822, 0.018416579556315534
-0.028969862225575054, -0.012275851404785116, -0.007528323604442247, -0.004019348765006127, 0.013190350911595766, 0.015523868177192415, 0.019955781649378737, 0.0286528289686816, 0.016663058920955515, 0.00561517486880201, -0.002768536753521629, -0.00540051742386155, -0.009876778589280853, -0.013142491003368447, -0.015619353726764923
0.017313882685687666, -0.0022641742551289174, -0.005417983701825535, -0.012295889220693274, -0.00853972631627615, -0.007081839707783718, -0.00085854536271536, 0.006902038755984016, 0.00160743527479619, -0.0007115691074722347, 0.007271448493239763, 0.0035539088712052717, 0.013863556417185983, 0.02143700617687204, -0.03477954900307513
0.12987081638284034, 0.08991490924857962, 0.016944626043318558, -0.0687810245159009, -0.059327699966924, -0.07100134493616288, -0.06382702438430114, -0.05810783889711631, -0.041603193521488516, -0.02831668115497632, -0.01321262080133236, 0.012965056182737708, 0.035159284015512486, 0.05066999254262079, 0.06865274376259298
0.22993700740878556, 0.10121492594923702, -0.0384419764514317, -0.08048431654823054, -0.10819092352074337, -0.09085947285276723, -0.08395850418746179, -0.06381299581888385, -0.03950715619181876, -0.025679480720808317, -0.0003537902017070521, 0.018552416735290612, 0.038570886903127335, 0.06377903104851187, 0.07923434844890005
0.0017808304561840289, 0.0019609905161751197, 0.00045756487931091617, 0.001651765037527897, -0.0018642360480470234, -6.769958540369136e-05, -0.0030959399268716235, -0.0012350201013491607, -0.0013455533225756582, -2.109892540900793e-06, -0.004325533640215456, -0.00038289712817981007, 0.0042202053203731545, -0.0033260954850569094, 0.0055737289206691494
0.0035185523355935355, 0.00296535928260694, 0.0020914746232067335, -0.001722964415818921, -0.0024840672992211903, -0.0019044295748346064, -0.006457434323849582, -0.0032876765152872, -0.0033611780348282404, 0.0031874173197024304, 0.002424461300827955, 0.0037136734471822437, 0.0040954373291938176, -0.0021004995059321573, -0.0006781259685419355
-0.00966745561229114, -0.006354972096699586, 0.004801945490265446, 0.004369473757643657, 0.006144062576611031, 0.0008054602360000154, 0.006598158238631063, 0.01758830927529368, 0.01152022757363612, -0.012486115063829467, -0.018846508067450352, -0.014648090245060303, -0.009624712229887747, -0.0004328027722228482, 0.020233018939360182
0.0015921289281461998, -8.861121578200068e-05, -0.004184233438502771, -0.003824196212999088, 0.0026656983843526705, 0.0015772558698272715, 0.0014192470627423046, 0.0033194986094854414, 0.0013069649609183415, -0.001123724709147965, 0.0007978835102000932, 0.0005805339303727471, -0.004440734182960587, -0.0025784867099329155, 0.0029807752132804174
-0.006532318369776376, -0.002531807169864176, 0.00017399008502956104, 0.000532029753934144, 0.0008552658311849127, 0.0015013308156973408, 0.00246364823266929, 0.002767830545182724, 0.004104653143214599, 0.0033164302728040246, 0.0025750059384380564, 0.001848335307793022, 0.0010670979144374922, -0.00391218898859979, -0.00822930331214489
0.014211063544003, 0.009395105466686293, 0.002020432945180957, -0.0023293621324371157, -0.006222369160382809, -0.008081980316468878, -0.009445241499272068, -0.012255033888888744, -0.007263171466969587, -0.0029394323459564936, 0.001610908261329203, 0.004867218979963198, 0.005147560496367853, 0.003530990653775554, 0.007753310463069506
0.005455145646348653, 0.005306522689724931, 0.0055340918011012145, 0.006015394709624112, -0.0012075253226961618, -0.001892404155889438, -0.005541881236929991, -0.013109521522058876, -0.010847632568716665, -0.01082307133098106, -0.005685791999027527, 0.00144476987887375, 0.008241444358586087, 0.008400435454952037, 0.00871002359708844
-0.01659922752021587, -0.006395461068887777, -0.007935738508315226, -0.0067549537155310955, 0.006485824308079414, 0.009248514537478035, 0.013535824144825096, 0.014629256921321734, 0.013212588592705974, 0.011761602427979431, 0.0020380664125498257, 0.0007621538818987303, -0.00511278507748796, -0.012019434213814472, -0.01685623112258593
-0.022740982453110858, -0.008783725810060079, -0.002012066325945648, 0.005383411210341658, 0.006837721850296859, 0.006610776903840337, 0.016152344512306505, 0.019926863306609557, 0.011332028748145718, 0.002430666519444018, -0.006753800655971038, -0.009363824561345449, -0.0072944112099431, -0.009541553768614918, -0.0021834482659934583
0.014246061712693487, 0.012462200578454014, 0.007461759465819156, 0.002928951367813914, -0.0015705640616986486, -0.009246804158402053, -0.010994343470601724, -0.013497558139965218, -0.013234598636914665, -0.01647977965707651, -0.011682664588701614, -0.006360679213203238, 0.004310123141263983, 0.01715042247253918, 0.024507473187979845
-0.0021213302554677245, -0.008493152040261884, -0.015575941742457376, 0.0015454807907229152, 0.014869418157902266, 0.018856051969366516, 0.0033804099093387354, 0.009224759747275707, 0.007025731441416286, -0.00846568435038795, -0.02305572225529825, -0.005967890074604195, 0.0052498165417983415, -0.00019367523262068642, 0.003721727393277384
0.026045363664123702, 0.011691166055801597, -0.004650001963681199, -0.034961705223916555, -0.02895938454605688, -0.008173776764035011, -0.017169527496592816, -0.0027352748189370577, -0.0005747587720642051, 0.017547437528440304, 0.04803144528205844, 0.04129854899286904, 0.029183895435702975, -0.015258342941771986, -0.061315084431940114
-0.0021948704313076786, 0.004131525690691557, 0.0034723993492011018, 0.008238200925881714, 0.0009256181392156675, 0.0006603804293903186, -0.007060947406895338, -0.009887576043237105, -0.006545967767069772, -0.0013627004962740751, -0.0004961509028264406, -0.001539937525910234, 0.0021141908504902756, 0.0036956995572021123, 0.0058501356314477745
0.008280013444096155, 0.006186665743015629, -0.00441578492948712, -0.011857356415177829, -0.0026525181743685122, 0.0026854872646499242, 0.005266327545899372, -0.0016776312940569953, -0.00206818040480295, -0.0005099826956001036, -0.0036933101246377745, -0.00450421969404151, -0.0025719534534917477, 0.007430894291769167, 0.004101548896234288
-0.01854470106140642, -0.007443403691457072, -0.011694101006306804, -0.009181481787313412, 0.005796781863670586, 0.021634570557111824, 0.014831623071281703, 0.006316968407088119, 0.024531166195401338, 0.022470203851674277, -0.0046425601055034215, -0.010516965681223728, -0.0032454169138110694, -0.0207611876232935, -0.00955149607591233
-0.015006399134351096, -0.005391418731715759, 0.006044718932560974, 0.00664697552562059, 0.012117795528922774, 0.003982765861241042, -0.0030256899898857656, -0.011545632114246642, -0.0004218237727239529, 0.004526024802880389, 0.007818781391397299, 0.009388737757686803, 0.0036990616651689174, -0.00441187344796833, -0.014422024274587287
-0.0043803887336299275, -0.0028777433293632137, -0.0013986116331688345, -0.00038246637715154603, 0.0018008698999038815, 0.0022739664176591357, 0.00383743555171959, 0.002806511101667432, 0.0026845509500178877, 0.0029028491146542356, 0.0017507427487660839, 0.00010789063136940173, -0.001843231043548328, -0.00335461565962063, -0.003927759639275204
0.035316630376874644, 0.03182472009991836, 0.025067594148454095, 0.03720364126120717, -0.02373141511767721, -0.04260963567869709, -0.056370388893213316, -0.06662338496643137, -0.04613350905090624, -0.023855931997264643, 0.029474675567549173, 0.016007587997473354, 0.041263213108706384, 0.06755512977759266, -0.02438892663358578
0.0038089057591130593, 0.0020485896194264767, -0.0033556811685580617, -0.007556278674204959, -0.004609324643227352, -0.0021165660939156303, -0.0028318719944216975, 0.003789469487504832, 0.0018329445017157722, 0.0033430389398506188, 0.010423498153526346, 0.008480546208156983, 0.005604376360007338, -0.0013553210889606588, -0.01750632536601309
0.0002333233123296604, -0.0006533444997904026, 0.002009947776978353, 0.002974535741724329, 0.0012631801050239347, 0.0018701325783730737, -0.0010965466549079973, -0.00042893501053853676, -0.001970306460736187, -0.005178871342415824, -0.005558364522242258, -0.0030883592242875835, -0.0014394075051096578, 0.002793155947936001, 0.008269859757663069
0.0018565886779741548, 4.312828196189867e-05, -0.003007135273568844, -0.0069364842900515545, -0.007285253915634535, -0.004574214561295549, -0.0018198652955838139, 0.006326028204021595, 0.003306491117693134, 0.006602986687937482, 0.01551324991424588, 0.014040688770064055, 0.008657827288548414, -0.0042133642293474645, -0.028510671376965405
-0.0240926301977157, -0.0032936911999021704, -0.018967366358459328, -0.010640770181883537, 0.011773424283407122, 0.01649128917263951, 0.010820107910129587, 0.01698957327092639, 0.02882468941620833, 0.023302783428291864, -0.0027242236033475265, 0.0027862696340467574, -0.0057900131077484205, -0.022215986808333713, -0.02326345565825944
-0.012809187748801033, -0.004304352003193699, 0.006167963131557364, 0.006319586187180186, 0.01102054455972246, 0.005512977349715777, 0.0024516426007604912, 0.0016864075760897716, -0.0007457997133035996, -0.005847467658386902, -0.011672692524680632, -0.007959309802790169, 0.0009101228308664305, 0.0029745537207986426, 0.006295011494464779
0.27162228704027264, -0.08028359980400326, -0.06936212839495054, -0.059267877222457535, -0.05110349945525545, -0.0395314002521177, -0.03148134288364508, -0.022514025502752295, -0.012364224906471717, -0.006125723599980041, -0.00020076983590729176, 0.011835036560156456, 0.021443391888582648, 0.028758640809428415, 0.03857523555910044
-0.018487953658601577, -0.004050396341594249, 0.008342872846384464, 0.004229306980517174, 0.006263551434727744, 0.013224394443918737, -0.010062186642408674, 0.00199207285210472, 0.006543433678437986, 0.003886854607558212, -0.01010175548867681, 0.0027922890965810816, 0.015106518626038956, -0.007130186144697229, -0.012548816290290461
-0.008830823672888557, 0.0002248836873820393, 0.0011402896706846487, 0.002871758709605745, 0.0028656889497406324, 0.0037627365458541622, 0.0009566263469434926, -0.0016352244096845242, 0.0027177530218235537, 0.0023882889493013312, -0.002441195872001253, -0.0008967081274239026, 0.003775193643678105, -0.006636178981783012, -0.00026308846123243503
-0.040495423438839426, 0.007790218364426126, 0.013443562478324055, 0.011681922146870844, 0.010093456797682794, 0.007617472433983304, 0.004560963172634012, 0.0021398612415540583, -0.0016868924385088208, -0.0011434023127808268, -0.004789889333359533, -0.001835614087339793, -0.0009270752526238583, -0.002760441608221265, -0.0036887181638016356
-0.03198866517480815, -0.0045750933205359135, -0.021006949065806857, -0.011375952287723732, 0.01234061962551821, 0.021467941271901665, 0.011627752603832022, 0.030524523297587605, 0.034481518101679216, 0.025778884709573006, -0.00655242328918235, -0.0005089425576140728, -0.01151259186957688, -0.023796789636355918, -0.02490383240848768
0.006504460923318245, 0.0058830665094734245, -0.0035260312201805563, -0.019746692720816736, -0.019527436132651683, -0.0036322660855256927, -0.0034551765137423246, 0.004184102389635754, -0.003574221479127985, 0.01368536565246228, 0.03802064649775759, 0.02592773393114021, 0.02469143453380598, -0.00792902773932936, -0.05750595854621918
0.010932995667936504, 0.005738664493250358, 0.006744597795132059, 0.002614467551028488, -0.0012113811461722723, -0.0025042918758996133, -0.005114350916607978, -0.008360678372200966, -0.01189664245765086, -0.012630301828091252, -0.013467253858450733, -0.0069995749922689915, -0.0024665576682169066, 0.011065319550229682, 0.02755498805798227
0.05123635242206917, 0.028502376024809945, 0.0002715237626872748, -0.015995169129800882, -0.0065575933130204616, -0.024971882728532943, -0.03661063809606651, -0.024946538372602294, -0.02355379300122186, -0.019358074821031288, -0.001296496239847235, 0.005573109122740678, 0.02423146841035864, 0.02079935699075421, 0.022675998968703967
-0.12242547397263588, 0.0314774941974971, 0.029827906786331577, 0.02773735271552628, 0.02461568720242785, 0.019349728043704204, 0.016603123801456874, 0.012106855239076609, 0.00810103177913306, 0.003179291643211568, -0.0020238846743228503, -0.005657863735330539, -0.01013352666208372, -0.015340417423542039, -0.017417304940450195
0.01837320768867391, 0.008779580604338082, 0.007629986018827713, 0.006602157503851856, -0.013359983360175897, -0.011047077758206375, -0.0026324889133959215, 0.01311220077297326, -0.004777208896915307, -0.03743432393284226, -0.02952926057992461, -0.019408097954699166, 5.554063700236805e-05, 0.01882014701133437, 0.04481562115915827
-0.03360115749859017, -0.021076782519960827, -0.012085103912852514, 0.011237857436390398, 0.010245718426139642, 0.015771121356096558, 0.038133862926316986, 0.050897294378610944, 0.03650908739684279, -0.002026463942438227, -0.04459577757295849, -0.03281627721914539, -0.038237630216236766, 0.004454950079490264, 0.017189300882294915
-0.00011047018506449932, 1.7180885274589032e-05, 2.733908885407777e-05, 2.7276629688132085e-05, 2.5953087266243135e-05, 2.104472956914074e-05, 2.306806692721898e-05, 1.3306827779381422e-05, 1.1008802701449875e-05, 2.2173760218400857e-07, -9.956932005351732e-06, -1.0463611097130272e-05, -7.843076620169362e-06, -1.1763468809215238e-05, -1.5902582065985395e-05
0.00012568686889342915, 1.0308793882072977e-05, -2.2790808257058945e-05, -2.455228370865289e-05, -3.8882774118337776e-05, -4.352932834876761e-05, -3.0218875408154882e-05, -2.705786268391187e-05, -1.9146386694268822e-05, -1.5236506449676278e-05, -8.360833978060775e-06, 4.733516007119082e-06, 2.136837221617659e-05, 2.924896915126992e-05, 3.842913949666531e-05
-0.0031249083095846917, -0.0010673421549966813, 0.0004616250393921301, 0.001005713537236651, 0.0013862236530975324, 0.0014187479851255904, 0.0011169558498309252, 0.0007913559343037664, 0.00028739273287565516, 5.377542792274389e-05, 3.739069167505786e-05, -0.000154547238013787, -0.0004839923367687988, -0.0007954616850348497, -0.0009329291270612915
-0.022703482256782825, -0.0074326465444980545, -0.0011057489888026063, 0.0076528122445114425, 0.009089823634224696, 0.00394050896764672, 0.013798069689678972, 0.021673823464065572, 0.012447012309807763, -0.0018539484902126294, -0.009557656602502785, -0.014652795839133991, -0.009094800049875892, -0.009936646348136239, 0.00773567481000999
0.0033695513832925025, -0.0032489868189852678, 0.0003645660137562159, 0.003179576151779028, 0.0022531150133283467, -0.001575971487318329, -0.004171966908272144, 0.0007997906915374478, -0.0032927127259006254, 0.0027370219836675685, -0.0010363241349957632, -0.005331018774034374, -0.000297084177626815, 0.0019464607784725834, 0.004303983011299757
-0.003411108586128617, -0.0022835411407296697, -0.0008777112778170587, 0.0005604926023634526, 0.0012608020183109622, 0.0018062165214503768, 0.0023577774569776104, 0.0023302339835942006, 0.001918443476595572, 0.0012839030303308928, 0.0008029801696699331, -0.00010422062965381754, -0.0005896523029742724, -0.0018792848690471226, -0.003175330452942334
-0.001502254909987372, 0.0009090790462390401, 0.0008502753489683333, 0.0010465184536504692, 0.0008564232350873048, -0.0010678555438970074, -0.0006971456136376173, -0.002330025327802282, -0.0006524917270126678, 0.0006500229428889356, 0.0003132754140328093, 0.002001583240211989, 0.0022238913852936134, -0.0006084547908651788, -0.001992841153170302
-0.0019528688599658533, -0.0007877571719451322, 0.00021081349454807422, 0.0012808498321904348, 0.0022004813951680448, 0.0013751858029501197, 0.0004964856982984396, 0.000464900412496946, -0.0004466232116338454, -0.0002069580529578825, -0.0018382529520013823, -0.002173588099752959, -0.0017327191156888964, 0.00040796640727331994, 0.002702084421020463
-0.006806524147198992, -0.004289627564961294, 0.0007512711037046272, 0.0027404440646020905, 0.0023425079463035383, -0.003193628218887214, 0.0029024144299536194, 0.009896508025570275, 0.012779147034694427, 0.00022781394388646605, 0.0024356914807790583, -0.012793467625642282, -0.01246285633169647, 0.0004684590281366081, 0.00500184683075541
-0.035382937647547796, -0.021642578128639463, 0.005819620841574463, 0.026383344876878795, 0.025531339190869088, -0.00691747443197328, 0.011345661941674445, 0.0222987817989094, 0.01814955818936637, -0.005460671065411882, -0.014036779563037583, -0.022257589802660783, -0.0002849444308545622, 0.01864529155943218, -0.022190623328579406
0.008845681192011262, -0.0035723984510334975, 0.001117999677907082, 0.003381410967430348, 0.0017029375101399059, -0.003958598326048686, -0.005990450858505877, 0.0009624978505371269, -0.004518768981650011, 0.0006899837206348608, -0.005481241167805898, -0.00848962119914797, -0.000507502745913956, 0.003845787193206347, 0.011972283618238952
-0.021229281084964614, -0.018568965088779133, -0.007622522535183364, 0.013874637397257625, 0.013286786897666342, 0.010471896388230597, 0.020108730685251475, 0.014597086189552206, 0.0006174009099190506, -0.0022736628875298743, 0.0020223772582144057, -0.0025507910060072535, 0.0025789150343381102, -0.010639701988992785, -0.01467290616897274
-0.0045261345692936905, -0.0009819053576459163, -6.405651763189511e-05, 0.0012486042803592935, 0.001220028282026788, 0.0021206780157296255, 0.00029818489446462314, 0.0006111731000188615, 0.0011492395034268642, 0.0009128485641662535, 0.0012840755724203158, 0.0025466526592308465, 0.002141729302011999, -0.0033047897833344687, -0.00465632794594948
0.20424002163481572, -0.062292691130665157, -0.052458270520742756, -0.0438384769586872, -0.036630307829572877, -0.02864407738336506, -0.020900056043785246, -0.014228438277821174, -0.011592609593834804, -0.010543221639407843, -0.0006218281748932411, 0.008452930395807632, 0.01462556630362534, 0.023215620311689868, 0.031215838906836636
0.007912347693266373, 0.00422708272393254, 0.0023809403045654603, 0.0016886896105995739, 0.000769519287799107, -0.001334960032916326, -0.009125466290362308, -0.014409525734036022, -0.01165317364761034, -0.0021278112086950693, 0.0019254838625262555, 0.00576104273963712, 0.008563468699518921, 0.0037641422522567813, 0.0016582197395179437
-0.016945042218186684, -0.007910701428041105, 0.003311197294878422, 0.007791036141160625, 0.006083829768865633, 0.005272807267513065, 0.00643874380253999, 0.0035279221996669524, 0.002815397798443305, 0.0031787240861970243, 0.0025686031749793496, -0.0004842043845417513, -0.0022855024969639756, -0.006901826160431864, -0.006460984846079025
-0.024203277872029586, 0.01041966463036285, 0.015471471857320073, 0.00883874686249554, 0.011023980522970152, -0.0008538930216800746, -0.022251768360219436, -0.022093839684887834, -0.002564904302492503, 0.013841492994170068, 0.010988535729653899, 0.012516037623058248, 0.010622741652644707, -0.005943149369180828, -0.015811839262185372
-0.02640948192627476, -0.016094675799962762, -0.002999240312375312, 0.009859727279714011, 0.016172643245776913, 0.010761092887114914, 0.04903634970621478, 0.006963813904792853, 0.00337830216476533, -0.005721911818253234, -0.015495230472864607, -0.024958473490461403, -0.022770090647542398, -0.002380077625460013, 0.02065725290481537
-0.011904099521797693, -0.003306138195151796, 0.00215828060065129, 0.004757505420472137, 0.0061236256318768015, 0.0036688794792197584, 0.0037918526651097065, 0.002909574622977699, -0.00015927436700992695, 0.000344238904964793, -0.0018358743892344768, -0.0007829665781704475, -0.00034946891377447077, -0.00392696550810165, -0.0014891698520317503
-0.008970854864202274, -0.005927059544271116, -0.0012630328613735373, 0.0041299329144272486, 0.006248708191908305, 0.0031391099821353155, 0.0039255000512431314, 0.002599721856500849, 0.001590185545634325, -0.00040588139566174835, 0.001035595410053676, 0.005730567295846922, 0.004673440120184992, -0.006162920775235453, -0.01034301192719063
-0.008359110535639654, 7.941268158967799e-05, 0.004752563781535723, 0.0036623618576125984, 0.007111992736101651, 0.0015340283831279298, -0.006083126269609235, -0.010272483742149473, -0.0027220027864187785, 0.00483876640591022, 0.0056851836461233205, 0.005867761281893172, 0.004107830563378754, -0.002096844499094913, -0.008106333504361088
-0.010592170382727053, -0.005638432986790062, -0.003829395234310959, -0.0006322560464451987, 0.002485752570893938, 0.005107656969303004, 0.0058183643954675705, 0.0061865314722596805, 0.008047443489837713, 0.007476998673917094, 0.008226088592099348, 0.003434178724236749, -0.003202202409801463, -0.008653640423265234, -0.014234917404675453
-0.01170478625879244, -0.0061361321612557656, -0.005485390570100867, -0.005271592612396167, 0.0010441273092063972, 0.0025456376488889126, 0.010848229756020471, 0.014815650317569321, 0.012669088559234529, 0.011463413170390426, 0.005479920133332296, 0.004171972588134729, -0.005658684396603625, -0.012848297618110663, -0.01593315586551748
-0.014959028491592212, -0.006137247990295993, -0.0024988207944082073, 0.0007013764756968419, 0.001975416361325345, 0.0055669658995468295, 0.010076737060613261, 0.015284322356758074, 0.007854364425478105, 0.0036984210510704017, -0.00014327020900526468, 0.0007782839358719401, -0.0016934590946729073, -0.00997282322548447, -0.010531237760901658
-0.029246664880082762, 0.0005066551521612228, -0.026406869998544975, -0.01546652288989511, 0.017838929481143646, 0.01795538075383743, 0.010574946243082363, 0.02064303428266526, 0.03607679673542109, 0.028883944415320613, -0.0025286903982318855, 0.003531743635950556, -0.005957961425583376, -0.02865259735772606, -0.02775212374951785
-0.050746884192155554, -0.014377938757178433, 0.010903099219172756, 0.020135778506876978, 0.017808275902736908, 0.016542375021164353, 0.013632677458655132, 0.010756636622441182, 0.0053767454835633045, 0.006073715552739198, 0.0032841781307871264, -0.0035492972727089464, -0.008531026123245506, -0.014339001040005501, -0.012969334512842878
-0.022855634791662475, -0.006360887238015071, 0.0020890602636965704, 0.004076108389132646, 0.008176203352456599, 0.010066767852190305, 0.011022200314280813, 0.009718945197907593, 0.005191626337614993, -0.0025417027716909857, -0.0035201688818941044, -0.002789869197850977, 0.004089546563047072, 2.1288466575436605e-05, -0.016383483855788288
0.034473461807795265, 0.012988321278201093, 0.0031164970647829886, -0.004895366025984477, -0.012359192840497423, -0.020811761549169857, -0.01844703906723589, -0.01559500735410313, -0.013611324820991515, -0.007122021603885575, -0.0025740341656112008, 0.0072492755000148675, 0.012143453681802653, 0.01415302569096747, 0.011291712403914477
0.03002359155137723, 0.017414116378378953, 0.018312226394421486, 0.01581829014663087, -0.0012806287343031292, -0.015697989677377896, -0.034977374495713254, -0.036745951316264194, -0.036749243444688974, -0.025863861019188073, -0.011441165142425531, -0.0018577697485810628, 0.011036547920348876, 0.029746786373604388, 0.042262424813780335
0.03995452452361426, 0.02421801639590948, 0.008828138426795983, -0.006896989095558709, -0.015088175237076435, -0.023376716042558747, -0.02558168422393524, -0.024504316866633805, -0.01639601094369106, -0.012119207188570872, -0.0036738993118393013, -0.0019827972619905912, -0.000942642971049517, 0.014688927644311314, 0.042872832152273256
0.04840006443999769, 0.028868344650715968, 0.010798961854579325, 0.009895544534369001, -0.011570348266006916, -0.03047488648403373, -0.042545406982578526, -0.042452944547586136, -0.03133817207259597, -0.016217441628151086, -0.01630308325741706, 0.002583266856085565, 0.01604135170595374, 0.030679483583650573, 0.04363526561301722
0.011092290030001594, 0.0017976876321162242, 0.01904102936303082, 0.021952506069195524, 0.006601211076708583, -0.011797758522357612, -0.009085074442018545, -0.03457814781156256, -0.0226729526028515, -0.02000880827115385, -0.0004096641158427365, -0.015590469900224543, -0.013118999646149676, 0.016993249825385973, 0.049783901315722134
0.017230906960642597, -0.00831740236710797, -0.007410381504269651, -0.007223192710601921, -0.005401168549904674, -0.0030229907529214, 0.006863862482297088, 0.021744243085938673, 0.0064676158190892785, -0.010384647403500466, -0.009968562193263456, -0.011230012321289725, -0.004650909412483815, 0.005354878671510829, 0.009947760195864245
0.11105243889488796, 0.08077736409217315, 0.05055657195329069, 0.016562296937627057, -0.056918794113936494, -0.08530521013328055, -0.1063439570111326, -0.09734755249504685, -0.07224800743288336, -0.03936931247908384, -0.01702054972537144, 0.009238094801097123, 0.03893735632277099, 0.06824315725858061, 0.09918610313030743
-0.03479016743432459, -0.0076924312683472685, -0.0058782465370382855, -0.007876792880142711, 0.012440849869781122, 0.015332796359857175, 0.024095540281811857, 0.005835800390426154, 0.010508568821083957, 0.022243727475610462, 0.013895275345503205, 0.008122362603145269, 0.007161672441123253, -0.020312544607166694, -0.0430864108613229
0.07784739263191547, 0.026671852899154774, -0.0024395759145622244, -0.02411855625998176, -0.028342184978848557, -0.027187571600120915, -0.02639124588003421, -0.028116159427435655, -0.024293653984491785, -0.016222219304549427, -0.008777664561854515, 0.0034206213203573682, 0.011209566998878524, 0.02333720323890067, 0.04340219482267218
-0.0036878878089653066, -0.0026670907441973205, -0.0009250213131129299, -0.001524662895285655, 0.0030388333145072778, 0.008680998017625046, 0.0009851982357465393, -0.010561596100412407, -0.005170187991969203, 0.0002396907570368147, 0.006680885817375905, 0.009374226711225361, 0.017968002839510114, 0.010746873203222995, -0.033178262042307415
-3.3306690738754696e-16, -3.191891195797325e-16, -3.400058012914542e-16, -3.2612801348363973e-16, -3.400058012914542e-16, -3.2612801348363973e-16, -3.3306690738754696e-16, -3.469446951953614e-16, -3.3306690738754696e-16, -3.2612801348363973e-16, -3.3306690738754696e-16, -3.191891195797325e-16, -3.191891195797325e-16, -3.2612801348363973e-16, -3.400058012914542e-16
-1.7240035696803333e-05, 0.0006100499235268196, -0.0027371998594943985, 0.0053961643680522225, -0.006093950980172054, -0.00785713204606708, 0.003766015394968819, 0.004838754546898044, 0.005119269978463015, 0.006262777801132711, -0.007124787971997755, -0.0001561754260524851, 0.0002667160605525705, -0.00014166784384594998, -0.002131593910267676
0.0007319707589099091, -0.000847423175318527, 0.0018863820006466657, 0.005718719796829995, 0.0053013217030419175, 0.005566906619582899, -0.007576384223631395, -0.008421615948850974, -0.002777742817481152, 0.0067014143491521475, -0.011726122272982639, -0.012720261479213539, -0.006795398467546499, 0.013488873329646213, 0.011469359827215125
0.00019959098478060112, -0.0020421870041129817, -0.0003811214258591277, -0.0006097115138044757, 0.0028295263184059376, 0.0024926086133720705, -0.0033676134398945273, -0.004828254416077306, 0.0023955380967683945, 0.003293057454629321, 0.0024879299805821843, 0.0019174674204886116, 0.0010177496327741509, -0.003533748547111025, -0.0018708321549417836
-0.021637581555691697, -0.008469833209243445, 0.0010106511016562542, 0.006064564142700922, 0.011051656637690387, 0.0020417858143093395, 0.012459686755990504, 0.0203247754875282, 0.013366619187404699, -0.0006917637585012529, -0.008611407237291, -0.018266607182126644, -0.005434375852557349, -0.01327430058730815, 0.010066130255439384
0.0051905171575650395, 0.003247721326966775, 0.00175824783643963, 0.0027675689328685096, -0.001541188220144249, -0.0038936350524634905, -0.005710255762649439, -0.011397804036060296, -0.006278515918780684, -0.001073622709661286, 0.005680778952793691, 0.005715394049234528, 0.005010432870263684, 0.0026404676335088396, -0.002116107059881211